0.0, 0.0, 0.0, 0.0, 1652917727.3260176
2.0, 0.0, 2.0, 2.0, 1652917727.826976
0.0, 0.0, 0.0, 0.0, 1652917728.3279474
0.0, 3.9, 2.0, 2.0, 1652917728.8289104
3.9, 0.0, 5.8, 2.0, 1652917729.3298922
2.0, 0.0, 2.0, 0.0, 1652917729.8308365
0.0, 0.0, 0.0, 0.0, 1652917730.3318002
2.0, 2.0, 0.0, 2.2, 1652917730.8328414
2.2, 0.0, 0.0, 2.0, 1652917731.3338878
2.2, 2.0, 0.0, 2.1, 1652917731.8348465
2.1, 0.0, 0.0, 0.0, 1652917732.335819
0.0, 0.0, 0.0, 2.0, 1652917732.8368676
0.0, 0.0, 0.0, 0.0, 1652917733.3378603
4.3, 2.0, 4.0, 2.1, 1652917733.838807
2.2, 0.0, 0.0, 2.0, 1652917734.3398068
0.0, 0.0, 0.0, 0.0, 1652917734.8409107
2.2, 4.0, 0.0, 2.1, 1652917735.3419511
4.2, 2.0, 2.0, 4.3, 1652917735.8429475
0.0, 0.0, 0.0, 0.0, 1652917736.343905
0.0, 0.0, 0.0, 0.0, 1652917736.84489
0.0, 0.0, 0.0, 0.0, 1652917737.3458521
2.3, 0.0, 6.0, 2.0, 1652917737.8467672
2.3, 0.0, 0.0, 2.0, 1652917738.347725
4.7, 6.1, 2.1, 4.2, 1652917738.848788
8.7, 2.2, 2.1, 0.0, 1652917739.3498197
2.4, 6.4, 4.1, 8.2, 1652917739.8507845
0.0, 4.2, 2.1, 7.8, 1652917740.3517284
10.9, 0.0, 0.0, 2.3, 1652917740.8528252
2.3, 0.0, 4.1, 0.0, 1652917741.3538213
4.5, 0.0, 2.0, 2.1, 1652917741.8547597
6.7, 2.1, 0.0, 0.0, 1652917742.3557327
0.0, 0.0, 0.0, 2.0, 1652917742.8567638
0.0, 0.0, 0.0, 0.0, 1652917743.3578048
0.0, 2.0, 0.0, 2.0, 1652917743.8587704
5.9, 0.0, 0.0, 3.9, 1652917744.3597763
9.3, 4.1, 0.0, 0.0, 1652917744.8608823
15.2, 6.3, 2.1, 4.2, 1652917745.3620894
15.9, 4.2, 2.1, 6.1, 1652917745.8630211
17.4, 2.1, 4.1, 2.1, 1652917746.364074
19.6, 6.1, 4.1, 4.2, 1652917746.8652303
15.6, 2.1, 2.1, 0.0, 1652917747.3661816
18.8, 2.1, 6.0, 2.1, 1652917747.8671045
15.2, 2.1, 2.1, 2.1, 1652917748.3680782
7.1, 6.0, 4.1, 4.2, 1652917748.869243
16.7, 4.3, 2.1, 11.8, 1652917749.370479
0.0, 2.0, 0.0, 0.0, 1652917749.8714764
2.0, 2.0, 0.0, 2.0, 1652917750.3724287
4.0, 0.0, 0.0, 4.1, 1652917750.8733463
14.6, 6.0, 0.0, 4.3, 1652917751.3741517
32.7, 8.3, 6.1, 8.5, 1652917751.8751106
30.8, 10.0, 6.0, 7.8, 1652917752.3761528
33.9, 8.2, 4.1, 2.1, 1652917752.8771615
28.0, 6.3, 4.1, 4.2, 1652917753.3780348
29.4, 8.3, 6.0, 9.8, 1652917753.878952
34.5, 10.0, 2.1, 4.2, 1652917754.3799472
26.5, 6.3, 2.1, 8.0, 1652917754.880959
24.5, 2.2, 2.1, 4.2, 1652917755.381938
30.8, 6.4, 2.1, 4.3, 1652917755.882818
13.7, 4.0, 5.9, 4.0, 1652917756.3837938
0.0, 0.0, 0.0, 0.0, 1652917756.884823
0.0, 2.0, 0.0, 0.0, 1652917757.3858423
2.0, 0.0, 0.0, 0.0, 1652917757.8867803
47.6, 6.2, 4.2, 6.4, 1652917758.3877647
48.4, 12.0, 4.2, 16.0, 1652917758.8888223
49.2, 16.0, 4.3, 20.8, 1652917759.3899136
49.2, 6.4, 8.2, 14.0, 1652917759.8908687
47.6, 6.4, 8.0, 10.4, 1652917760.391959
45.9, 10.2, 2.1, 16.3, 1652917760.893156
45.2, 13.5, 4.2, 10.4, 1652917761.394229
44.1, 4.3, 6.1, 10.2, 1652917761.8951647
41.4, 13.7, 4.1, 10.2, 1652917762.3961475
46.0, 10.0, 6.1, 6.4, 1652917762.8971035
3.8, 0.0, 0.0, 0.0, 1652917763.3980615
0.0, 2.0, 0.0, 2.0, 1652917763.899037
3.9, 3.9, 2.0, 5.8, 1652917764.4000506
32.8, 0.0, 2.1, 2.1, 1652917764.9010649
57.7, 10.0, 8.2, 10.4, 1652917765.4021106
57.1, 8.3, 6.4, 16.3, 1652917765.9030628
56.1, 10.0, 12.0, 15.7, 1652917766.404024
57.7, 4.3, 6.3, 13.7, 1652917766.9051244
58.6, 8.3, 4.3, 14.0, 1652917767.406089
57.1, 6.3, 8.2, 6.3, 1652917767.9070942
55.9, 4.3, 6.3, 6.4, 1652917768.4080586
57.7, 6.3, 10.0, 8.3, 1652917768.9090712
55.9, 10.0, 8.3, 17.3, 1652917769.4101875
33.3, 4.1, 2.1, 2.1, 1652917769.9114692
2.0, 0.0, 0.0, 2.0, 1652917770.4124823
0.0, 2.0, 0.0, 0.0, 1652917770.9134073
0.0, 0.0, 0.0, 0.0, 1652917771.4143322
60.6, 6.5, 4.3, 6.4, 1652917771.9153035
61.4, 6.5, 10.0, 8.2, 1652917772.4162357
62.5, 4.4, 6.1, 4.3, 1652917772.9173396
61.6, 12.2, 10.0, 13.5, 1652917773.418088
60.6, 10.4, 12.0, 10.2, 1652917773.9190936
61.4, 12.5, 4.2, 4.3, 1652917774.4200275
62.0, 12.2, 12.0, 13.7, 1652917774.921398
62.5, 10.4, 6.1, 8.2, 1652917775.422549
63.0, 12.2, 8.3, 10.0, 1652917775.9234679
63.0, 10.4, 10.0, 10.2, 1652917776.424384
2.0, 0.0, 0.0, 0.0, 1652917776.925325
0.0, 0.0, 0.0, 0.0, 1652917777.4262738
0.0, 0.0, 2.0, 2.0, 1652917777.927202
32.8, 0.0, 2.1, 0.0, 1652917778.4281764
63.4, 14.9, 10.2, 14.6, 1652917778.929302
65.8, 18.8, 17.3, 14.6, 1652917779.4301653
62.9, 13.0, 4.3, 12.5, 1652917779.9312031
63.4, 20.4, 8.3, 12.8, 1652917780.4321592
64.8, 19.6, 13.7, 9.3, 1652917780.9332433
66.7, 13.0, 10.2, 11.4, 1652917781.4344563
63.4, 18.4, 8.2, 10.6, 1652917781.935419
64.9, 14.6, 4.3, 10.4, 1652917782.4363325
62.5, 16.7, 8.2, 13.7, 1652917782.9374714
41.3, 6.4, 4.2, 4.2, 1652917783.4384773
0.0, 2.0, 0.0, 2.0, 1652917783.939521
2.0, 2.0, 0.0, 2.0, 1652917784.4405062
0.0, 0.0, 0.0, 0.0, 1652917784.941435
60.6, 13.0, 4.3, 8.5, 1652917785.4425292
68.6, 17.0, 10.2, 12.5, 1652917785.9435241
67.1, 4.8, 10.2, 10.6, 1652917786.4446387
68.1, 11.4, 4.3, 10.4, 1652917786.9458094
66.2, 12.8, 8.3, 13.7, 1652917787.446853
66.7, 13.0, 10.2, 6.5, 1652917787.94785
66.7, 9.1, 8.3, 12.2, 1652917788.4489555
67.1, 14.6, 10.0, 12.2, 1652917788.9500818
66.7, 13.0, 15.7, 16.0, 1652917789.4510465
65.7, 9.1, 8.2, 12.2, 1652917789.9520195
7.8, 3.9, 4.0, 0.0, 1652917790.4530475
5.9, 0.0, 0.0, 0.0, 1652917790.9540472
0.0, 2.0, 0.0, 0.0, 1652917791.4549751
32.1, 2.2, 6.1, 2.1, 1652917791.955925
70.1, 4.7, 12.5, 6.5, 1652917792.456958
70.4, 11.1, 10.6, 6.5, 1652917792.9580727
69.1, 14.6, 12.5, 8.7, 1652917793.4590967
70.0, 18.4, 14.6, 12.8, 1652917793.9601574
71.4, 20.0, 12.5, 12.5, 1652917794.4613605
69.6, 8.9, 10.4, 4.4, 1652917794.9624317
69.6, 14.6, 14.3, 12.5, 1652917795.4633691
69.0, 19.6, 12.5, 8.9, 1652917795.9643319
67.6, 10.9, 14.3, 7.0, 1652917796.4655445
45.9, 8.3, 8.0, 6.1, 1652917796.9668267
2.0, 0.0, 0.0, 2.0, 1652917797.4677844
0.0, 0.0, 2.0, 0.0, 1652917797.9687526
0.0, 2.0, 0.0, 0.0, 1652917798.469672
64.5, 8.9, 8.7, 4.5, 1652917798.9707315
72.7, 25.5, 20.0, 12.5, 1652917799.471676
72.3, 11.4, 8.5, 16.3, 1652917799.9727962
72.5, 13.0, 14.0, 10.6, 1652917800.473943
70.1, 10.9, 16.0, 14.9, 1652917800.9749916
70.1, 9.1, 4.3, 8.5, 1652917801.4759912
70.1, 8.9, 8.5, 4.3, 1652917801.9770133
69.6, 6.8, 4.3, 6.4, 1652917802.4781244
69.1, 4.5, 4.3, 4.3, 1652917802.9792335
69.6, 6.7, 4.3, 4.3, 1652917803.4802463
13.5, 0.0, 2.0, 5.9, 1652917803.9812267
2.0, 2.0, 2.0, 0.0, 1652917804.482226
0.0, 0.0, 0.0, 0.0, 1652917804.983169
31.5, 4.2, 0.0, 0.0, 1652917805.4841013
76.2, 4.8, 4.5, 9.1, 1652917805.985156
75.4, 10.9, 6.5, 11.1, 1652917806.4862175
73.8, 6.8, 8.5, 10.6, 1652917806.987224
73.4, 8.7, 8.5, 4.5, 1652917807.488159
73.1, 6.7, 10.2, 12.8, 1652917807.9892797
73.8, 2.3, 10.2, 2.3, 1652917808.4903293
75.0, 8.7, 8.5, 16.7, 1652917808.9912858
74.2, 13.0, 10.4, 14.9, 1652917809.4922953
74.2, 4.5, 10.4, 6.7, 1652917809.993355
54.1, 4.3, 4.2, 8.5, 1652917810.4944155
0.0, 2.0, 0.0, 0.0, 1652917810.9953618
0.0, 0.0, 0.0, 2.1, 1652917811.4963105
2.0, 0.0, 0.0, 2.0, 1652917811.9972827
65.6, 4.8, 4.3, 4.5, 1652917812.4984214
77.8, 5.0, 2.2, 6.7, 1652917812.9995234
77.0, 9.3, 4.3, 8.9, 1652917813.500638
76.9, 11.6, 6.4, 4.7, 1652917814.0016644
76.2, 16.7, 4.3, 10.6, 1652917814.502764
76.9, 7.0, 4.3, 8.7, 1652917815.003888
75.0, 9.1, 4.3, 6.7, 1652917815.504891
75.4, 4.9, 6.3, 8.9, 1652917816.0060432
72.3, 7.0, 4.3, 4.5, 1652917816.5067961
73.8, 9.1, 8.2, 6.7, 1652917817.00781
17.3, 2.0, 2.0, 2.0, 1652917817.50876
2.0, 0.0, 0.0, 0.0, 1652917818.009791
0.0, 3.9, 0.0, 2.0, 1652917818.5107598
23.5, 2.1, 8.0, 4.3, 1652917819.0116956
83.3, 13.3, 9.3, 13.6, 1652917819.5127604
80.3, 4.7, 6.8, 4.8, 1652917820.0139596
77.0, 6.8, 10.9, 11.6, 1652917820.5151584
78.7, 8.9, 6.7, 14.0, 1652917821.0161414
77.8, 14.6, 8.7, 9.1, 1652917821.5171716
80.3, 4.5, 4.5, 4.7, 1652917822.0182319
79.4, 7.0, 8.9, 11.4, 1652917822.519236
78.3, 6.7, 6.7, 6.8, 1652917823.020396
77.8, 8.9, 12.5, 9.1, 1652917823.521834
60.3, 12.2, 10.6, 11.1, 1652917824.022902
2.0, 0.0, 0.0, 2.0, 1652917824.5238686
0.0, 0.0, 0.0, 0.0, 1652917825.0248988
2.0, 2.0, 2.0, 2.0, 1652917825.5259922
66.1, 0.0, 4.3, 2.6, 1652917826.026977
84.5, 9.1, 6.5, 10.0, 1652917826.527959
82.0, 4.7, 4.3, 7.1, 1652917827.0290082
80.6, 2.4, 4.3, 11.4, 1652917827.530218
80.0, 4.8, 8.5, 9.5, 1652917828.0312302
80.0, 6.7, 6.4, 9.3, 1652917828.532222
79.0, 9.1, 4.3, 11.4, 1652917829.0333157
78.3, 6.8, 8.5, 17.4, 1652917829.5344694
79.7, 10.9, 8.5, 11.4, 1652917830.0357878
80.0, 12.8, 6.4, 11.6, 1652917830.5372758
24.5, 6.0, 2.0, 4.3, 1652917831.038229
2.0, 0.0, 2.0, 0.0, 1652917831.539158
2.0, 2.0, 2.0, 0.0, 1652917832.040138
16.3, 0.0, 0.0, 2.0, 1652917832.5411499
86.2, 7.0, 4.8, 4.5, 1652917833.042225
84.5, 7.0, 2.4, 2.3, 1652917833.5434546
84.5, 9.1, 8.9, 6.8, 1652917834.0446398
83.1, 7.0, 4.7, 2.3, 1652917834.5456798
86.2, 7.0, 4.7, 4.4, 1652917835.0467818
83.1, 4.8, 6.8, 6.7, 1652917835.547886
85.0, 7.0, 10.9, 4.3, 1652917836.0489297
85.7, 16.7, 7.0, 10.9, 1652917836.5499337
84.7, 4.7, 2.3, 0.0, 1652917837.0510361
71.4, 4.5, 4.5, 4.3, 1652917837.5519803
0.0, 0.0, 0.0, 3.9, 1652917838.0529644
2.0, 0.0, 2.0, 0.0, 1652917838.5539618
0.0, 0.0, 0.0, 0.0, 1652917839.0549054
64.8, 7.1, 8.7, 6.7, 1652917839.5559657
88.9, 5.0, 4.8, 0.0, 1652917840.0570562
89.5, 14.3, 11.4, 17.0, 1652917840.5582178
87.7, 7.3, 14.6, 7.3, 1652917841.059447
84.2, 7.1, 4.7, 9.3, 1652917841.5604775
88.9, 9.8, 11.1, 9.1, 1652917842.0615773
89.3, 7.3, 9.1, 4.5, 1652917842.5626757
86.2, 5.0, 6.7, 2.3, 1652917843.0637305
87.7, 4.9, 4.7, 2.3, 1652917843.564817
89.3, 7.5, 6.8, 8.9, 1652917844.065881
32.1, 2.1, 2.1, 6.0, 1652917844.566865
0.0, 0.0, 0.0, 0.0, 1652917845.0678172
0.0, 2.0, 2.0, 0.0, 1652917845.5687282
12.2, 0.0, 0.0, 0.0, 1652917846.06983
94.3, 5.0, 2.3, 8.9, 1652917846.5709383
92.7, 7.1, 0.0, 4.5, 1652917847.0720193
94.2, 4.9, 6.4, 6.7, 1652917847.5731354
100.0, 7.3, 6.5, 8.7, 1652917848.0742834
96.1, 7.1, 0.0, 2.3, 1652917848.5753427
92.6, 4.9, 4.3, 8.9, 1652917849.0764987
90.9, 11.6, 2.3, 8.9, 1652917849.5775297
94.2, 4.9, 6.4, 2.4, 1652917850.0786412
92.6, 4.9, 4.3, 2.4, 1652917850.5798774
78.8, 4.8, 2.2, 4.7, 1652917851.0808728
0.0, 0.0, 2.0, 0.0, 1652917851.5818422
2.0, 3.9, 3.9, 2.0, 1652917852.0827572
0.0, 0.0, 0.0, 2.0, 1652917852.5837092
60.8, 2.2, 0.0, 0.0, 1652917853.0849116
96.1, 0.0, 2.4, 10.3, 1652917853.5859532
92.6, 9.3, 9.1, 12.5, 1652917854.0871303
98.0, 6.8, 12.8, 5.3, 1652917854.5879722
94.3, 4.8, 2.4, 10.0, 1652917855.0892215
94.2, 9.3, 4.8, 13.2, 1652917855.5900283
96.2, 4.8, 4.7, 12.8, 1652917856.0911298
96.1, 4.7, 6.8, 15.4, 1652917856.5923445
96.1, 7.0, 4.7, 5.3, 1652917857.09383
94.3, 6.8, 4.7, 14.6, 1652917857.5949953
39.2, 2.2, 0.0, 4.3, 1652917858.0961623
0.0, 0.0, 0.0, 2.0, 1652917858.5971484
0.0, 0.0, 0.0, 0.0, 1652917859.0981207
15.1, 4.1, 2.0, 2.0, 1652917859.5991511
94.1, 13.6, 4.4, 12.2, 1652917860.1001818
96.1, 7.3, 4.4, 7.9, 1652917860.6014626
98.0, 17.8, 6.7, 12.8, 1652917861.1026103
100.0, 7.3, 4.4, 7.9, 1652917861.603828
94.1, 4.9, 2.3, 2.6, 1652917862.1050594
98.0, 4.9, 6.5, 7.5, 1652917862.6061952
96.1, 4.9, 4.3, 5.1, 1652917863.1074402
96.2, 5.0, 4.4, 2.6, 1652917863.6085951
96.2, 11.9, 10.4, 11.9, 1652917864.109872
88.0, 4.8, 2.2, 9.5, 1652917864.6109433
0.0, 0.0, 0.0, 0.0, 1652917865.1118827
2.0, 0.0, 0.0, 3.8, 1652917865.6128569
0.0, 0.0, 0.0, 0.0, 1652917866.1138926
55.8, 4.5, 2.1, 6.8, 1652917866.6150563
98.0, 0.0, 2.3, 5.1, 1652917867.1162553
98.0, 5.3, 4.4, 5.4, 1652917867.6175656
100.0, 12.5, 4.4, 16.3, 1652917868.118832
98.0, 2.7, 6.4, 5.1, 1652917868.6198552
98.0, 12.5, 4.4, 12.8, 1652917869.1207201
96.1, 16.7, 6.7, 12.2, 1652917869.6218858
100.0, 2.8, 2.2, 7.9, 1652917870.122953
100.0, 12.5, 6.5, 8.1, 1652917870.6241603
98.0, 8.1, 6.8, 13.5, 1652917871.1252987
46.0, 0.0, 2.1, 8.9, 1652917871.626304
0.0, 2.0, 0.0, 0.0, 1652917872.127262
0.0, 0.0, 0.0, 0.0, 1652917872.6282187
4.0, 0.0, 0.0, 0.0, 1652917873.1292765
100.0, 4.7, 2.4, 7.0, 1652917873.630381
100.0, 6.8, 2.3, 7.0, 1652917874.131456
100.0, 6.8, 4.5, 4.8, 1652917874.6324434
100.0, 4.5, 2.3, 2.4, 1652917875.1334724
100.0, 6.8, 4.7, 4.8, 1652917875.634617
100.0, 4.7, 4.5, 9.3, 1652917876.1357493
100.0, 2.4, 10.6, 9.3, 1652917876.6368124
100.0, 4.7, 6.7, 0.0, 1652917877.137929
100.0, 4.7, 2.3, 4.8, 1652917877.6390374
96.0, 2.3, 6.7, 2.4, 1652917878.1400788
0.0, 0.0, 0.0, 2.0, 1652917878.6410334
3.9, 2.0, 0.0, 4.0, 1652917879.1419694
2.0, 3.9, 0.0, 2.0, 1652917879.6429007
52.0, 0.0, 4.4, 2.3, 1652917880.144023
100.0, 10.0, 2.6, 15.0, 1652917880.6452844
100.0, 9.8, 12.2, 10.3, 1652917881.1464946
100.0, 9.5, 7.3, 7.5, 1652917881.6476257
100.0, 5.1, 5.0, 7.5, 1652917882.1488373
100.0, 11.9, 9.5, 5.0, 1652917882.6500497
100.0, 7.3, 2.6, 5.0, 1652917883.1511772
100.0, 2.6, 5.0, 5.0, 1652917883.6524637
100.0, 11.6, 10.0, 9.8, 1652917884.1536734
100.0, 2.5, 7.3, 13.6, 1652917884.6548405
51.0, 4.3, 2.2, 2.2, 1652917885.155899
0.0, 0.0, 2.0, 0.0, 1652917885.6568086
2.0, 2.0, 0.0, 0.0, 1652917886.1578128
2.0, 0.0, 0.0, 0.0, 1652917886.6588395
100.0, 14.6, 2.2, 9.8, 1652917887.1601007
100.0, 5.4, 4.3, 2.6, 1652917887.6612885
100.0, 10.3, 2.2, 5.0, 1652917888.1624477
100.0, 0.0, 2.2, 5.1, 1652917888.6631248
98.0, 10.3, 4.3, 10.0, 1652917889.1645515
100.0, 8.1, 4.3, 9.8, 1652917889.665875
100.0, 5.3, 2.2, 9.5, 1652917890.166972
100.0, 7.9, 2.2, 12.5, 1652917890.6681592
100.0, 12.8, 6.5, 10.3, 1652917891.1692655
100.0, 5.4, 4.3, 5.3, 1652917891.6703212
0.0, 2.0, 0.0, 0.0, 1652917892.171329
0.0, 0.0, 0.0, 0.0, 1652917892.6722987
0.0, 0.0, 0.0, 0.0, 1652917893.1732967
0.0, 0.0, 0.0, 0.0, 1652917893.67427