2.0, 2.0, 2.0, 2.0, 1652916005.8907502
0.0, 0.0, 2.0, 0.0, 1652916006.3917274
0.0, 0.0, 0.0, 0.0, 1652916006.8926926
0.0, 0.0, 0.0, 0.0, 1652916007.3936834
0.0, 2.0, 2.0, 0.0, 1652916007.8947122
2.0, 2.0, 0.0, 2.0, 1652916008.3957105
0.0, 0.0, 0.0, 0.0, 1652916008.8966155
3.9, 0.0, 2.0, 2.0, 1652916009.3975754
0.0, 2.0, 2.0, 2.0, 1652916009.8986175
2.0, 0.0, 0.0, 0.0, 1652916010.3996305
0.0, 0.0, 0.0, 0.0, 1652916010.9006248
0.0, 2.0, 0.0, 0.0, 1652916011.4015467
4.2, 0.0, 2.0, 2.1, 1652916011.9024687
2.1, 5.9, 0.0, 0.0, 1652916012.4034111
0.0, 0.0, 0.0, 0.0, 1652916012.9044614
0.0, 2.0, 0.0, 0.0, 1652916013.4053798
0.0, 0.0, 0.0, 2.0, 1652916013.906338
4.2, 2.0, 2.0, 0.0, 1652916014.407289
4.3, 0.0, 0.0, 2.1, 1652916014.9082644
0.0, 2.1, 0.0, 0.0, 1652916015.4092038
0.0, 0.0, 0.0, 2.0, 1652916015.9101486
2.0, 2.0, 0.0, 0.0, 1652916016.4110882
0.0, 0.0, 0.0, 0.0, 1652916016.9120855
2.0, 0.0, 0.0, 0.0, 1652916017.413009
2.1, 0.0, 4.0, 4.0, 1652916017.913942
2.3, 4.1, 0.0, 0.0, 1652916018.4148886
0.0, 0.0, 0.0, 0.0, 1652916018.915815
2.3, 0.0, 0.0, 2.1, 1652916019.416798
2.3, 0.0, 6.0, 2.1, 1652916019.9177516
2.3, 2.1, 2.1, 0.0, 1652916020.4187574
2.3, 0.0, 0.0, 0.0, 1652916020.9197128
2.3, 4.1, 2.1, 6.0, 1652916021.4207742
0.0, 2.1, 0.0, 0.0, 1652916021.9217675
2.3, 2.1, 0.0, 2.0, 1652916022.4226937
0.0, 0.0, 0.0, 0.0, 1652916022.9236474
0.0, 2.0, 2.0, 0.0, 1652916023.4245477
3.9, 0.0, 0.0, 0.0, 1652916023.9255009
0.0, 0.0, 3.9, 2.0, 1652916024.4260154
2.5, 2.1, 0.0, 4.2, 1652916024.9269297
2.4, 2.1, 2.1, 0.0, 1652916025.4278247
2.5, 0.0, 2.1, 4.4, 1652916025.9289694
0.0, 0.0, 2.1, 2.2, 1652916026.4300578
0.0, 0.0, 0.0, 0.0, 1652916026.931017
0.0, 0.0, 0.0, 2.1, 1652916027.4319706
4.8, 2.1, 2.1, 2.1, 1652916027.932999
2.4, 0.0, 0.0, 2.1, 1652916028.4339843
2.4, 0.0, 0.0, 2.1, 1652916028.934915
0.0, 0.0, 2.1, 0.0, 1652916029.435935
0.0, 2.0, 2.0, 2.0, 1652916029.936883
0.0, 0.0, 2.0, 0.0, 1652916030.4378617
2.0, 0.0, 0.0, 0.0, 1652916030.9389164
2.3, 2.1, 0.0, 0.0, 1652916031.4398708
5.1, 4.3, 0.0, 0.0, 1652916031.940983
0.0, 2.2, 0.0, 2.1, 1652916032.4419777
5.0, 2.2, 0.0, 2.1, 1652916032.9429028
2.6, 0.0, 2.1, 0.0, 1652916033.4438384
2.6, 2.2, 0.0, 0.0, 1652916033.9448674
7.5, 2.2, 0.0, 2.1, 1652916034.445923
5.0, 4.3, 0.0, 8.2, 1652916034.9468646
2.6, 2.2, 2.1, 0.0, 1652916035.4477816
2.6, 2.2, 2.1, 0.0, 1652916035.9491928
0.0, 0.0, 0.0, 2.1, 1652916036.450265
0.0, 0.0, 2.0, 2.0, 1652916036.9512243
0.0, 0.0, 0.0, 0.0, 1652916037.4522905
3.9, 0.0, 0.0, 0.0, 1652916037.9532578
2.8, 2.2, 0.0, 2.2, 1652916038.4539917
12.5, 2.2, 6.4, 8.5, 1652916038.9549277
5.3, 2.2, 0.0, 2.2, 1652916039.4558632
10.5, 4.3, 4.3, 2.2, 1652916039.9569008
10.3, 8.2, 4.3, 6.5, 1652916040.4579902
12.5, 0.0, 0.0, 2.4, 1652916040.9588997
10.3, 8.5, 4.3, 4.8, 1652916041.4599073
14.6, 0.0, 4.3, 4.4, 1652916041.9610498
5.3, 6.3, 4.3, 2.2, 1652916042.462036
7.9, 0.0, 0.0, 0.0, 1652916042.9629555
0.0, 0.0, 2.0, 2.0, 1652916043.4639332
0.0, 5.8, 0.0, 0.0, 1652916043.9649162
0.0, 2.0, 2.0, 2.0, 1652916044.465906
10.6, 4.3, 2.1, 2.1, 1652916044.966822
17.5, 8.7, 2.2, 4.4, 1652916045.4677656
17.1, 6.7, 2.1, 6.4, 1652916045.9689386
22.7, 8.9, 2.2, 2.3, 1652916046.4701216
23.3, 2.3, 0.0, 6.4, 1652916046.9710782
15.0, 10.9, 6.1, 4.4, 1652916047.4720352
19.5, 10.9, 2.2, 8.5, 1652916047.9731636
19.5, 4.7, 2.2, 6.5, 1652916048.4740982
17.1, 8.7, 4.3, 6.5, 1652916048.975025
12.5, 0.0, 0.0, 4.3, 1652916049.4759424
7.0, 8.2, 2.1, 2.2, 1652916049.9769306
2.0, 0.0, 2.0, 0.0, 1652916050.4778762
0.0, 0.0, 0.0, 4.1, 1652916050.9788465
0.0, 0.0, 2.0, 0.0, 1652916051.479782
29.8, 2.2, 4.4, 6.7, 1652916051.9808335
35.4, 8.7, 6.5, 10.4, 1652916052.4820077
42.3, 4.4, 10.4, 10.4, 1652916052.9829774
36.7, 10.4, 2.3, 10.4, 1652916053.4838872
40.0, 16.0, 6.7, 12.5, 1652916053.9851778
31.1, 6.5, 12.2, 10.4, 1652916054.486172
33.3, 12.5, 8.7, 8.7, 1652916054.9870844
34.8, 14.3, 6.5, 4.7, 1652916055.4882352
34.8, 8.7, 6.7, 10.9, 1652916055.9894633
32.6, 10.6, 6.5, 10.9, 1652916056.4904919
4.0, 0.0, 2.0, 0.0, 1652916056.9914277
0.0, 0.0, 0.0, 0.0, 1652916057.4923735
0.0, 0.0, 0.0, 2.0, 1652916057.9933484
16.0, 4.0, 6.1, 0.0, 1652916058.494261
42.0, 6.5, 10.9, 10.4, 1652916058.9951837
49.1, 4.4, 4.5, 8.5, 1652916059.496222
50.0, 18.0, 9.1, 16.3, 1652916059.9973626
50.0, 8.5, 6.7, 10.9, 1652916060.4981406
53.4, 14.3, 8.9, 13.0, 1652916060.9991293
48.1, 14.3, 2.4, 10.6, 1652916061.5001738
51.9, 6.7, 12.8, 10.6, 1652916062.0012362
47.1, 8.5, 2.3, 6.5, 1652916062.5022206
44.0, 8.7, 8.9, 10.4, 1652916063.0031765
32.1, 8.0, 2.2, 6.1, 1652916063.5041456
2.0, 0.0, 0.0, 0.0, 1652916064.0051203
2.0, 0.0, 2.0, 2.0, 1652916064.5060904
0.0, 5.8, 3.9, 0.0, 1652916065.0070648
46.4, 4.3, 4.4, 2.3, 1652916065.5079634
54.5, 12.5, 4.8, 13.0, 1652916066.009046
56.9, 8.5, 14.9, 16.3, 1652916066.510155
55.4, 12.2, 12.8, 6.7, 1652916067.0111468
55.4, 2.3, 8.9, 14.6, 1652916067.5122006
56.9, 16.0, 14.9, 14.3, 1652916068.013278
59.7, 8.5, 4.7, 13.0, 1652916068.5143194
55.4, 10.4, 8.9, 12.8, 1652916069.0153437
50.9, 4.4, 8.9, 14.3, 1652916069.5165858
56.7, 8.5, 6.8, 8.7, 1652916070.0178554
13.5, 4.0, 6.0, 0.0, 1652916070.518868
0.0, 0.0, 0.0, 2.1, 1652916071.0198858
0.0, 0.0, 0.0, 0.0, 1652916071.5208402
18.0, 4.1, 6.0, 4.2, 1652916072.021929
63.3, 9.1, 4.7, 2.2, 1652916072.522917
65.2, 8.9, 4.7, 10.4, 1652916073.0238748
60.3, 7.0, 4.7, 6.4, 1652916073.5251799
66.2, 16.7, 9.1, 14.3, 1652916074.0264058
63.9, 14.9, 10.9, 8.5, 1652916074.527487
64.5, 11.1, 9.3, 14.3, 1652916075.0286722
59.3, 12.8, 10.6, 6.4, 1652916075.5298882
64.5, 11.1, 9.1, 10.9, 1652916076.0310082
59.7, 14.6, 8.7, 15.7, 1652916076.5319695
49.1, 8.5, 6.4, 10.4, 1652916077.033036
0.0, 0.0, 0.0, 0.0, 1652916077.53402
2.0, 0.0, 0.0, 0.0, 1652916078.0349376
3.9, 2.0, 2.0, 0.0, 1652916078.5358522
51.9, 4.3, 6.5, 9.1, 1652916079.0370262
63.3, 6.5, 10.6, 11.4, 1652916079.5380993
66.1, 6.5, 8.7, 17.0, 1652916080.0390863
65.0, 8.5, 6.7, 7.1, 1652916080.5401905
67.7, 6.5, 4.4, 9.8, 1652916081.0413811
66.7, 8.5, 8.5, 11.4, 1652916081.5424254
65.0, 10.4, 6.7, 15.2, 1652916082.0433614
65.1, 2.3, 6.5, 14.9, 1652916082.544429
66.1, 8.3, 6.5, 11.1, 1652916083.0456066
63.3, 4.3, 4.4, 7.0, 1652916083.5467644
15.4, 7.8, 5.9, 2.1, 1652916084.0477974
2.0, 0.0, 0.0, 0.0, 1652916084.5487907
0.0, 0.0, 0.0, 2.0, 1652916085.0498023
19.2, 4.2, 0.0, 0.0, 1652916085.5507898
66.1, 9.3, 7.1, 9.3, 1652916086.0517075
67.2, 19.1, 13.3, 11.4, 1652916086.5526943
68.7, 13.0, 11.4, 10.6, 1652916087.0538204
66.7, 13.3, 7.0, 4.5, 1652916087.5548599
68.3, 13.0, 11.4, 10.9, 1652916088.0558238
67.2, 11.4, 4.8, 10.6, 1652916088.5569391
65.0, 14.9, 16.0, 16.3, 1652916089.0580153
66.2, 6.8, 6.8, 6.5, 1652916089.559051
64.4, 9.1, 6.7, 2.3, 1652916090.0601194
49.1, 12.2, 4.4, 12.5, 1652916090.5611596
2.0, 0.0, 0.0, 0.0, 1652916091.0620759
0.0, 0.0, 0.0, 0.0, 1652916091.5630538
0.0, 2.0, 0.0, 0.0, 1652916092.063991
50.9, 2.2, 0.0, 4.5, 1652916092.5651417
73.3, 4.8, 4.8, 19.6, 1652916093.0662909
71.7, 10.9, 0.0, 7.1, 1652916093.5672805
74.2, 17.0, 4.9, 11.9, 1652916094.0684936
72.1, 9.1, 7.0, 11.6, 1652916094.5696666
71.2, 14.9, 13.3, 15.9, 1652916095.0706556
69.5, 6.8, 4.7, 9.3, 1652916095.5715868
68.9, 12.5, 4.8, 15.6, 1652916096.072795
67.8, 12.8, 4.7, 17.0, 1652916096.5739937
67.2, 8.7, 2.3, 13.3, 1652916097.075118
27.3, 6.0, 2.1, 4.1, 1652916097.576084
0.0, 2.0, 2.0, 0.0, 1652916098.0770593
2.0, 0.0, 2.0, 0.0, 1652916098.5780182
15.7, 2.1, 0.0, 0.0, 1652916099.0790565
72.1, 14.0, 12.2, 8.9, 1652916099.5800843
73.8, 15.9, 11.9, 12.5, 1652916100.08109
71.0, 15.9, 9.5, 9.1, 1652916100.5821316
70.0, 19.1, 13.6, 7.1, 1652916101.0832512
70.7, 15.9, 11.6, 7.1, 1652916101.5844724
71.0, 20.8, 13.6, 6.7, 1652916102.0855818
71.2, 13.3, 7.1, 6.4, 1652916102.5866752
67.8, 20.4, 9.3, 14.0, 1652916103.0876756
68.9, 7.0, 4.9, 0.0, 1652916103.5889344
60.3, 13.0, 9.1, 12.2, 1652916104.0899558
0.0, 2.0, 2.0, 2.0, 1652916104.59089
2.0, 0.0, 2.0, 2.0, 1652916105.0918407
2.0, 0.0, 0.0, 2.0, 1652916105.592815
49.1, 6.5, 6.8, 2.4, 1652916106.093853
73.3, 10.9, 14.3, 26.1, 1652916106.5947828
71.7, 6.7, 7.3, 15.9, 1652916107.095731
74.2, 6.7, 9.5, 15.9, 1652916107.5969567
71.7, 16.0, 11.6, 16.3, 1652916108.0981035
71.2, 10.9, 5.1, 9.8, 1652916108.5990365
73.8, 6.7, 9.3, 12.2, 1652916109.1003287
71.7, 6.7, 7.3, 9.8, 1652916109.6014369
70.7, 8.7, 9.5, 15.6, 1652916110.1020844
71.7, 8.7, 13.6, 14.6, 1652916110.603003
26.9, 4.1, 4.2, 8.5, 1652916111.104321
0.0, 0.0, 0.0, 2.0, 1652916111.6052623
2.0, 2.0, 3.9, 0.0, 1652916112.1062083
8.0, 0.0, 0.0, 2.0, 1652916112.6072657
82.1, 4.8, 5.0, 4.7, 1652916113.108343
79.7, 8.7, 2.5, 6.7, 1652916113.609444
78.6, 9.1, 9.3, 12.8, 1652916114.1104934
76.4, 6.7, 4.8, 6.7, 1652916114.6115446
78.0, 10.9, 4.9, 14.6, 1652916115.112604
77.8, 4.5, 9.1, 7.1, 1652916115.613659
77.2, 6.8, 11.4, 8.9, 1652916116.1147668
80.0, 13.0, 4.9, 13.6, 1652916116.6158004
79.7, 6.7, 9.3, 2.3, 1652916117.116832
70.2, 4.4, 6.8, 6.5, 1652916117.617847
0.0, 2.0, 0.0, 0.0, 1652916118.1187875
0.0, 0.0, 2.0, 2.0, 1652916118.6197147
2.0, 2.0, 0.0, 2.0, 1652916119.1205266
50.9, 4.4, 4.4, 2.3, 1652916119.621603
83.9, 13.6, 11.6, 15.9, 1652916120.122743
78.2, 11.4, 4.8, 2.6, 1652916120.6236858
75.9, 11.6, 9.1, 11.6, 1652916121.1247373
83.1, 9.5, 2.5, 9.5, 1652916121.6260538
82.5, 13.3, 11.4, 11.4, 1652916122.1270401
80.4, 2.4, 0.0, 7.0, 1652916122.6282623
76.4, 7.1, 4.8, 7.0, 1652916123.1293564
81.7, 11.4, 2.4, 9.3, 1652916123.6303968
81.0, 7.1, 4.8, 2.5, 1652916124.131469
32.0, 6.2, 4.2, 4.3, 1652916124.6324027
5.8, 2.0, 0.0, 2.0, 1652916125.133349
0.0, 2.0, 0.0, 0.0, 1652916125.634273
9.8, 0.0, 2.0, 2.0, 1652916126.1352637
84.5, 11.9, 5.1, 7.5, 1652916126.6364741
83.9, 13.6, 9.3, 11.4, 1652916127.137743
81.0, 2.5, 2.5, 9.1, 1652916127.6389074
81.5, 16.3, 15.9, 18.2, 1652916128.1398861
81.8, 11.6, 2.5, 5.0, 1652916128.6411881
82.5, 13.6, 15.6, 14.0, 1652916129.1420832
78.6, 11.4, 9.3, 9.3, 1652916129.643035
83.9, 9.5, 9.5, 9.8, 1652916130.1441352
80.0, 9.5, 4.9, 15.9, 1652916130.6454184
75.0, 13.3, 5.0, 10.0, 1652916131.1464117
0.0, 0.0, 2.0, 0.0, 1652916131.6473808
2.0, 0.0, 0.0, 2.0, 1652916132.1483672
0.0, 0.0, 0.0, 0.0, 1652916132.6493459
48.1, 6.8, 4.3, 4.7, 1652916133.150446
83.6, 14.6, 7.0, 7.5, 1652916133.6515622
81.8, 12.5, 9.1, 12.2, 1652916134.1528451
85.5, 7.9, 2.4, 14.0, 1652916134.6540833
84.2, 14.6, 9.5, 10.3, 1652916135.1553376
82.5, 14.3, 4.8, 9.8, 1652916135.656557
80.4, 12.2, 7.1, 15.9, 1652916136.1577814
80.8, 12.2, 4.8, 16.3, 1652916136.6589339
83.9, 7.7, 7.0, 10.3, 1652916137.160095
82.1, 14.6, 2.4, 7.5, 1652916137.661336
41.5, 6.7, 6.4, 10.6, 1652916138.1623483
2.0, 0.0, 0.0, 0.0, 1652916138.6633096
0.0, 0.0, 2.0, 0.0, 1652916139.1642535
0.0, 0.0, 0.0, 0.0, 1652916139.6652093
90.6, 9.5, 9.3, 13.2, 1652916140.166486
89.3, 11.9, 7.3, 13.5, 1652916140.6677928
88.7, 11.9, 7.0, 8.3, 1652916141.169101
89.1, 15.6, 7.1, 19.0, 1652916141.670381
88.9, 11.9, 9.3, 10.8, 1652916142.171547
87.5, 4.9, 13.3, 10.3, 1652916142.6725612
87.0, 5.0, 7.1, 10.0, 1652916143.1737564
88.9, 4.9, 2.4, 10.5, 1652916143.6749144
87.5, 14.0, 17.4, 21.4, 1652916144.1759717
87.0, 2.6, 7.1, 7.9, 1652916144.6770148
2.0, 0.0, 3.9, 0.0, 1652916145.1780074
2.0, 2.0, 0.0, 0.0, 1652916145.6790164
2.0, 2.0, 0.0, 2.1, 1652916146.1799474
44.7, 2.2, 0.0, 2.4, 1652916146.681047
96.2, 4.9, 9.8, 7.3, 1652916147.1820915
94.2, 2.4, 5.0, 5.0, 1652916147.6832767
96.1, 15.6, 10.0, 9.8, 1652916148.1845639
94.3, 11.4, 10.0, 7.5, 1652916148.6857467
96.2, 4.8, 9.8, 5.0, 1652916149.1869662
94.1, 2.4, 5.0, 7.3, 1652916149.6882265
96.2, 5.0, 12.2, 14.0, 1652916150.1894083
94.1, 13.0, 11.9, 12.5, 1652916150.6904955
90.7, 11.1, 7.3, 11.6, 1652916151.1927354
50.0, 0.0, 2.3, 4.5, 1652916151.6938262
0.0, 2.0, 0.0, 0.0, 1652916152.1947615
0.0, 0.0, 0.0, 0.0, 1652916152.6957307
0.0, 0.0, 0.0, 0.0, 1652916153.1966932
92.2, 5.0, 2.8, 0.0, 1652916153.6979144
92.6, 11.9, 14.6, 15.4, 1652916154.1992276
90.4, 9.3, 14.6, 15.0, 1652916154.7005348
92.3, 11.9, 12.8, 19.5, 1652916155.2017696
88.7, 4.9, 12.2, 14.6, 1652916155.7029479
92.6, 15.9, 8.1, 11.1, 1652916156.206528
90.7, 9.8, 15.0, 8.1, 1652916156.707847
90.9, 7.3, 7.7, 10.5, 1652916157.2091892
92.6, 9.3, 5.3, 13.2, 1652916157.7105076
94.1, 11.9, 8.1, 13.2, 1652916158.2116475
7.7, 0.0, 2.0, 0.0, 1652916158.7126224
0.0, 0.0, 0.0, 0.0, 1652916159.213061
2.0, 0.0, 0.0, 2.0, 1652916159.7140582
45.8, 4.3, 6.2, 2.3, 1652916160.2151804
100.0, 7.7, 7.0, 12.8, 1652916160.71642
100.0, 10.0, 4.8, 5.7, 1652916161.2170913
100.0, 10.0, 4.8, 8.1, 1652916161.7181597
98.0, 9.8, 9.1, 11.9, 1652916162.219262
100.0, 0.0, 2.4, 9.8, 1652916162.7203605
100.0, 7.5, 2.4, 2.6, 1652916163.2214947
100.0, 9.8, 9.1, 7.5, 1652916163.7226532
100.0, 7.7, 0.0, 5.3, 1652916164.2239208
98.0, 12.2, 11.1, 7.7, 1652916164.725153
56.0, 6.7, 2.2, 4.5, 1652916165.2262235
0.0, 0.0, 3.9, 0.0, 1652916165.7271838
2.0, 2.0, 2.0, 0.0, 1652916166.2281272
0.0, 0.0, 0.0, 0.0, 1652916166.7290504
94.0, 9.3, 9.3, 4.9, 1652916167.2300744
100.0, 2.6, 2.5, 9.5, 1652916167.7312438
100.0, 2.6, 9.3, 4.9, 1652916168.232373
100.0, 10.0, 14.0, 7.5, 1652916168.7335217
100.0, 0.0, 4.9, 11.6, 1652916169.2346954
100.0, 7.3, 4.9, 4.9, 1652916169.7358243
100.0, 5.0, 5.0, 0.0, 1652916170.236825
100.0, 12.2, 13.6, 19.0, 1652916170.7380195
100.0, 7.1, 4.9, 7.3, 1652916171.2390604
98.1, 5.0, 9.3, 4.9, 1652916171.739881
4.2, 5.9, 2.0, 3.9, 1652916172.2408943
0.0, 0.0, 0.0, 0.0, 1652916172.741819
0.0, 2.0, 0.0, 0.0, 1652916173.2427864
2.0, 0.0, 2.0, 0.0, 1652916173.743758
0.0, 2.0, 2.0, 2.0, 1652916174.2446864