0.0, 0.0, 0.0, 0.0, 1652916215.2170155
2.0, 2.0, 2.0, 0.0, 1652916215.7180247
0.0, 2.0, 2.0, 0.0, 1652916216.2190711
0.0, 0.0, 0.0, 0.0, 1652916216.7200267
0.0, 0.0, 0.0, 0.0, 1652916217.2209404
2.0, 0.0, 0.0, 2.0, 1652916217.721902
2.0, 2.0, 2.0, 4.0, 1652916218.2228703
5.9, 0.0, 0.0, 0.0, 1652916218.7238245
0.0, 0.0, 0.0, 0.0, 1652916219.2247932
2.0, 2.0, 0.0, 0.0, 1652916219.7258127
0.0, 0.0, 0.0, 4.0, 1652916220.2267368
4.3, 0.0, 0.0, 0.0, 1652916220.7276967
0.0, 0.0, 2.0, 0.0, 1652916221.2286189
0.0, 2.1, 2.0, 0.0, 1652916221.729647
0.0, 0.0, 0.0, 0.0, 1652916222.2306063
2.2, 0.0, 2.0, 0.0, 1652916222.7315927
2.1, 2.0, 0.0, 2.0, 1652916223.232534
0.0, 2.0, 0.0, 2.0, 1652916223.733488
4.2, 0.0, 0.0, 2.0, 1652916224.2341218
0.0, 0.0, 0.0, 0.0, 1652916224.7350414
4.2, 0.0, 0.0, 0.0, 1652916225.235823
2.0, 0.0, 0.0, 0.0, 1652916225.736807
2.0, 2.0, 0.0, 3.9, 1652916226.2379014
0.0, 2.0, 0.0, 0.0, 1652916226.738856
0.0, 0.0, 0.0, 0.0, 1652916227.2398298
2.3, 0.0, 0.0, 0.0, 1652916227.740439
2.3, 2.1, 4.1, 2.0, 1652916228.2413795
0.0, 0.0, 2.1, 4.0, 1652916228.7420254
0.0, 2.1, 2.1, 0.0, 1652916229.2429535
2.3, 2.1, 0.0, 2.0, 1652916229.743461
2.3, 0.0, 0.0, 0.0, 1652916230.244485
0.0, 0.0, 0.0, 0.0, 1652916230.745415
2.3, 0.0, 0.0, 2.0, 1652916231.2463472
4.5, 2.1, 2.1, 0.0, 1652916231.7468553
0.0, 0.0, 0.0, 0.0, 1652916232.247842
0.0, 0.0, 0.0, 0.0, 1652916232.748765
0.0, 2.0, 0.0, 0.0, 1652916233.2497795
2.0, 0.0, 2.0, 2.0, 1652916233.7504404
6.8, 0.0, 0.0, 0.0, 1652916234.2514286
0.0, 4.3, 0.0, 0.0, 1652916234.7526371
0.0, 2.2, 0.0, 2.0, 1652916235.2535949
7.1, 2.3, 4.3, 4.4, 1652916235.7542722
2.4, 2.2, 0.0, 0.0, 1652916236.2553625
2.4, 0.0, 0.0, 2.1, 1652916236.7564087
0.0, 0.0, 2.0, 0.0, 1652916237.25737
2.4, 0.0, 0.0, 0.0, 1652916237.757982
0.0, 0.0, 0.0, 0.0, 1652916238.258911
9.1, 4.3, 6.0, 2.1, 1652916238.7598362
0.0, 0.0, 0.0, 2.0, 1652916239.2608223
2.0, 0.0, 4.0, 3.9, 1652916239.7618265
0.0, 3.8, 0.0, 0.0, 1652916240.262802
4.5, 0.0, 4.1, 0.0, 1652916240.7639222
5.1, 0.0, 0.0, 0.0, 1652916241.2649488
2.6, 0.0, 4.2, 2.1, 1652916241.765935
0.0, 0.0, 0.0, 0.0, 1652916242.266864
5.0, 2.1, 0.0, 3.9, 1652916242.7678273
0.0, 0.0, 0.0, 0.0, 1652916243.2688303
0.0, 0.0, 2.1, 2.0, 1652916243.7698154
0.0, 0.0, 2.1, 0.0, 1652916244.2702968
0.0, 2.2, 2.1, 2.0, 1652916244.7712927
2.6, 0.0, 0.0, 0.0, 1652916245.272314
2.3, 4.2, 2.1, 2.0, 1652916245.77326
0.0, 2.0, 2.0, 2.0, 1652916246.2743876
2.0, 2.0, 2.0, 2.0, 1652916246.775358
2.0, 0.0, 0.0, 0.0, 1652916247.276306
5.3, 4.3, 2.2, 0.0, 1652916247.7772503
5.3, 0.0, 0.0, 0.0, 1652916248.278229
2.8, 4.4, 0.0, 0.0, 1652916248.779266
5.4, 0.0, 2.1, 0.0, 1652916249.2802572
5.4, 0.0, 4.3, 2.1, 1652916249.7812183
7.7, 2.3, 0.0, 2.0, 1652916250.2821429
2.9, 2.3, 0.0, 4.3, 1652916250.7830644
2.7, 0.0, 0.0, 2.2, 1652916251.283748
10.3, 2.3, 6.4, 0.0, 1652916251.7847307
5.4, 4.4, 0.0, 2.0, 1652916252.2857254
2.0, 0.0, 2.0, 0.0, 1652916252.786783
0.0, 0.0, 0.0, 0.0, 1652916253.2877138
0.0, 2.0, 0.0, 0.0, 1652916253.7886672
2.3, 0.0, 0.0, 0.0, 1652916254.2896056
17.9, 6.7, 4.3, 2.0, 1652916254.7905767
8.6, 2.3, 2.2, 0.0, 1652916255.2915154
15.8, 4.7, 4.4, 4.2, 1652916255.792554
5.7, 0.0, 2.2, 0.0, 1652916256.2935214
15.4, 4.4, 2.3, 5.9, 1652916256.794044
13.5, 2.3, 4.3, 0.0, 1652916257.2949772
17.9, 4.4, 6.4, 0.0, 1652916257.795936
13.5, 2.3, 2.2, 2.0, 1652916258.296944
10.8, 2.2, 4.3, 2.0, 1652916258.7979543
7.1, 6.1, 4.1, 0.0, 1652916259.2989383
2.0, 0.0, 0.0, 3.8, 1652916259.7999215
0.0, 0.0, 0.0, 0.0, 1652916260.3009028
2.0, 2.0, 0.0, 4.1, 1652916260.8019087
15.4, 4.3, 2.2, 0.0, 1652916261.30294
25.6, 6.8, 6.4, 4.0, 1652916261.8038902
29.5, 2.3, 2.2, 0.0, 1652916262.3050606
32.6, 4.5, 2.2, 2.0, 1652916262.8060968
31.8, 2.3, 4.3, 4.0, 1652916263.3070312
28.6, 4.7, 4.4, 2.1, 1652916263.8080192
32.6, 6.8, 2.3, 2.1, 1652916264.3090045
26.8, 4.5, 2.2, 2.0, 1652916264.8100274
32.6, 4.5, 4.3, 4.0, 1652916265.3110073
31.0, 13.0, 12.5, 2.3, 1652916265.8120909
2.1, 0.0, 0.0, 0.0, 1652916266.313049
2.0, 2.0, 0.0, 0.0, 1652916266.8140848
0.0, 0.0, 0.0, 2.0, 1652916267.3150284
12.2, 2.1, 2.1, 4.0, 1652916267.8160036
34.9, 4.5, 4.3, 2.0, 1652916268.3170147
37.2, 4.8, 10.2, 2.1, 1652916268.8181267
37.2, 8.9, 4.3, 4.0, 1652916269.3191133
44.9, 9.3, 4.4, 6.0, 1652916269.8201025
38.6, 4.5, 4.3, 5.9, 1652916270.3212547
42.6, 4.8, 4.3, 2.3, 1652916270.8220146
33.3, 4.5, 4.3, 4.1, 1652916271.3229299
43.7, 6.8, 4.3, 7.7, 1652916271.8238707
37.8, 6.7, 2.2, 4.0, 1652916272.3248832
27.7, 4.3, 2.1, 2.0, 1652916272.8258462
0.0, 0.0, 0.0, 0.0, 1652916273.326769
0.0, 3.9, 0.0, 0.0, 1652916273.8276837
0.0, 2.0, 2.0, 2.0, 1652916274.3286119
39.6, 0.0, 4.3, 2.1, 1652916274.8295562
53.7, 7.1, 6.4, 4.1, 1652916275.3305101
53.8, 14.0, 8.5, 8.2, 1652916275.8312075
49.0, 11.4, 2.2, 6.1, 1652916276.332249
42.2, 9.5, 4.4, 4.1, 1652916276.833322
50.0, 9.3, 8.3, 2.1, 1652916277.3342702
52.8, 11.6, 6.4, 8.0, 1652916277.835221
49.0, 11.4, 4.4, 2.1, 1652916278.3361614
53.8, 13.6, 8.7, 6.3, 1652916278.8371696
54.5, 11.6, 8.5, 6.1, 1652916279.3380399
12.0, 4.0, 0.0, 3.9, 1652916279.8389916
2.0, 2.0, 0.0, 0.0, 1652916280.3399355
0.0, 0.0, 2.0, 0.0, 1652916280.8409693
12.2, 0.0, 2.0, 2.1, 1652916281.3419414
58.9, 15.9, 8.5, 0.0, 1652916281.8429258
57.4, 9.5, 2.2, 0.0, 1652916282.3438723
54.7, 9.3, 2.2, 0.0, 1652916282.8449073
57.7, 9.8, 8.3, 3.9, 1652916283.345957
57.1, 7.3, 4.3, 0.0, 1652916283.8469672
57.9, 9.3, 4.3, 0.0, 1652916284.3480136
58.9, 5.0, 4.3, 0.0, 1652916284.8490167
56.6, 11.6, 4.3, 2.0, 1652916285.3500013
57.1, 14.0, 6.4, 5.9, 1652916285.8509893
44.4, 18.4, 6.3, 0.0, 1652916286.3519402
0.0, 0.0, 0.0, 2.0, 1652916286.8528907
0.0, 0.0, 2.0, 2.0, 1652916287.3539045
0.0, 0.0, 2.0, 2.0, 1652916287.854834
47.2, 4.7, 0.0, 0.0, 1652916288.3557558
66.1, 11.9, 9.1, 2.1, 1652916288.8567452
63.8, 9.3, 12.8, 2.0, 1652916289.3577616
64.4, 11.6, 6.8, 0.0, 1652916289.8587356
65.1, 11.4, 4.7, 4.0, 1652916290.3597198
57.7, 9.3, 6.7, 4.3, 1652916290.8606946
61.7, 4.8, 4.5, 0.0, 1652916291.361739
57.7, 11.4, 8.9, 4.1, 1652916291.8627293
59.3, 11.1, 4.5, 2.0, 1652916292.3637037
59.3, 11.1, 4.5, 0.0, 1652916292.8646567
19.2, 2.1, 2.1, 0.0, 1652916293.3656225
0.0, 2.0, 2.0, 0.0, 1652916293.866608
3.9, 2.0, 2.0, 2.0, 1652916294.3675237
11.8, 0.0, 0.0, 0.0, 1652916294.868526
67.2, 12.8, 9.1, 6.0, 1652916295.369549
65.5, 19.0, 14.9, 8.3, 1652916295.870638
59.3, 14.3, 8.7, 0.0, 1652916296.371716
68.3, 14.6, 8.9, 4.1, 1652916296.8727753
61.8, 12.5, 9.1, 2.1, 1652916297.3738236
64.8, 16.7, 4.5, 0.0, 1652916297.874755
62.1, 11.9, 6.7, 2.0, 1652916298.3757017
61.1, 14.0, 14.6, 4.1, 1652916298.8767385
60.7, 14.3, 12.8, 4.1, 1652916299.3778558
56.1, 11.6, 6.7, 7.8, 1652916299.8788657
2.0, 0.0, 2.0, 2.0, 1652916300.3798635
0.0, 2.0, 0.0, 0.0, 1652916300.8810565
2.0, 0.0, 0.0, 0.0, 1652916301.3820102
48.1, 7.1, 4.3, 4.2, 1652916301.8830462
71.7, 7.5, 4.4, 4.2, 1652916302.3840716
71.2, 5.1, 4.4, 4.2, 1652916302.8851051
66.1, 14.0, 10.4, 8.0, 1652916303.386098
69.6, 11.9, 4.4, 4.3, 1652916303.887072
64.8, 17.8, 6.5, 8.2, 1652916304.3880804
68.4, 5.0, 2.2, 2.1, 1652916304.8891325
68.9, 9.5, 6.5, 2.1, 1652916305.3900006
70.7, 14.6, 8.7, 12.2, 1652916305.8910959
66.1, 11.6, 2.2, 4.3, 1652916306.3922534
26.9, 8.2, 2.1, 2.0, 1652916306.8936343
0.0, 0.0, 3.9, 0.0, 1652916307.3946228
0.0, 0.0, 0.0, 0.0, 1652916307.8955567
11.5, 2.1, 0.0, 0.0, 1652916308.3965557
76.3, 13.2, 4.5, 6.3, 1652916308.89712
70.9, 10.0, 0.0, 2.1, 1652916309.3981593
70.9, 14.6, 6.7, 4.1, 1652916309.8991885
72.1, 14.3, 6.5, 4.3, 1652916310.400361
72.4, 7.7, 4.4, 2.3, 1652916310.9013584
71.7, 10.3, 2.3, 0.0, 1652916311.4020739
69.5, 20.0, 12.2, 8.3, 1652916311.9030476
68.4, 12.2, 4.3, 2.1, 1652916312.4041016
67.9, 12.2, 0.0, 2.1, 1652916312.9051902
62.5, 7.3, 0.0, 0.0, 1652916313.406177
2.0, 2.0, 0.0, 2.0, 1652916313.9071171
2.0, 2.0, 2.0, 0.0, 1652916314.4080632
0.0, 0.0, 0.0, 0.0, 1652916314.9090128
49.1, 2.4, 2.3, 2.0, 1652916315.4100597
74.6, 18.2, 15.2, 4.3, 1652916315.9110723
76.7, 16.7, 4.8, 2.1, 1652916316.4120476
71.4, 7.5, 9.1, 4.3, 1652916316.913075
72.9, 9.8, 11.1, 2.1, 1652916317.414078
74.6, 15.9, 4.8, 2.0, 1652916317.9151342
69.8, 7.3, 2.4, 0.0, 1652916318.4161818
72.4, 11.6, 10.9, 6.0, 1652916318.917207
75.9, 7.5, 4.7, 4.1, 1652916319.4182007
74.1, 16.3, 11.1, 4.1, 1652916319.9191582
34.0, 4.3, 2.1, 2.0, 1652916320.4200969
0.0, 0.0, 0.0, 0.0, 1652916320.9210296
0.0, 0.0, 0.0, 0.0, 1652916321.4219947
6.0, 2.0, 3.9, 2.0, 1652916321.9229913
80.7, 10.5, 2.3, 2.0, 1652916322.4239278
75.9, 5.4, 0.0, 0.0, 1652916322.9249353
77.6, 5.4, 0.0, 3.9, 1652916323.4259696
76.8, 10.5, 10.2, 4.1, 1652916323.9269857
77.6, 10.3, 2.2, 0.0, 1652916324.4279358
78.0, 5.4, 4.3, 0.0, 1652916324.9289398
76.4, 8.1, 10.2, 7.8, 1652916325.430061
77.6, 15.0, 6.4, 0.0, 1652916325.9310517
75.4, 5.4, 4.3, 2.1, 1652916326.4320433
74.1, 7.9, 6.3, 4.0, 1652916326.9331033
2.0, 0.0, 0.0, 0.0, 1652916327.434018
0.0, 0.0, 0.0, 0.0, 1652916327.9349518
0.0, 0.0, 0.0, 0.0, 1652916328.4359226
49.1, 7.0, 2.1, 2.1, 1652916328.9369192
84.5, 10.8, 2.3, 4.2, 1652916329.4379191
78.9, 12.5, 2.2, 2.1, 1652916329.938963
76.8, 7.9, 6.5, 4.3, 1652916330.4398904
80.4, 10.3, 4.3, 4.4, 1652916330.9409645
77.6, 10.0, 2.3, 2.2, 1652916331.4420407
80.0, 12.5, 6.4, 4.3, 1652916331.943087
79.7, 10.3, 2.2, 0.0, 1652916332.4441247
82.5, 8.1, 2.2, 4.2, 1652916332.9451227
79.3, 7.7, 2.3, 4.2, 1652916333.4461355
38.9, 4.5, 4.1, 0.0, 1652916333.947103
0.0, 0.0, 0.0, 2.0, 1652916334.4480336
0.0, 2.0, 2.0, 0.0, 1652916334.948513
2.0, 0.0, 2.0, 0.0, 1652916335.4494865
86.0, 27.0, 9.5, 8.2, 1652916335.9505067
78.6, 10.5, 6.7, 2.1, 1652916336.4517474
79.3, 12.8, 6.8, 6.0, 1652916336.9527855
81.8, 13.9, 4.7, 4.1, 1652916337.4538355
80.7, 5.9, 6.7, 2.1, 1652916337.9548838
80.4, 13.2, 6.8, 2.1, 1652916338.4556024
81.0, 13.9, 12.8, 2.1, 1652916338.95682
80.7, 15.8, 2.4, 4.2, 1652916339.457953
80.0, 16.2, 8.9, 2.1, 1652916339.9589133
78.6, 15.8, 6.8, 6.3, 1652916340.4598799
2.0, 0.0, 2.0, 0.0, 1652916340.9608467
0.0, 0.0, 0.0, 0.0, 1652916341.462003
0.0, 0.0, 2.0, 2.0, 1652916341.9629385
47.1, 0.0, 2.2, 2.0, 1652916342.4638836
87.5, 6.1, 2.4, 0.0, 1652916342.9649034
83.6, 18.4, 2.3, 2.0, 1652916343.4659295
81.8, 13.5, 2.4, 2.1, 1652916343.9669144
86.0, 16.2, 4.7, 6.0, 1652916344.4678864
83.9, 5.9, 0.0, 0.0, 1652916344.968922
84.5, 15.8, 6.8, 2.0, 1652916345.4699862
83.6, 18.9, 11.1, 8.0, 1652916345.9710221
83.9, 8.6, 6.7, 2.1, 1652916346.472027
79.3, 10.5, 6.8, 0.0, 1652916346.973035
43.4, 2.4, 4.2, 0.0, 1652916347.4740353
2.0, 0.0, 0.0, 0.0, 1652916347.9750228
0.0, 0.0, 0.0, 2.0, 1652916348.4760056
2.0, 0.0, 2.0, 0.0, 1652916348.9769948
83.3, 8.1, 2.3, 0.0, 1652916349.4779932
88.9, 5.7, 0.0, 2.0, 1652916349.978979
88.9, 5.9, 6.8, 4.2, 1652916350.4800782
90.7, 8.6, 2.4, 0.0, 1652916350.9810586
88.7, 5.7, 2.3, 2.1, 1652916351.4821062
90.7, 11.1, 4.7, 2.0, 1652916351.9831104
90.6, 10.8, 0.0, 4.0, 1652916352.4841933
90.6, 3.0, 2.3, 2.0, 1652916352.9851894
90.7, 5.9, 4.5, 0.0, 1652916353.4862113
90.7, 11.1, 6.8, 2.1, 1652916353.9871998
6.0, 2.0, 0.0, 0.0, 1652916354.4881911
2.0, 0.0, 0.0, 0.0, 1652916354.989157
2.0, 2.0, 2.0, 2.1, 1652916355.49024
42.0, 4.5, 12.0, 4.2, 1652916355.9912484
90.6, 11.4, 7.0, 0.0, 1652916356.4922311
94.1, 11.1, 4.8, 2.0, 1652916356.9932246
96.2, 6.1, 4.7, 0.0, 1652916357.4942265
96.0, 11.8, 9.3, 2.0, 1652916357.9952612
92.5, 5.6, 6.8, 2.0, 1652916358.4962378
96.1, 13.9, 7.0, 0.0, 1652916358.9972854
96.2, 11.1, 6.8, 2.0, 1652916359.498312
94.2, 5.7, 11.4, 2.0, 1652916359.9993587
96.2, 8.6, 9.1, 0.0, 1652916360.5005167
58.8, 5.0, 2.2, 4.1, 1652916361.0017529
2.0, 0.0, 0.0, 0.0, 1652916361.5027406
0.0, 2.0, 2.0, 2.0, 1652916362.0036795
0.0, 0.0, 0.0, 0.0, 1652916362.5047235
86.0, 5.4, 4.5, 4.2, 1652916363.0057647
100.0, 8.3, 0.0, 4.2, 1652916363.5065472
98.0, 8.1, 10.9, 2.1, 1652916364.0076015
100.0, 5.4, 8.9, 4.2, 1652916364.5086515
98.0, 2.9, 0.0, 0.0, 1652916365.0096846
100.0, 8.3, 4.7, 4.2, 1652916365.510816
100.0, 15.8, 7.0, 6.4, 1652916366.011872
98.1, 17.5, 7.0, 2.2, 1652916366.5129352
100.0, 15.0, 2.4, 2.1, 1652916367.013995
98.1, 12.8, 6.7, 2.1, 1652916367.5150068
12.2, 0.0, 2.0, 0.0, 1652916368.015974
0.0, 2.0, 0.0, 0.0, 1652916368.517024
2.0, 0.0, 0.0, 2.0, 1652916369.0179894
32.7, 2.3, 4.2, 4.0, 1652916369.519
94.1, 9.7, 2.5, 0.0, 1652916370.0200412
96.2, 19.4, 9.3, 2.2, 1652916370.521129
92.6, 9.7, 2.5, 4.4, 1652916371.0221517
96.1, 10.0, 2.5, 4.4, 1652916371.5233247
94.1, 20.0, 11.6, 2.1, 1652916372.0245059
92.6, 6.7, 4.8, 0.0, 1652916372.5255277
96.2, 9.7, 11.9, 6.1, 1652916373.0266368
96.1, 6.9, 0.0, 4.1, 1652916373.5276992
96.2, 12.9, 11.4, 2.1, 1652916374.0287476
64.0, 14.6, 4.4, 2.0, 1652916374.5297446
0.0, 0.0, 0.0, 0.0, 1652916375.0306704
0.0, 0.0, 0.0, 0.0, 1652916375.5316162
3.9, 2.0, 3.9, 4.0, 1652916376.0325806
75.5, 5.3, 2.4, 2.1, 1652916376.533565
98.1, 20.0, 9.5, 6.1, 1652916377.034618
100.0, 13.9, 7.3, 2.1, 1652916377.5356717
100.0, 11.4, 7.1, 2.1, 1652916378.0366843
100.0, 10.8, 4.9, 2.1, 1652916378.5377498
100.0, 13.9, 14.0, 4.3, 1652916379.0384192
100.0, 8.8, 9.5, 4.2, 1652916379.5394397
98.1, 11.1, 5.0, 4.1, 1652916380.040451
100.0, 13.5, 5.0, 2.2, 1652916380.5414367
100.0, 8.8, 4.9, 2.2, 1652916381.0420427
22.4, 0.0, 2.1, 0.0, 1652916381.5430036
0.0, 0.0, 0.0, 3.9, 1652916382.0439363
0.0, 2.0, 0.0, 0.0, 1652916382.5448573
0.0, 0.0, 0.0, 0.0, 1652916383.0458157
2.0, 0.0, 0.0, 0.0, 1652916383.5467622
2.0, 5.8, 2.0, 0.0, 1652916384.0476604
2.0, 0.0, 2.0, 2.0, 1652916384.548655
0.0, 0.0, 0.0, 0.0, 1652916385.049623
0.0, 0.0, 0.0, 4.0, 1652916385.5506077