1652916008
#type       avg     std     min      p5     p10     p50     p67     p75     p80     p85     p90     p95     p99    p999   p9999      QPS   target       ts_start         ts_end
read      311.7   468.6   118.1   182.9   202.4   285.4   314.7   331.5   343.4   360.1   382.3   427.4   599.4  7645.9 26588.6   5018.2     5000  1652916010480  1652916015833
read      343.6   371.2   101.3   171.4   192.8   322.7   371.9   395.7   412.6   432.6   463.4   523.0   707.7  4796.2 13908.0  10079.6    10000  1652916017338  1652916022655
read      353.7   241.1    93.8   160.0   179.4   324.1   393.3   428.1   454.3   488.1   541.9   650.6   854.7  2296.8  9409.2  14959.0    15000  1652916024157  1652916029449
read      370.5   256.4   101.3   154.1   171.6   315.7   401.2   448.5   483.8   536.3   630.0   806.8  1052.0  2759.2  8776.3  20043.0    20000  1652916030951  1652916036242
read      389.9   384.0   101.3   151.4   167.1   308.7   399.7   455.4   499.2   568.9   735.2   931.5  1220.9  4643.1  8764.6  25025.0    25000  1652916037745  1652916043028
read      381.0   331.2   101.3   150.4   164.8   290.3   379.6   436.0   487.0   572.3   768.9   990.2  1275.6  2125.7  9352.9  29998.7    30000  1652916044531  1652916049818
read      392.0   318.7   101.3   154.0   170.1   298.3   391.3   453.6   502.0   573.7   731.6  1056.5  1397.7  1930.4  9563.8  34889.2    35000  1652916051320  1652916056599
read      395.9   364.3   101.3   152.9   168.4   293.7   380.7   438.3   484.6   548.0   710.5  1168.0  1593.6  2145.3  9909.7  39945.4    40000  1652916058101  1652916063374
read      398.5   371.6   101.3   155.1   172.3   296.1   382.2   438.2   481.0   545.8   707.5  1147.7  1644.5  2478.8 10443.2  45072.6    45000  1652916064876  1652916070161
read      398.8   362.2    93.8   151.1   167.4   296.1   380.3   434.0   472.8   530.8   656.5  1187.7  1878.6  2454.3  7050.8  49914.6    50000  1652916071663  1652916076929
read      394.7   344.3    93.8   154.4   172.8   302.5   385.2   438.0   474.5   526.5   628.6  1071.8  1815.6  2469.6  6959.9  55123.1    55000  1652916078431  1652916083714
read      375.3   376.7    93.8   148.9   164.1   271.8   347.3   399.3   440.0   491.2   581.3  1077.7  1952.0  2741.6  9259.6  59988.0    60000  1652916085216  1652916090495
read      373.9   376.8    93.8   147.1   162.1   268.9   342.3   393.5   434.3   486.9   583.4  1073.8  2090.9  2758.4  7309.4  64940.7    65000  1652916091997  1652916097264
read      354.1   338.7    93.8   149.0   163.5   259.7   325.4   373.1   414.3   466.7   551.9   917.7  1876.4  2561.3  7614.1  69869.0    70000  1652916098766  1652916104058
read      349.6   330.8    93.8   147.0   162.4   261.2   322.8   366.9   404.1   455.6   538.1   849.0  1957.5  2784.6  7047.4  75017.4    75000  1652916105560  1652916110824
read      365.3   313.8    93.8   158.9   177.6   289.3   358.7   405.2   444.1   490.0   560.2   811.4  1697.6  2669.5  7840.2  79934.4    80000  1652916112326  1652916117606
read      348.1   325.9    93.8   149.7   165.9   265.3   329.8   373.7   411.6   459.4   531.3   773.0  1899.1  2823.5  7134.6  84949.6    85000  1652916119108  1652916124383
read      349.8   320.3    93.8   156.1   173.7   274.4   334.2   373.5   407.0   450.9   516.2   702.0  1881.6  3024.2  7055.7  90051.8    90000  1652916125885  1652916131157
read      344.6   317.3    93.8   156.3   174.2   272.5   329.2   368.4   402.5   448.5   522.1   722.7  1699.5  2922.1  8061.8  94821.0    95000  1652916132658  1652916137944
read      347.5   296.9    93.8   159.8   177.4   277.5   337.5   378.1   414.3   461.0   533.4   727.1  1627.8  2777.6  6801.8 100091.3   100000  1652916139447  1652916144717
read      375.1   358.9    93.8   161.5   181.9   288.7   350.7   395.4   431.3   480.0   564.5   841.6  2112.9  3231.3  6682.3 104865.4   105000  1652916146219  1652916151493
read      344.1   285.1    93.8   165.6   183.7   275.7   327.0   362.7   393.6   435.2   506.4   699.7  1711.9  2749.1  4931.5 109675.4   110000  1652916152995  1652916158264
read      531.1   317.7   101.3   180.3   220.8   477.1   598.8   670.3   726.0   795.9   892.4  1053.8  1435.5  2394.9  8031.4 111360.8   115000  1652916159766  1652916165036
read      558.6   368.1    93.8   173.8   214.5   483.1   606.5   695.9   772.3   866.4   990.6  1174.6  1605.2  2737.5 10336.4 112373.6   120000  1652916166538  1652916171816