1652917728
#type       avg     std     min      p5     p10     p50     p67     p75     p80     p85     p90     p95     p99    p999   p9999      QPS   target       ts_start         ts_end
read      332.7   342.1   118.1   190.4   211.1   304.2   341.5   363.2   378.5   398.6   426.6   474.9   672.8  5843.5 12637.0   4913.8     5000  1652917730395  1652917735725
read      376.4   364.0   109.4   182.1   204.4   349.8   411.8   443.9   466.0   493.1   528.8   591.7   810.6  4414.1 18981.9   9971.4    10000  1652917737229  1652917742546
read      401.9   288.1   109.4   177.2   199.1   366.5   451.8   494.5   526.7   566.9   626.4   735.7   998.8  2199.5 12436.0  15003.0    15000  1652917744048  1652917749342
read      410.4   374.6   109.4   165.2   182.8   338.1   437.3   498.4   543.2   614.1   741.0   914.5  1165.9  3378.5 11943.9  20034.1    20000  1652917750844  1652917756132
read      427.6   360.1   109.4   166.7   183.6   333.1   439.4   505.5   557.6   636.3   821.3  1062.2  1438.1  3384.9 11564.4  24890.8    25000  1652917757634  1652917762922
read      436.3   351.2   109.4   163.6   181.4   334.8   437.4   503.8   558.3   639.6   853.4  1161.1  1587.8  2630.6  7883.0  29947.6    30000  1652917764425  1652917769712
read      442.3   396.6   101.3   164.5   183.7   345.7   448.6   508.7   555.1   622.6   775.1  1187.8  1671.7  2545.2 12519.0  34976.8    35000  1652917771215  1652917776493
read      425.6   360.1   101.3   164.4   181.9   321.6   419.9   485.1   536.9   610.9   752.8  1169.4  1681.2  2416.9  8710.8  39952.6    40000  1652917777996  1652917783272
read      416.9   374.8   101.3   158.7   175.5   302.3   394.1   458.0   507.6   582.3   765.1  1230.2  1771.2  2326.0  7880.1  44875.6    45000  1652917784774  1652917790042
read      421.9   363.2   101.3   161.5   178.2   307.7   397.8   462.5   511.2   586.9   769.5  1236.4  1834.7  2482.5  6542.4  49797.8    50000  1652917791544  1652917796826
read      408.8   364.1   101.3   162.2   179.4   307.2   396.7   460.5   509.2   570.8   677.4  1087.5  1820.9  2503.2  8437.9  54988.4    55000  1652917798328  1652917803595
read      411.4   414.7   101.3   158.8   175.0   294.4   379.0   438.8   488.2   549.7   673.5  1208.5  2078.4  2924.2  9496.7  59949.2    60000  1652917805097  1652917810378
read      397.4   339.2   101.3   165.8   183.7   302.2   380.5   433.2   479.0   536.0   633.0  1047.3  1866.9  2551.4  6807.2  64643.0    65000  1652917811881  1652917817150
read      397.8   384.1   101.3   164.8   181.8   293.1   368.5   420.5   465.2   524.4   625.7  1067.1  2043.4  2925.2 10131.4  69921.2    70000  1652917818653  1652917823941
read      387.7   348.3   101.3   162.5   180.5   297.7   376.3   427.2   469.3   524.7   611.9   921.9  1885.1  2866.5  7772.6  74863.6    75000  1652917825443  1652917830720
read      385.9   333.2   101.3   164.9   183.2   297.8   374.7   427.9   468.9   521.4   604.3   867.5  1920.8  2969.6  6653.3  80050.4    80000  1652917832226  1652917837495
read      384.9   342.2   101.3   163.7   181.6   292.3   365.0   416.5   460.2   517.4   610.6   907.1  1951.5  3154.5  6667.8  85200.8    85000  1652917838998  1652917844276
read      406.6   412.9   101.3   163.6   182.3   296.0   370.1   420.7   462.3   518.8   624.6  1098.3  2277.8  3406.7  8377.5  89948.2    90000  1652917845779  1652917851054
read      409.7   412.4   101.3   173.2   193.3   306.6   375.1   421.8   461.5   516.2   608.7   989.9  2363.7  3473.2  7321.1  94937.3    95000  1652917852556  1652917857831
read      434.8   339.1   101.3   181.3   205.7   348.1   436.5   495.4   543.0   609.9   722.0   981.8  1814.5  3005.4  8002.6 100077.6   100000  1652917859334  1652917864615
read      471.9   341.8   101.3   191.6   219.3   388.6   490.4   557.3   612.6   688.5   804.3  1024.8  1716.0  2870.7  8136.3 104038.0   105000  1652917866117  1652917871394
read      661.6   383.5   101.3   195.9   251.1   608.4   749.6   838.0   905.1   988.8  1097.1  1282.7  1718.5  2735.6 11771.7  97808.2   110000  1652917872897  1652917878173
read      606.2   373.3   101.3   163.1   193.2   559.6   689.5   770.4   834.9   915.7  1017.7  1196.5  1648.1  2758.3 10029.0 106616.2   115000  1652917879676  1652917884945
read      601.5   340.0   101.3   200.4   266.4   555.3   672.5   744.2   801.0   872.6   972.8  1123.9  1492.6  2579.3 10431.9 107456.0   120000  1652917886447  1652917891717