1652916218
#type       avg     std     min      p5     p10     p50     p67     p75     p80     p85     p90     p95     p99    p999   p9999      QPS   target       ts_start         ts_end
read      306.6   310.4   109.4   177.3   197.7   279.1   311.5   329.9   343.1   363.0   391.9   445.2   649.1  4993.7  9436.7   4970.2     5000  1652916219789  1652916225153
read      339.6   264.3   101.3   168.1   189.9   321.1   375.7   401.1   420.1   441.3   469.6   519.1   694.8  3574.1  8126.5  10084.0    10000  1652916226657  1652916231982
read      364.3   439.9   109.4   162.8   182.1   324.9   400.7   438.1   464.1   496.3   541.3   624.7   839.9  4467.3 30271.1  14963.2    15000  1652916233484  1652916238771
read      379.4   325.4   101.3   153.8   173.2   326.3   409.1   454.8   490.5   541.1   633.5   809.3  1057.3  2959.8 14431.4  19948.8    20000  1652916240273  1652916245582
read      381.0   306.4   101.3   151.1   167.3   306.1   399.0   455.0   499.4   565.4   692.6   903.6  1173.1  3605.5  8513.3  25060.4    25000  1652916247084  1652916252372
read      391.8   320.1   101.3   148.9   165.0   313.9   405.5   457.7   499.1   562.8   708.4  1002.4  1345.1  2197.8 10401.2  29832.0    30000  1652916253874  1652916259158
read      401.1   355.6   101.3   150.5   166.6   310.4   401.2   454.9   497.2   562.1   735.0  1099.2  1504.9  3046.4 10367.5  34883.4    35000  1652916260660  1652916265941
read      398.7   367.3    93.8   147.0   162.0   287.8   382.0   439.2   485.0   555.8   807.5  1182.1  1606.1  3176.2  9141.2  40008.2    40000  1652916267444  1652916272715
read      395.3   378.3   101.3   149.3   165.7   290.1   375.2   433.3   477.8   543.3   711.4  1171.9  1674.0  2219.2 12197.9  45004.0    45000  1652916274218  1652916279497
read      390.2   337.0    93.8   149.3   166.4   297.0   385.4   440.9   482.0   536.9   636.3  1087.4  1717.5  2335.1  7529.3  50150.3    50000  1652916281000  1652916286287
read      387.8   361.9    93.8   148.1   164.1   281.6   362.1   416.5   458.3   514.2   640.8  1183.2  1843.2  2471.0  7834.8  55068.0    55000  1652916287790  1652916293064
read      377.4   372.3    93.8   145.1   161.0   273.6   350.0   403.3   445.9   500.6   603.6  1076.5  1967.1  2682.6  7903.7  59905.2    60000  1652916294566  1652916299854
read      376.7   346.9    93.8   149.6   165.9   277.9   354.8   405.0   445.6   498.1   600.9  1092.7  1852.5  2537.1  6183.3  64965.2    65000  1652916301356  1652916306624
read      369.8   322.1    93.8   154.5   172.8   288.3   360.7   408.0   444.2   490.5   565.9   903.9  1774.0  2658.4  6592.7  69926.3    70000  1652916308127  1652916313397
read      359.0   329.5    93.8   153.9   171.6   277.8   345.7   392.0   429.4   476.0   545.8   796.7  1807.5  2800.6  8843.9  74952.6    75000  1652916314899  1652916320170
read      353.2   344.1    93.8   148.6   165.9   268.9   335.6   380.7   418.4   465.1   538.3   805.2  1885.7  2688.7 10047.5  79953.0    80000  1652916321672  1652916326940
read      352.9   347.4    93.8   146.0   161.9   265.9   331.3   373.7   409.6   456.3   529.1   832.4  2065.0  3103.4  5803.1  84958.8    85000  1652916328442  1652916333719
read      344.8   313.1    93.8   149.9   167.1   269.6   331.3   373.3   408.4   455.1   528.0   738.3  1737.0  3147.2  6420.2  89934.4    90000  1652916335221  1652916340492
read      339.3   313.5    93.8   150.2   167.4   264.7   321.9   361.5   394.6   437.5   508.5   721.6  1748.6  2904.7  8055.4  94760.7    95000  1652916341994  1652916347278
read      352.4   332.7    93.8   155.3   173.8   274.7   335.2   374.3   407.6   450.4   516.3   738.9  2010.9  3104.3  7184.9  99848.0   100000  1652916348782  1652916354069
read      376.7   376.4    93.8   157.5   177.9   286.2   350.9   397.0   433.9   484.6   572.8   868.0  2123.9  3319.6  8202.4 104892.0   105000  1652916355572  1652916360838
read      515.7   391.2    93.8   147.9   166.9   416.7   568.1   666.1   744.4   845.2   983.0  1220.7  1808.1  3006.1  8091.3 109018.2   110000  1652916362340  1652916367622
read      361.5   284.4    93.8   163.1   184.0   296.1   362.3   405.8   442.1   489.3   562.4   735.8  1546.5  2721.6  7149.5 114939.0   115000  1652916369124  1652916374433
read      516.0   295.3    93.8   165.3   210.3   481.5   584.9   644.1   691.2   751.6   838.5   981.2  1353.7  2341.1  6941.1 117284.5   120000  1652916375935  1652916381209