0.0, 2.0, 0.0, 0.0, 1652913898.8808136
0.0, 0.0, 2.0, 2.0, 1652913899.3818462
2.0, 0.0, 2.0, 4.0, 1652913899.8828113
2.0, 0.0, 2.0, 0.0, 1652913900.3837419
0.0, 0.0, 0.0, 0.0, 1652913900.8848062
0.0, 2.0, 0.0, 0.0, 1652913901.3858259
2.0, 0.0, 2.0, 0.0, 1652913901.8867495
0.0, 0.0, 2.0, 0.0, 1652913902.387736
2.0, 2.0, 0.0, 2.0, 1652913902.8887084
0.0, 2.0, 2.0, 0.0, 1652913903.3897595
0.0, 0.0, 0.0, 2.0, 1652913903.8907015
3.8, 0.0, 0.0, 2.0, 1652913904.3916178
0.0, 0.0, 0.0, 0.0, 1652913904.8925374
2.1, 0.0, 0.0, 2.0, 1652913905.3934665
0.0, 2.0, 2.0, 0.0, 1652913905.8943985
2.1, 0.0, 2.0, 0.0, 1652913906.3954232
2.1, 0.0, 0.0, 0.0, 1652913906.8963783
0.0, 0.0, 0.0, 0.0, 1652913907.397347
2.2, 2.0, 4.0, 0.0, 1652913907.8982472
0.0, 0.0, 0.0, 0.0, 1652913908.399345
0.0, 0.0, 0.0, 2.0, 1652913908.900368
0.0, 6.0, 0.0, 2.1, 1652913909.4012768
4.0, 2.0, 3.9, 0.0, 1652913909.902249
0.0, 0.0, 0.0, 4.0, 1652913910.4031792
2.0, 0.0, 0.0, 0.0, 1652913910.9040902
2.1, 0.0, 2.0, 0.0, 1652913911.405012
0.0, 2.1, 0.0, 2.2, 1652913911.9059486
4.4, 0.0, 2.1, 2.1, 1652913912.407073
0.0, 2.1, 2.1, 0.0, 1652913912.9082823
0.0, 2.1, 0.0, 2.1, 1652913913.4091723
2.3, 0.0, 0.0, 2.1, 1652913913.9101079
2.3, 2.1, 0.0, 0.0, 1652913914.4113433
0.0, 0.0, 0.0, 0.0, 1652913914.912318
0.0, 0.0, 2.0, 2.1, 1652913915.4132426
0.0, 2.1, 2.1, 4.1, 1652913915.9141412
4.4, 2.1, 2.0, 0.0, 1652913916.4151208
0.0, 0.0, 0.0, 0.0, 1652913916.9161065
0.0, 0.0, 2.0, 0.0, 1652913917.417074
0.0, 0.0, 2.0, 2.0, 1652913917.9181876
0.0, 0.0, 0.0, 2.0, 1652913918.4192133
2.3, 2.2, 2.1, 0.0, 1652913918.9201412
4.8, 2.3, 2.1, 2.1, 1652913919.4210458
0.0, 0.0, 0.0, 0.0, 1652913919.9219725
4.7, 2.2, 2.1, 0.0, 1652913920.423025
0.0, 2.3, 0.0, 0.0, 1652913920.9240284
0.0, 0.0, 0.0, 0.0, 1652913921.424952
4.8, 4.4, 0.0, 4.1, 1652913921.9258914
2.4, 0.0, 0.0, 0.0, 1652913922.4269004
0.0, 2.2, 2.1, 0.0, 1652913922.9278178
2.1, 0.0, 0.0, 2.0, 1652913923.4287639
0.0, 0.0, 0.0, 0.0, 1652913923.9298701
2.0, 2.0, 2.0, 0.0, 1652913924.4308858
2.0, 0.0, 0.0, 0.0, 1652913924.9318323
0.0, 4.3, 4.2, 0.0, 1652913925.4327576
5.1, 0.0, 0.0, 0.0, 1652913925.9336817
5.1, 0.0, 2.1, 2.1, 1652913926.434842
0.0, 0.0, 0.0, 0.0, 1652913926.9358525
0.0, 0.0, 0.0, 2.1, 1652913927.4367695
2.6, 2.3, 2.2, 0.0, 1652913927.937747
0.0, 0.0, 0.0, 0.0, 1652913928.4390156
2.6, 0.0, 0.0, 0.0, 1652913928.9400532
0.0, 2.3, 2.1, 4.2, 1652913929.4409907
5.1, 0.0, 0.0, 2.1, 1652913929.9419887
3.9, 2.0, 0.0, 2.0, 1652913930.442942
0.0, 2.0, 0.0, 0.0, 1652913930.9439619
0.0, 0.0, 2.0, 2.0, 1652913931.4449587
0.0, 6.3, 6.3, 2.1, 1652913931.9459062
0.0, 0.0, 0.0, 0.0, 1652913932.4469094
2.9, 0.0, 0.0, 2.1, 1652913932.9478805
2.9, 0.0, 0.0, 0.0, 1652913933.4487875
5.6, 2.3, 2.2, 0.0, 1652913933.9497607
2.8, 0.0, 0.0, 2.1, 1652913934.4507947
0.0, 0.0, 0.0, 0.0, 1652913934.9518197
2.9, 0.0, 2.2, 0.0, 1652913935.4529526
0.0, 0.0, 4.3, 2.1, 1652913935.954013
0.0, 0.0, 2.2, 0.0, 1652913936.4550104
0.0, 2.1, 0.0, 2.0, 1652913936.9560506
0.0, 0.0, 0.0, 2.0, 1652913937.4571178
2.0, 0.0, 2.0, 0.0, 1652913937.9580517
2.0, 2.0, 2.0, 0.0, 1652913938.45901
0.0, 0.0, 0.0, 0.0, 1652913938.959935
5.9, 2.4, 0.0, 2.3, 1652913939.4608712
2.9, 0.0, 2.1, 0.0, 1652913939.9618013
8.6, 2.4, 2.2, 4.7, 1652913940.4632745
0.0, 0.0, 0.0, 2.4, 1652913940.9643753
2.9, 0.0, 2.2, 0.0, 1652913941.465296
2.9, 2.4, 0.0, 4.7, 1652913941.9660077
0.0, 0.0, 0.0, 0.0, 1652913942.4675448
2.9, 0.0, 2.2, 0.0, 1652913942.9685879
0.0, 0.0, 2.1, 2.3, 1652913943.4695547
0.0, 2.0, 0.0, 0.0, 1652913943.9705474
2.0, 2.0, 2.0, 0.0, 1652913944.4715238
0.0, 0.0, 0.0, 0.0, 1652913944.9724407
4.7, 0.0, 0.0, 2.1, 1652913945.4733758
3.1, 4.7, 4.5, 4.3, 1652913945.9744408
0.0, 0.0, 0.0, 2.3, 1652913946.475656
0.0, 0.0, 0.0, 0.0, 1652913946.976635
6.3, 0.0, 0.0, 0.0, 1652913947.477564
3.3, 4.8, 2.3, 4.4, 1652913947.978687
0.0, 0.0, 0.0, 0.0, 1652913948.479801
0.0, 0.0, 0.0, 0.0, 1652913948.980788
3.3, 2.4, 4.5, 6.5, 1652913949.4818013
3.2, 0.0, 2.3, 0.0, 1652913949.9828448
2.6, 4.3, 0.0, 4.3, 1652913950.4839044
3.8, 0.0, 0.0, 0.0, 1652913950.9849815
0.0, 0.0, 0.0, 2.0, 1652913951.4859726
2.0, 0.0, 2.0, 2.0, 1652913951.9869285
3.3, 0.0, 0.0, 0.0, 1652913952.4878943
3.7, 2.5, 0.0, 0.0, 1652913952.9888606
0.0, 0.0, 0.0, 0.0, 1652913953.489867
3.6, 0.0, 2.3, 0.0, 1652913953.9910471
3.6, 2.4, 0.0, 2.3, 1652913954.4920986
0.0, 0.0, 2.3, 0.0, 1652913954.993036
3.6, 2.5, 2.3, 2.4, 1652913955.4940698
10.0, 7.1, 2.3, 0.0, 1652913955.995215
0.0, 0.0, 0.0, 0.0, 1652913956.496267
6.9, 0.0, 2.3, 0.0, 1652913956.9971714
0.0, 0.0, 0.0, 0.0, 1652913957.498111
0.0, 0.0, 3.8, 0.0, 1652913957.9990547
0.0, 2.0, 0.0, 0.0, 1652913958.5001152
2.4, 0.0, 0.0, 0.0, 1652913959.0010645
4.0, 2.6, 0.0, 4.7, 1652913959.5021684
0.0, 0.0, 0.0, 9.1, 1652913960.0032976
13.8, 5.0, 6.8, 0.0, 1652913960.5042288
3.7, 0.0, 2.3, 0.0, 1652913961.0051336
3.7, 0.0, 0.0, 0.0, 1652913961.5063632
0.0, 2.4, 0.0, 2.3, 1652913962.0074906
0.0, 0.0, 0.0, 2.3, 1652913962.5084498
3.8, 0.0, 2.3, 2.3, 1652913963.0093882
3.7, 0.0, 0.0, 0.0, 1652913963.5106592
5.6, 2.3, 0.0, 2.2, 1652913964.0117958
2.0, 3.8, 3.8, 2.0, 1652913964.5127232
0.0, 0.0, 0.0, 0.0, 1652913965.0136776
0.0, 0.0, 0.0, 0.0, 1652913965.514684
9.7, 2.6, 2.3, 0.0, 1652913966.0157654
0.0, 2.6, 0.0, 0.0, 1652913966.51674
4.0, 2.6, 2.3, 0.0, 1652913967.0176713
4.0, 0.0, 0.0, 2.4, 1652913967.5188062
3.8, 0.0, 0.0, 2.4, 1652913968.019823
0.0, 0.0, 0.0, 0.0, 1652913968.5207596
11.1, 0.0, 0.0, 7.0, 1652913969.0217226
7.7, 7.7, 4.8, 0.0, 1652913969.5229726
7.7, 5.0, 4.7, 4.7, 1652913970.0240722
0.0, 5.0, 2.3, 4.8, 1652913970.5251489
2.2, 2.1, 2.0, 0.0, 1652913971.0261152
0.0, 0.0, 0.0, 0.0, 1652913971.5270586
0.0, 0.0, 0.0, 0.0, 1652913972.028136
2.3, 0.0, 4.1, 2.0, 1652913972.5290682
19.2, 14.0, 11.9, 4.7, 1652913973.030095
22.2, 9.5, 9.3, 2.3, 1652913973.531262
41.7, 9.5, 15.6, 6.7, 1652913974.0323288
53.3, 11.6, 13.3, 16.0, 1652913974.533284
55.1, 7.1, 7.0, 2.2, 1652913975.0343335
53.2, 23.5, 17.0, 16.0, 1652913975.535485
63.8, 21.3, 18.7, 16.0, 1652913976.0365086
61.4, 23.5, 14.9, 12.2, 1652913976.5374382
66.1, 13.3, 11.1, 8.5, 1652913977.0384817
52.5, 14.3, 6.5, 8.3, 1652913977.5394833
0.0, 0.0, 2.0, 0.0, 1652913978.0404694
2.0, 2.0, 2.0, 2.0, 1652913978.5414503
0.0, 0.0, 2.0, 0.0, 1652913979.0424178
56.7, 22.4, 10.9, 16.7, 1652913979.5436084
72.7, 14.0, 11.1, 21.6, 1652913980.0447383
71.6, 17.8, 8.9, 7.0, 1652913980.5457788
72.1, 15.2, 14.6, 11.1, 1652913981.047127
71.0, 17.0, 10.6, 14.6, 1652913981.548251
72.1, 15.6, 8.7, 14.6, 1652913982.0492487
71.0, 14.9, 4.5, 6.7, 1652913982.5503383
72.1, 23.5, 2.3, 8.9, 1652913983.0515745
72.1, 9.3, 8.5, 6.7, 1652913983.5527399
73.5, 11.6, 2.4, 6.8, 1652913984.053268
26.8, 6.0, 2.1, 4.1, 1652913984.5542572
0.0, 0.0, 0.0, 0.0, 1652913985.0552118
0.0, 3.9, 5.8, 0.0, 1652913985.5562024
18.9, 0.0, 0.0, 2.2, 1652913986.057162
72.5, 10.3, 7.3, 7.3, 1652913986.5582173
73.5, 7.5, 7.3, 4.7, 1652913987.0593007
74.2, 2.6, 4.9, 2.4, 1652913987.5603
72.5, 7.5, 5.0, 4.8, 1652913988.0613077
72.5, 7.5, 0.0, 2.3, 1652913988.5624242
71.4, 2.5, 7.0, 2.3, 1652913989.0635111
72.5, 7.5, 11.4, 4.8, 1652913989.5645084
72.5, 7.3, 7.0, 4.5, 1652913990.0654604
72.5, 9.8, 9.1, 9.3, 1652913990.5666268
62.7, 4.7, 4.5, 2.3, 1652913991.067573
0.0, 0.0, 2.0, 0.0, 1652913991.5685313
0.0, 3.8, 0.0, 0.0, 1652913992.069466
0.0, 0.0, 0.0, 0.0, 1652913992.5704188
55.2, 4.9, 2.3, 0.0, 1652913993.0714886
77.3, 5.3, 2.3, 9.3, 1652913993.5724387
73.1, 7.3, 4.5, 0.0, 1652913994.0733788
77.3, 7.5, 2.3, 7.0, 1652913994.5741076
75.8, 5.1, 2.3, 2.4, 1652913995.0752192
75.4, 12.2, 2.3, 4.8, 1652913995.576316
75.8, 7.5, 4.5, 7.0, 1652913996.077328
76.5, 7.1, 4.4, 7.0, 1652913996.5781918
75.4, 7.5, 2.3, 4.7, 1652913997.079319
74.2, 7.3, 4.4, 4.8, 1652913997.5804012
31.6, 2.2, 2.1, 4.2, 1652913998.0813582
0.0, 0.0, 0.0, 0.0, 1652913998.5820174
0.0, 0.0, 2.0, 0.0, 1652913999.0830338
13.7, 6.0, 2.1, 8.0, 1652913999.5840988
77.8, 15.0, 11.4, 11.1, 1652914000.0851345
82.0, 10.0, 4.5, 5.0, 1652914000.5861554
79.4, 12.5, 8.9, 9.8, 1652914001.0875273
77.4, 9.8, 2.3, 4.9, 1652914001.5885012
77.8, 7.7, 6.7, 6.8, 1652914002.089663
76.6, 2.6, 2.3, 6.7, 1652914002.590836
77.8, 14.3, 8.7, 6.8, 1652914003.0915554
77.8, 5.1, 0.0, 4.5, 1652914003.5925763
79.4, 11.9, 6.7, 4.7, 1652914004.0936627
72.4, 11.6, 4.4, 4.4, 1652914004.5946305
0.0, 0.0, 2.0, 0.0, 1652914005.0955849
0.0, 0.0, 0.0, 0.0, 1652914005.5966046
2.0, 2.0, 0.0, 3.9, 1652914006.0975547
52.7, 9.8, 6.7, 4.3, 1652914006.5985663
80.6, 8.6, 13.6, 4.4, 1652914007.0995774
78.7, 12.8, 7.1, 6.4, 1652914007.6005754
77.4, 20.9, 11.1, 14.0, 1652914008.101652
78.1, 5.4, 9.1, 13.7, 1652914008.6028543
73.8, 10.3, 8.9, 8.3, 1652914009.1038897
79.0, 19.5, 9.3, 10.2, 1652914009.6048498
80.6, 13.2, 13.3, 12.5, 1652914010.1057644
79.0, 2.9, 7.0, 6.7, 1652914010.6067915
77.4, 8.3, 2.4, 6.5, 1652914011.1078727
38.2, 6.5, 6.1, 4.2, 1652914011.6089008
2.0, 2.0, 0.0, 3.8, 1652914012.1098578
0.0, 0.0, 0.0, 0.0, 1652914012.6108084
5.9, 4.0, 4.0, 4.0, 1652914013.1119275
84.5, 0.0, 2.4, 4.9, 1652914013.6134787
83.3, 17.9, 10.9, 11.1, 1652914014.114606
83.3, 13.2, 4.5, 8.9, 1652914014.6157851
81.7, 15.4, 2.3, 9.1, 1652914015.116837
83.3, 17.5, 8.9, 9.5, 1652914015.6178515
80.3, 10.8, 10.6, 9.1, 1652914016.11906
81.7, 15.4, 6.7, 2.6, 1652914016.6200073
83.3, 8.3, 4.5, 2.4, 1652914017.121025
83.1, 2.9, 2.3, 2.4, 1652914017.6223536
78.7, 17.5, 12.8, 15.2, 1652914018.1233299
0.0, 0.0, 0.0, 0.0, 1652914018.624333
0.0, 0.0, 0.0, 0.0, 1652914019.1252341
0.0, 2.0, 2.0, 2.0, 1652914019.6260145
53.8, 0.0, 9.3, 8.5, 1652914020.127105
84.7, 19.5, 14.3, 17.8, 1652914020.628271
83.3, 14.3, 7.3, 7.0, 1652914021.1293843
83.1, 5.4, 7.5, 6.8, 1652914021.630465
84.7, 2.7, 14.0, 4.8, 1652914022.131618
82.8, 5.3, 0.0, 4.5, 1652914022.6326962
87.7, 12.5, 14.0, 2.4, 1652914023.1337955
85.0, 5.4, 5.1, 4.5, 1652914023.634775
84.2, 16.3, 14.0, 11.1, 1652914024.1360617
87.9, 5.4, 11.6, 4.8, 1652914024.6373553
40.4, 2.3, 6.4, 0.0, 1652914025.1383939
0.0, 0.0, 0.0, 0.0, 1652914025.6393466
2.0, 3.9, 2.0, 0.0, 1652914026.140339
3.9, 0.0, 0.0, 0.0, 1652914026.6413622
96.2, 2.7, 4.9, 5.0, 1652914027.142388
92.5, 2.6, 4.9, 2.6, 1652914027.6430922
92.7, 15.0, 13.6, 14.0, 1652914028.1442883
89.1, 2.6, 4.8, 5.0, 1652914028.645361
92.6, 5.3, 4.9, 5.3, 1652914029.1464553
96.1, 10.5, 7.1, 12.2, 1652914029.6475892
92.7, 12.5, 11.4, 12.5, 1652914030.1486356
92.6, 10.0, 9.3, 12.5, 1652914030.649798
90.7, 10.0, 9.3, 12.8, 1652914031.1508753
87.5, 5.1, 4.8, 7.7, 1652914031.6518116
0.0, 0.0, 0.0, 2.0, 1652914032.1527517
2.0, 0.0, 3.9, 0.0, 1652914032.653815
0.0, 0.0, 2.0, 0.0, 1652914033.1548104
50.0, 4.8, 0.0, 0.0, 1652914033.6558137
89.1, 13.2, 9.5, 9.5, 1652914034.1570075
92.7, 15.8, 9.3, 5.1, 1652914034.6581154
92.5, 3.0, 5.0, 7.5, 1652914035.1593196
90.7, 13.2, 4.8, 11.6, 1652914035.6605277
87.5, 18.4, 9.8, 10.0, 1652914036.161778
90.6, 8.3, 0.0, 9.5, 1652914036.6629212
89.1, 13.2, 7.1, 9.5, 1652914037.1640635
91.1, 10.8, 5.0, 7.5, 1652914037.6650937
90.7, 15.4, 20.0, 14.3, 1652914038.1660788
49.1, 4.7, 2.2, 0.0, 1652914038.6670797
0.0, 2.0, 0.0, 2.0, 1652914039.1679957
2.0, 2.0, 0.0, 0.0, 1652914039.6689281
2.0, 2.0, 0.0, 2.0, 1652914040.16988
94.0, 15.0, 7.5, 9.8, 1652914040.67099
100.0, 5.4, 9.8, 4.9, 1652914041.1717794
100.0, 8.1, 5.1, 2.5, 1652914041.6730337
96.2, 7.9, 14.0, 4.9, 1652914042.1741092
98.0, 2.7, 7.3, 4.7, 1652914042.6751902
98.1, 12.8, 7.3, 7.0, 1652914043.1762314
98.0, 0.0, 2.6, 4.7, 1652914043.677266
98.0, 10.3, 12.2, 7.1, 1652914044.1781175
98.0, 5.4, 2.6, 2.4, 1652914044.6792135
96.2, 2.8, 9.8, 9.3, 1652914045.1803043
6.0, 0.0, 2.0, 0.0, 1652914045.6812425
0.0, 3.8, 2.0, 0.0, 1652914046.1822011
0.0, 2.0, 2.0, 2.0, 1652914046.6831574
45.1, 4.5, 0.0, 4.3, 1652914047.1842299
100.0, 5.6, 5.0, 2.4, 1652914047.6853616
100.0, 22.0, 11.9, 11.6, 1652914048.1865027
100.0, 2.9, 5.0, 2.4, 1652914048.6875415
98.0, 8.1, 5.0, 9.3, 1652914049.1885767
100.0, 5.7, 7.3, 11.4, 1652914049.6896331
100.0, 11.1, 11.6, 9.5, 1652914050.1908019
100.0, 10.5, 7.3, 9.8, 1652914050.6919425
100.0, 10.5, 7.1, 4.9, 1652914051.193211
100.0, 5.7, 7.3, 9.3, 1652914051.6943367
54.0, 8.9, 2.3, 4.3, 1652914052.1953537
0.0, 0.0, 0.0, 0.0, 1652914052.6963334
3.9, 2.0, 2.0, 3.8, 1652914053.1973176
0.0, 0.0, 0.0, 2.0, 1652914053.6982663
90.4, 16.2, 11.4, 9.5, 1652914054.199334
100.0, 13.9, 4.9, 2.5, 1652914054.7004263
100.0, 8.8, 7.1, 13.3, 1652914055.201617
100.0, 18.4, 4.8, 2.5, 1652914055.702795
100.0, 14.3, 11.6, 7.3, 1652914056.204006
100.0, 6.1, 0.0, 4.9, 1652914056.705054
100.0, 11.1, 2.5, 7.1, 1652914057.2060983
100.0, 3.1, 4.9, 4.9, 1652914057.7071404
100.0, 21.6, 9.8, 14.0, 1652914058.2083864
100.0, 6.1, 4.8, 4.9, 1652914058.709575
8.0, 4.1, 2.0, 4.1, 1652914059.2105982
2.0, 2.0, 0.0, 0.0, 1652914059.711524
2.0, 0.0, 2.0, 2.0, 1652914060.2124867
38.0, 2.3, 6.1, 4.7, 1652914060.7135987
100.0, 15.8, 11.1, 10.8, 1652914061.2148945
100.0, 5.6, 6.7, 2.9, 1652914061.716326
100.0, 15.8, 4.7, 7.7, 1652914062.217342
100.0, 8.3, 2.3, 5.3, 1652914062.7185528
100.0, 20.0, 4.7, 12.2, 1652914063.2198198
100.0, 5.7, 4.7, 5.3, 1652914063.720958
100.0, 17.9, 4.7, 2.7, 1652914064.2221262
100.0, 5.9, 6.7, 7.7, 1652914064.7232466
100.0, 8.6, 8.9, 7.9, 1652914065.2243323
63.5, 4.8, 2.2, 8.7, 1652914065.7253368
0.0, 0.0, 0.0, 2.0, 1652914066.2262964
2.0, 0.0, 0.0, 0.0, 1652914066.727297
2.0, 2.0, 0.0, 0.0, 1652914067.2282455
0.0, 0.0, 0.0, 0.0, 1652914067.7291815
2.0, 3.9, 2.0, 2.0, 1652914068.2301905
2.0, 0.0, 0.0, 0.0, 1652914068.7311428
2.0, 0.0, 0.0, 0.0, 1652914069.2320817
0.0, 0.0, 3.9, 0.0, 1652914069.7330012
0.0, 0.0, 2.0, 0.0, 1652914070.2340534
0.0, 0.0, 2.0, 0.0, 1652914070.7349741
0.0, 0.0, 2.0, 0.0, 1652914071.2358975
0.0, 0.0, 0.0, 0.0, 1652914071.736834
3.9, 2.0, 2.0, 2.0, 1652914072.2378047
0.0, 0.0, 0.0, 0.0, 1652914072.7387567
2.0, 2.0, 2.0, 3.9, 1652914073.2397406
0.0, 0.0, 0.0, 0.0, 1652914073.7407694
2.0, 0.0, 2.0, 2.0, 1652914074.241824
0.0, 0.0, 0.0, 0.0, 1652914074.742789
0.0, 2.0, 0.0, 2.0, 1652914075.2437174
2.0, 0.0, 3.9, 0.0, 1652914075.7446084
2.0, 2.0, 2.0, 4.0, 1652914076.2455397
0.0, 0.0, 0.0, 0.0, 1652914076.7465348
0.0, 0.0, 3.8, 0.0, 1652914077.247541
0.0, 0.0, 0.0, 0.0, 1652914077.7484567