3.8, 0.0, 0.0, 0.0, 1652914199.5500507
0.0, 2.0, 4.0, 0.0, 1652914200.0509977
2.0, 0.0, 0.0, 2.1, 1652914200.5520034
0.0, 0.0, 0.0, 0.0, 1652914201.0529888
0.0, 0.0, 0.0, 0.0, 1652914201.55402
2.0, 2.0, 0.0, 0.0, 1652914202.0549715
0.0, 0.0, 0.0, 0.0, 1652914202.5559247
0.0, 2.0, 0.0, 2.0, 1652914203.0568564
2.0, 0.0, 0.0, 0.0, 1652914203.5578663
2.0, 2.0, 0.0, 2.0, 1652914204.0588176
0.0, 0.0, 2.0, 0.0, 1652914204.5597944
2.2, 0.0, 0.0, 0.0, 1652914205.0607457
2.2, 0.0, 0.0, 0.0, 1652914205.5617292
6.4, 4.1, 4.1, 8.0, 1652914206.06265
0.0, 0.0, 0.0, 0.0, 1652914206.5637054
6.2, 0.0, 0.0, 0.0, 1652914207.0646868
0.0, 0.0, 0.0, 0.0, 1652914207.56561
0.0, 0.0, 0.0, 2.1, 1652914208.0665817
0.0, 2.0, 0.0, 0.0, 1652914208.567592
2.2, 4.0, 2.0, 0.0, 1652914209.0686703
2.0, 0.0, 0.0, 0.0, 1652914209.5696654
0.0, 2.0, 3.9, 0.0, 1652914210.0706606
3.9, 2.0, 2.0, 2.1, 1652914210.5716264
0.0, 0.0, 2.0, 0.0, 1652914211.0725877
0.0, 0.0, 0.0, 0.0, 1652914211.5735488
0.0, 0.0, 0.0, 0.0, 1652914212.0744777
0.0, 0.0, 2.1, 0.0, 1652914212.5755506
0.0, 2.0, 0.0, 0.0, 1652914213.0765378
0.0, 0.0, 2.0, 2.1, 1652914213.57756
4.4, 2.1, 2.1, 0.0, 1652914214.078036
2.3, 2.0, 2.1, 0.0, 1652914214.5789673
0.0, 0.0, 0.0, 2.1, 1652914215.0799975
0.0, 0.0, 0.0, 2.1, 1652914215.5809302
4.4, 4.1, 6.1, 4.1, 1652914216.081906
0.0, 0.0, 2.0, 0.0, 1652914216.5828793
2.0, 0.0, 0.0, 0.0, 1652914217.0838199
0.0, 0.0, 0.0, 0.0, 1652914217.584776
0.0, 2.0, 2.1, 2.1, 1652914218.0857537
0.0, 2.1, 0.0, 0.0, 1652914218.586719
2.4, 0.0, 0.0, 0.0, 1652914219.0877938
0.0, 0.0, 0.0, 0.0, 1652914219.5887775
2.5, 4.3, 0.0, 6.1, 1652914220.0897498
2.4, 0.0, 0.0, 0.0, 1652914220.590787
2.4, 0.0, 2.1, 0.0, 1652914221.0918205
0.0, 0.0, 0.0, 2.1, 1652914221.5929022
0.0, 2.1, 2.1, 2.1, 1652914222.0938902
2.4, 0.0, 0.0, 0.0, 1652914222.5947893
2.1, 4.0, 2.0, 0.0, 1652914223.09577
0.0, 0.0, 0.0, 0.0, 1652914223.5967007
2.0, 2.0, 3.9, 3.9, 1652914224.097649
0.0, 0.0, 0.0, 2.0, 1652914224.5986314
2.7, 0.0, 0.0, 0.0, 1652914225.0991924
5.3, 2.1, 2.1, 4.4, 1652914225.6003728
2.8, 2.2, 4.3, 4.4, 1652914226.1012793
2.6, 0.0, 0.0, 0.0, 1652914226.6021936
0.0, 0.0, 0.0, 2.1, 1652914227.1031272
0.0, 0.0, 0.0, 0.0, 1652914227.6042428
0.0, 2.1, 0.0, 2.2, 1652914228.1052134
0.0, 0.0, 0.0, 2.1, 1652914228.606146
2.7, 0.0, 0.0, 0.0, 1652914229.107057
2.6, 0.0, 2.1, 0.0, 1652914229.6082253
0.0, 2.0, 2.0, 0.0, 1652914230.109138
0.0, 3.9, 2.0, 2.1, 1652914230.610049
0.0, 0.0, 0.0, 2.0, 1652914231.110999
4.8, 2.1, 2.1, 0.0, 1652914231.6119785
2.9, 2.2, 4.5, 2.3, 1652914232.1129615
2.8, 0.0, 0.0, 0.0, 1652914232.6139767
2.9, 2.2, 2.2, 2.2, 1652914233.1148994
2.9, 0.0, 2.2, 0.0, 1652914233.6159196
0.0, 0.0, 2.2, 2.2, 1652914234.1169548
5.4, 2.2, 0.0, 2.2, 1652914234.6179378
0.0, 0.0, 2.2, 0.0, 1652914235.1188676
5.7, 0.0, 0.0, 2.2, 1652914235.6201115
0.0, 4.3, 2.3, 6.5, 1652914236.121261
0.0, 0.0, 0.0, 0.0, 1652914236.6221929
0.0, 0.0, 0.0, 0.0, 1652914237.123099
0.0, 0.0, 0.0, 0.0, 1652914237.6240191
2.0, 2.0, 2.0, 2.0, 1652914238.1251087
3.0, 2.2, 2.3, 2.3, 1652914238.6260645
3.2, 0.0, 0.0, 4.7, 1652914239.1270602
5.9, 4.4, 4.4, 4.5, 1652914239.6284134
3.1, 2.2, 2.3, 4.5, 1652914240.129452
6.1, 2.2, 4.4, 2.4, 1652914240.6303957
5.9, 2.2, 0.0, 0.0, 1652914241.1318822
3.1, 0.0, 0.0, 2.4, 1652914241.6331553
3.1, 0.0, 0.0, 4.4, 1652914242.1341367
3.0, 0.0, 0.0, 0.0, 1652914242.6350517
3.0, 2.2, 0.0, 2.2, 1652914243.1359675
2.0, 2.0, 2.0, 0.0, 1652914243.636925
0.0, 0.0, 0.0, 2.0, 1652914244.1378944
2.0, 0.0, 2.0, 0.0, 1652914244.6388633
2.5, 0.0, 0.0, 4.2, 1652914245.1401176
0.0, 2.2, 0.0, 0.0, 1652914245.6411724
12.1, 2.2, 4.8, 2.3, 1652914246.142021
0.0, 2.2, 4.5, 2.3, 1652914246.6429331
3.2, 0.0, 4.7, 2.3, 1652914247.144101
6.5, 2.2, 0.0, 0.0, 1652914247.6452227
6.5, 2.2, 2.3, 4.4, 1652914248.1461504
6.2, 0.0, 0.0, 2.3, 1652914248.6470876
6.2, 2.2, 0.0, 6.7, 1652914249.1486113
12.1, 2.2, 2.3, 2.3, 1652914249.6495762
5.0, 6.1, 6.4, 4.2, 1652914250.1505964
0.0, 2.0, 0.0, 0.0, 1652914250.6515563
0.0, 0.0, 0.0, 0.0, 1652914251.1525538
2.0, 0.0, 0.0, 0.0, 1652914251.6534803
18.2, 2.2, 2.5, 4.5, 1652914252.1543868
16.1, 2.2, 0.0, 0.0, 1652914252.6554034
18.7, 0.0, 0.0, 2.3, 1652914253.1566882
13.3, 6.2, 7.1, 4.4, 1652914253.657632
17.6, 0.0, 2.4, 4.5, 1652914254.1586008
16.1, 0.0, 2.5, 2.3, 1652914254.659607
18.8, 8.2, 4.9, 6.5, 1652914255.1605773
10.0, 2.2, 0.0, 4.7, 1652914255.6615038
7.1, 2.2, 4.9, 8.9, 1652914256.1624534
12.9, 0.0, 2.5, 2.4, 1652914256.6636543
2.0, 0.0, 3.9, 0.0, 1652914257.1646953
0.0, 0.0, 0.0, 0.0, 1652914257.6657476
2.0, 0.0, 0.0, 0.0, 1652914258.1667182
7.3, 0.0, 2.2, 0.0, 1652914258.6678183
30.3, 6.4, 5.0, 2.3, 1652914259.1688354
27.3, 2.2, 2.5, 4.4, 1652914259.669794
30.3, 8.5, 9.8, 12.8, 1652914260.1704152
34.3, 4.4, 5.0, 4.8, 1652914260.6714988
32.4, 4.3, 2.5, 4.5, 1652914261.172655
25.0, 4.3, 0.0, 2.3, 1652914261.6737547
31.4, 4.3, 2.5, 2.2, 1652914262.1747255
27.3, 2.2, 4.9, 4.4, 1652914262.675793
29.4, 2.2, 4.9, 6.5, 1652914263.1770139
16.7, 0.0, 0.0, 0.0, 1652914263.6781137
0.0, 0.0, 2.0, 2.0, 1652914264.1790614
0.0, 2.0, 0.0, 0.0, 1652914264.6800604
0.0, 0.0, 0.0, 2.0, 1652914265.1809926
33.3, 4.7, 0.0, 6.7, 1652914265.6820812
41.7, 9.1, 7.5, 12.8, 1652914266.1830378
26.7, 4.7, 7.0, 4.5, 1652914266.6842604
37.1, 8.9, 5.0, 4.4, 1652914267.1852403
31.4, 4.5, 0.0, 2.2, 1652914267.686256
34.4, 10.9, 9.5, 4.5, 1652914268.1872945
34.3, 2.3, 2.4, 0.0, 1652914268.6884792
33.3, 4.5, 4.9, 2.3, 1652914269.1894858
36.1, 4.5, 4.9, 2.3, 1652914269.6904283
28.1, 0.0, 7.1, 4.4, 1652914270.1911077
6.0, 3.9, 4.0, 2.2, 1652914270.6921544
0.0, 0.0, 0.0, 0.0, 1652914271.193073
0.0, 0.0, 2.0, 0.0, 1652914271.6940644
15.9, 4.2, 0.0, 0.0, 1652914272.1950252
56.1, 0.0, 0.0, 2.3, 1652914272.6961203
51.3, 4.5, 6.8, 4.5, 1652914273.1971989
48.6, 2.3, 6.8, 4.4, 1652914273.6982753
45.9, 4.5, 0.0, 4.5, 1652914274.1993375
52.5, 0.0, 2.4, 4.4, 1652914274.700416
47.5, 4.3, 2.4, 0.0, 1652914275.2014415
50.0, 4.4, 2.4, 2.3, 1652914275.702103
48.7, 4.4, 4.7, 8.7, 1652914276.2030642
44.4, 2.3, 0.0, 2.3, 1652914276.7043061
26.2, 2.1, 6.4, 4.3, 1652914277.205423
0.0, 0.0, 0.0, 0.0, 1652914277.7064655
0.0, 0.0, 2.0, 0.0, 1652914278.2074118
0.0, 2.0, 0.0, 0.0, 1652914278.7083192
52.4, 10.4, 7.1, 4.5, 1652914279.2093349
66.7, 4.3, 4.9, 4.4, 1652914279.7104106
57.5, 2.3, 7.3, 6.5, 1652914280.2109838
65.9, 8.5, 4.9, 7.1, 1652914280.7120779
61.0, 4.4, 5.0, 4.5, 1652914281.2132869
63.6, 0.0, 4.8, 2.3, 1652914281.7143092
56.1, 4.3, 2.5, 6.4, 1652914282.2153842
56.4, 0.0, 0.0, 2.2, 1652914282.7164872
55.0, 2.2, 7.0, 4.4, 1652914283.2175205
56.1, 6.3, 2.5, 0.0, 1652914283.7186139
8.2, 0.0, 2.0, 6.0, 1652914284.2195826
2.0, 0.0, 0.0, 0.0, 1652914284.7205584
0.0, 0.0, 0.0, 0.0, 1652914285.2215466
21.3, 2.1, 0.0, 2.3, 1652914285.7224956
67.4, 14.9, 14.0, 14.3, 1652914286.223501
67.4, 6.5, 4.8, 11.6, 1652914286.7245445
64.3, 8.5, 7.0, 6.8, 1652914287.2255647
56.4, 2.2, 0.0, 4.7, 1652914287.7265964
61.5, 8.7, 7.0, 9.3, 1652914288.2276473
57.9, 6.5, 6.8, 2.4, 1652914288.7284772
62.8, 0.0, 2.4, 11.4, 1652914289.2295482
61.5, 0.0, 0.0, 4.7, 1652914289.7305613
61.9, 4.4, 7.0, 4.7, 1652914290.2317061
44.7, 8.3, 6.7, 9.1, 1652914290.7327697
0.0, 0.0, 2.0, 0.0, 1652914291.2337732
2.0, 0.0, 0.0, 0.0, 1652914291.7347436
0.0, 0.0, 0.0, 0.0, 1652914292.2356744
53.3, 2.4, 2.4, 0.0, 1652914292.7371452
71.1, 7.1, 2.5, 9.3, 1652914293.2384036
65.0, 7.0, 7.0, 2.4, 1652914293.739742
64.3, 4.8, 7.1, 6.8, 1652914294.2408829
61.0, 4.7, 0.0, 6.8, 1652914294.7419329
59.0, 4.7, 4.8, 0.0, 1652914295.2429106
60.0, 4.7, 7.1, 6.8, 1652914295.743454
65.0, 9.1, 11.6, 15.6, 1652914296.244722
63.6, 4.7, 7.0, 4.7, 1652914296.745747
63.9, 4.7, 4.7, 6.8, 1652914297.2467651
14.3, 2.0, 0.0, 2.1, 1652914297.7476876
2.0, 0.0, 0.0, 0.0, 1652914298.2486181
0.0, 0.0, 2.0, 2.0, 1652914298.7495356
14.6, 4.1, 2.1, 2.1, 1652914299.2505014
75.6, 4.5, 2.7, 7.1, 1652914299.751605
69.0, 4.4, 5.1, 2.4, 1652914300.252647
70.5, 8.9, 9.8, 11.9, 1652914300.753679
67.4, 0.0, 5.0, 2.6, 1652914301.2547798
75.6, 6.7, 2.6, 2.5, 1652914301.7558663
70.5, 2.2, 5.0, 4.7, 1652914302.2570698
71.1, 4.4, 2.6, 4.5, 1652914302.758092
67.5, 2.3, 7.5, 4.7, 1652914303.2591646
72.1, 10.9, 7.5, 10.9, 1652914303.760142
59.1, 4.3, 4.8, 2.3, 1652914304.2610738
0.0, 2.0, 0.0, 0.0, 1652914304.7620559
0.0, 0.0, 2.0, 2.0, 1652914305.262992
2.0, 0.0, 0.0, 2.0, 1652914305.7640162
45.5, 4.5, 4.7, 7.0, 1652914306.2650547
75.0, 4.8, 5.0, 9.3, 1652914306.7660644
68.3, 2.4, 2.5, 4.9, 1652914307.2675714
70.7, 6.8, 11.4, 11.4, 1652914307.7689269
73.8, 8.9, 2.5, 4.9, 1652914308.2701228
72.1, 6.8, 7.1, 7.0, 1652914308.7713902
76.1, 8.9, 4.9, 7.3, 1652914309.2726402
76.1, 4.7, 4.9, 9.3, 1652914309.7736447
71.4, 2.3, 2.5, 4.8, 1652914310.274292
78.0, 13.3, 13.6, 14.6, 1652914310.7754922
21.7, 2.1, 0.0, 0.0, 1652914311.2765527
0.0, 0.0, 0.0, 0.0, 1652914311.7773242
0.0, 0.0, 0.0, 2.0, 1652914312.278319
12.2, 0.0, 0.0, 0.0, 1652914312.7794898
85.4, 2.4, 5.3, 0.0, 1652914313.280681
82.2, 8.9, 12.2, 9.1, 1652914313.781856
84.1, 8.9, 7.9, 7.1, 1652914314.2830713
77.3, 4.7, 0.0, 6.8, 1652914314.7841115
84.8, 6.8, 5.3, 7.0, 1652914315.285145
88.0, 8.9, 7.5, 14.0, 1652914315.7860503
83.3, 8.9, 12.5, 7.1, 1652914316.2871733
80.0, 6.7, 9.5, 4.8, 1652914316.7882938
83.0, 0.0, 5.3, 2.4, 1652914317.2889335
72.9, 4.5, 2.5, 6.8, 1652914317.790148
0.0, 0.0, 2.0, 0.0, 1652914318.2910824
0.0, 2.0, 0.0, 0.0, 1652914318.7920263
0.0, 0.0, 0.0, 0.0, 1652914319.2925086
57.1, 4.5, 10.9, 2.3, 1652914319.7935205
92.0, 2.5, 4.9, 5.0, 1652914320.294546
89.4, 18.2, 15.9, 19.0, 1652914320.7956138
90.4, 4.9, 2.5, 5.0, 1652914321.296701
92.0, 2.6, 7.1, 5.0, 1652914321.797826
87.0, 9.1, 2.4, 2.5, 1652914322.2989066
87.5, 2.5, 0.0, 7.1, 1652914322.799598
83.3, 2.4, 4.8, 2.4, 1652914323.3007658
86.3, 9.3, 9.3, 13.3, 1652914323.801825
87.8, 2.5, 7.0, 9.3, 1652914324.30251
34.6, 4.1, 4.2, 2.1, 1652914324.80347
0.0, 0.0, 0.0, 0.0, 1652914325.3044407
0.0, 2.0, 2.0, 3.9, 1652914325.8053818
6.3, 0.0, 0.0, 4.1, 1652914326.306265
89.4, 6.7, 0.0, 2.5, 1652914326.807502
89.1, 8.7, 7.7, 7.3, 1652914327.308538
91.7, 4.7, 10.0, 9.3, 1652914327.8096378
87.5, 4.5, 5.3, 4.9, 1652914328.3111308
91.8, 6.8, 12.2, 9.5, 1652914328.8122945
91.5, 6.5, 10.0, 7.1, 1652914329.313327
87.5, 4.7, 5.4, 9.5, 1652914329.8143911
92.0, 2.3, 7.7, 2.5, 1652914330.315292
91.7, 12.8, 10.3, 10.3, 1652914330.8164055
81.2, 0.0, 9.8, 5.0, 1652914331.3177876
0.0, 0.0, 2.0, 0.0, 1652914331.8187463
0.0, 0.0, 0.0, 0.0, 1652914332.3197088
0.0, 0.0, 2.0, 0.0, 1652914332.8206632
51.1, 10.0, 4.7, 0.0, 1652914333.3217394
95.9, 4.7, 10.5, 9.3, 1652914333.8228364
96.1, 4.5, 2.9, 7.0, 1652914334.324037
98.0, 4.5, 8.1, 4.8, 1652914334.8251672
95.8, 4.5, 5.4, 7.0, 1652914335.3261557
96.1, 2.4, 12.8, 11.4, 1652914335.8272269
95.8, 8.9, 10.5, 7.0, 1652914336.3282776
95.8, 4.5, 5.6, 7.0, 1652914336.8296351
96.1, 6.7, 10.3, 2.5, 1652914337.3308322
91.8, 6.8, 8.1, 9.1, 1652914337.8320446
39.6, 4.1, 4.3, 0.0, 1652914338.333063
2.0, 0.0, 0.0, 2.0, 1652914338.8340456
0.0, 0.0, 0.0, 0.0, 1652914339.3350155
2.1, 2.0, 2.0, 2.0, 1652914339.8361738
98.0, 5.1, 5.1, 7.7, 1652914340.3373866
95.7, 11.9, 12.2, 20.0, 1652914340.8386357
98.0, 2.6, 5.0, 12.2, 1652914341.339674
100.0, 14.0, 14.3, 7.7, 1652914341.8408225
95.8, 5.0, 5.1, 7.5, 1652914342.3420687
94.2, 2.6, 9.5, 7.3, 1652914342.843429
91.3, 4.8, 2.5, 4.9, 1652914343.344521
94.1, 11.6, 9.8, 14.3, 1652914343.8456702
95.7, 2.6, 14.0, 11.9, 1652914344.346787
85.7, 4.9, 4.9, 7.1, 1652914344.8478649
2.0, 0.0, 2.0, 0.0, 1652914345.3487933
0.0, 0.0, 0.0, 2.1, 1652914345.8497927
5.8, 2.0, 0.0, 2.0, 1652914346.3507586
51.1, 2.2, 0.0, 0.0, 1652914346.8519435
98.0, 2.4, 5.3, 4.8, 1652914347.353031
100.0, 8.9, 7.9, 9.1, 1652914347.854062
100.0, 6.7, 2.7, 4.5, 1652914348.355232
100.0, 2.4, 10.3, 7.1, 1652914348.8563275
100.0, 2.4, 5.3, 4.8, 1652914349.3573525
100.0, 9.1, 10.0, 9.1, 1652914349.8583603
100.0, 4.7, 10.0, 9.3, 1652914350.3595219
100.0, 17.0, 17.5, 14.6, 1652914350.8606985
100.0, 2.4, 10.0, 4.9, 1652914351.3618493
48.0, 6.3, 4.4, 10.0, 1652914351.862801
0.0, 0.0, 0.0, 0.0, 1652914352.363762
0.0, 0.0, 3.9, 0.0, 1652914352.8647316
0.0, 0.0, 0.0, 2.0, 1652914353.3658907
98.0, 15.0, 12.2, 10.3, 1652914353.8667197
100.0, 5.0, 5.1, 9.5, 1652914354.3678966
98.0, 9.5, 2.6, 7.3, 1652914354.8690844
100.0, 9.8, 5.0, 5.1, 1652914355.3703413
100.0, 7.5, 9.8, 12.2, 1652914355.8714004
100.0, 7.7, 11.9, 19.0, 1652914356.3725517
100.0, 10.0, 5.1, 5.1, 1652914356.8733842
100.0, 5.1, 2.6, 2.7, 1652914357.3744538
98.0, 20.0, 14.3, 14.3, 1652914357.8756897
100.0, 7.5, 2.6, 5.1, 1652914358.37679
2.0, 2.0, 2.0, 4.0, 1652914358.8778493
0.0, 0.0, 0.0, 0.0, 1652914359.3788042
0.0, 0.0, 2.0, 2.0, 1652914359.8797834
48.0, 2.3, 7.0, 0.0, 1652914360.380839
95.8, 19.6, 23.1, 13.9, 1652914360.881925
98.0, 9.5, 16.2, 8.3, 1652914361.3832643
100.0, 11.6, 16.7, 15.0, 1652914361.8845267
100.0, 9.3, 8.8, 10.0, 1652914362.3859832
100.0, 5.0, 11.4, 7.7, 1652914362.8873985
100.0, 9.3, 6.5, 16.3, 1652914363.3884897
98.0, 9.5, 18.4, 16.3, 1652914363.8896484
100.0, 9.3, 3.0, 5.3, 1652914364.3908224
100.0, 5.0, 11.4, 7.5, 1652914364.8934274
51.0, 2.2, 0.0, 2.3, 1652914365.3944483
0.0, 2.0, 0.0, 2.0, 1652914365.895415
3.8, 0.0, 4.0, 2.0, 1652914366.396486
0.0, 2.0, 0.0, 0.0, 1652914366.8975875
0.0, 0.0, 0.0, 2.0, 1652914367.3986156
3.8, 0.0, 0.0, 0.0, 1652914367.8995638
0.0, 0.0, 2.0, 0.0, 1652914368.4005296
0.0, 2.0, 0.0, 0.0, 1652914368.901581
0.0, 0.0, 2.0, 0.0, 1652914369.4025655
2.0, 0.0, 3.8, 0.0, 1652914369.903536
0.0, 0.0, 0.0, 2.0, 1652914370.404574
2.0, 3.9, 0.0, 2.1, 1652914370.9054868
0.0, 0.0, 0.0, 0.0, 1652914371.406443
0.0, 0.0, 2.0, 2.0, 1652914371.9073682
0.0, 0.0, 0.0, 0.0, 1652914372.408303
0.0, 0.0, 0.0, 0.0, 1652914372.9092004
0.0, 2.0, 0.0, 0.0, 1652914373.4102006
2.0, 0.0, 0.0, 2.0, 1652914373.9111407
0.0, 2.0, 2.0, 0.0, 1652914374.4121287