0.0, 2.0, 2.0, 3.9, 1652914482.2361846
0.0, 0.0, 0.0, 0.0, 1652914482.7371712
0.0, 2.0, 0.0, 0.0, 1652914483.238113
0.0, 0.0, 0.0, 0.0, 1652914483.73909
3.9, 0.0, 0.0, 0.0, 1652914484.2400634
0.0, 2.0, 0.0, 2.0, 1652914484.7410026
2.0, 2.0, 0.0, 0.0, 1652914485.2419896
0.0, 0.0, 0.0, 0.0, 1652914485.7426746
0.0, 0.0, 2.0, 0.0, 1652914486.2436168
0.0, 2.0, 0.0, 2.0, 1652914486.7445605
2.0, 0.0, 0.0, 0.0, 1652914487.2455573
2.0, 0.0, 0.0, 0.0, 1652914487.7464917
0.0, 2.0, 0.0, 0.0, 1652914488.2474806
2.2, 0.0, 0.0, 2.0, 1652914488.748571
0.0, 0.0, 2.0, 0.0, 1652914489.249519
4.3, 2.0, 0.0, 2.0, 1652914489.7500658
0.0, 0.0, 2.0, 0.0, 1652914490.2510557
0.0, 2.0, 0.0, 0.0, 1652914490.7520177
2.2, 4.1, 0.0, 2.1, 1652914491.2529893
2.2, 0.0, 0.0, 2.0, 1652914491.753972
2.1, 0.0, 2.0, 0.0, 1652914492.2549915
0.0, 0.0, 2.0, 0.0, 1652914492.756168
0.0, 4.0, 0.0, 0.0, 1652914493.2571304
4.1, 2.0, 0.0, 0.0, 1652914493.7580693
2.0, 0.0, 2.0, 2.0, 1652914494.2590737
0.0, 2.0, 3.9, 0.0, 1652914494.7600882
0.0, 0.0, 0.0, 0.0, 1652914495.2610462
4.5, 0.0, 4.1, 2.3, 1652914495.7620282
0.0, 2.0, 0.0, 2.1, 1652914496.263196
0.0, 4.0, 0.0, 0.0, 1652914496.7642016
4.7, 0.0, 2.1, 0.0, 1652914497.265153
0.0, 2.0, 0.0, 2.0, 1652914497.7660203
0.0, 0.0, 0.0, 4.1, 1652914498.2670398
4.7, 4.0, 2.1, 2.1, 1652914498.7680666
0.0, 0.0, 2.1, 0.0, 1652914499.2690227
0.0, 4.1, 0.0, 2.1, 1652914499.7699847
2.3, 0.0, 2.0, 0.0, 1652914500.2709758
0.0, 0.0, 0.0, 0.0, 1652914500.7719567
0.0, 3.9, 2.0, 4.0, 1652914501.2729323
2.0, 0.0, 0.0, 2.0, 1652914501.7739582
4.4, 0.0, 0.0, 2.1, 1652914502.2750192
2.6, 0.0, 0.0, 0.0, 1652914502.7761037
2.5, 0.0, 0.0, 0.0, 1652914503.2770553
2.5, 0.0, 2.1, 2.1, 1652914503.777988
0.0, 4.0, 0.0, 2.2, 1652914504.2790337
0.0, 0.0, 0.0, 0.0, 1652914504.7800357
0.0, 0.0, 0.0, 0.0, 1652914505.2810223
2.5, 2.0, 0.0, 2.2, 1652914505.781983
2.5, 0.0, 0.0, 0.0, 1652914506.2829802
0.0, 2.0, 2.1, 2.2, 1652914506.7840326
6.3, 2.0, 0.0, 0.0, 1652914507.2850358
2.0, 0.0, 2.0, 2.0, 1652914507.7859979
2.0, 2.0, 0.0, 0.0, 1652914508.287008
2.0, 2.0, 2.0, 2.0, 1652914508.7882457
0.0, 0.0, 0.0, 2.2, 1652914509.2890651
0.0, 0.0, 2.1, 4.3, 1652914509.7900205
0.0, 0.0, 0.0, 0.0, 1652914510.29111
2.7, 2.1, 0.0, 2.4, 1652914510.7922385
2.6, 4.3, 2.1, 6.8, 1652914511.2931883
2.7, 2.1, 2.1, 0.0, 1652914511.7940104
0.0, 0.0, 0.0, 0.0, 1652914512.2950373
0.0, 0.0, 0.0, 0.0, 1652914512.7960808
2.7, 0.0, 2.1, 0.0, 1652914513.2970088
5.0, 0.0, 0.0, 0.0, 1652914513.7980058
0.0, 2.0, 0.0, 0.0, 1652914514.2989476
0.0, 2.0, 0.0, 2.0, 1652914514.7999506
0.0, 2.0, 0.0, 0.0, 1652914515.300888
4.7, 0.0, 2.1, 2.1, 1652914515.801905
0.0, 2.1, 0.0, 4.4, 1652914516.3028572
8.6, 4.2, 2.1, 2.3, 1652914516.8044164
5.7, 2.1, 0.0, 0.0, 1652914517.3053942
0.0, 0.0, 2.1, 2.2, 1652914517.8063588
2.9, 2.1, 2.1, 0.0, 1652914518.3073392
0.0, 0.0, 0.0, 0.0, 1652914518.8084872
0.0, 2.1, 0.0, 0.0, 1652914519.3094199
5.6, 0.0, 2.1, 4.3, 1652914519.8103812
0.0, 0.0, 0.0, 0.0, 1652914520.3116884
8.9, 0.0, 2.0, 2.3, 1652914520.8128023
2.0, 3.9, 2.0, 0.0, 1652914521.3137746
0.0, 0.0, 2.0, 0.0, 1652914521.8147228
0.0, 0.0, 0.0, 0.0, 1652914522.3156679
0.0, 2.1, 0.0, 0.0, 1652914522.8169248
0.0, 0.0, 0.0, 2.3, 1652914523.3179038
3.2, 0.0, 0.0, 2.4, 1652914523.8188257
8.8, 2.1, 2.1, 0.0, 1652914524.3201227
3.2, 2.1, 0.0, 2.3, 1652914524.821111
3.1, 0.0, 0.0, 0.0, 1652914525.3220088
3.1, 4.1, 2.1, 0.0, 1652914525.823206
3.0, 0.0, 2.1, 2.4, 1652914526.324405
9.1, 2.2, 4.3, 2.5, 1652914526.8253696
0.0, 2.1, 0.0, 0.0, 1652914527.326327
3.9, 0.0, 2.0, 2.0, 1652914527.8272562
0.0, 0.0, 0.0, 0.0, 1652914528.3282654
0.0, 2.0, 0.0, 2.0, 1652914528.8291943
2.5, 0.0, 0.0, 0.0, 1652914529.330112
3.4, 2.1, 6.4, 4.4, 1652914529.8312147
13.3, 2.1, 0.0, 0.0, 1652914530.3326733
3.4, 2.1, 0.0, 2.4, 1652914530.8336678
6.9, 0.0, 0.0, 8.9, 1652914531.334636
3.7, 4.3, 2.2, 0.0, 1652914531.8359299
6.7, 0.0, 0.0, 0.0, 1652914532.336976
3.6, 0.0, 0.0, 0.0, 1652914532.8379335
9.7, 0.0, 0.0, 2.3, 1652914533.338855
10.3, 6.3, 2.2, 6.5, 1652914533.8400195
2.6, 0.0, 0.0, 0.0, 1652914534.3410325
2.0, 2.0, 2.0, 2.0, 1652914534.842003
0.0, 0.0, 0.0, 2.0, 1652914535.342914
2.0, 2.0, 0.0, 0.0, 1652914535.8438892
10.0, 2.2, 2.2, 2.4, 1652914536.3451784
10.3, 2.3, 2.2, 4.9, 1652914536.846254
10.3, 0.0, 0.0, 0.0, 1652914537.3475215
18.7, 2.3, 4.3, 4.8, 1652914537.8490388
10.7, 2.2, 0.0, 0.0, 1652914538.350093
13.3, 2.3, 2.2, 2.4, 1652914538.8513753
6.9, 2.3, 0.0, 0.0, 1652914539.3524501
10.0, 2.2, 0.0, 6.8, 1652914539.853508
6.9, 0.0, 2.2, 0.0, 1652914540.3539996
10.7, 0.0, 0.0, 0.0, 1652914540.8551495
2.0, 4.0, 3.9, 2.2, 1652914541.3566422
0.0, 2.0, 2.0, 0.0, 1652914541.857615
0.0, 0.0, 0.0, 0.0, 1652914542.358635
9.5, 0.0, 0.0, 0.0, 1652914542.859718
31.3, 2.3, 4.3, 2.3, 1652914543.3607585
25.8, 4.5, 2.3, 2.4, 1652914543.8617218
20.7, 0.0, 0.0, 0.0, 1652914544.3626635
23.3, 2.3, 2.2, 6.8, 1652914544.8637822
23.3, 0.0, 0.0, 0.0, 1652914545.3648872
24.1, 0.0, 2.2, 0.0, 1652914545.865993
20.0, 0.0, 0.0, 0.0, 1652914546.367098
20.7, 2.3, 0.0, 0.0, 1652914546.8681326
20.7, 2.3, 0.0, 2.3, 1652914547.3691518
13.2, 2.2, 2.1, 6.5, 1652914547.870131
0.0, 0.0, 0.0, 0.0, 1652914548.371047
2.0, 0.0, 3.9, 0.0, 1652914548.8720176
0.0, 2.0, 0.0, 0.0, 1652914549.3729808
41.0, 4.3, 4.4, 6.7, 1652914549.8739552
40.6, 2.2, 2.3, 4.7, 1652914550.374877
48.6, 2.2, 2.4, 0.0, 1652914550.8760326
37.5, 2.2, 8.9, 4.7, 1652914551.3770452
42.9, 2.1, 4.4, 6.7, 1652914551.8779924
25.0, 0.0, 0.0, 2.2, 1652914552.3789296
38.2, 0.0, 4.3, 0.0, 1652914552.8800108
31.3, 2.1, 0.0, 0.0, 1652914553.3811288
50.0, 2.2, 4.5, 6.8, 1652914553.882059
38.2, 2.1, 4.3, 2.2, 1652914554.3831336
2.1, 2.0, 0.0, 2.0, 1652914554.8841093
2.0, 2.0, 0.0, 0.0, 1652914555.3850522
0.0, 0.0, 0.0, 2.1, 1652914555.8861275
15.6, 2.1, 2.1, 0.0, 1652914556.3871472
56.8, 4.4, 6.5, 2.4, 1652914556.8882806
44.1, 2.2, 0.0, 4.4, 1652914557.389542
52.6, 6.5, 2.2, 6.7, 1652914557.8905723
35.5, 4.2, 2.2, 0.0, 1652914558.3916829
42.9, 2.2, 4.3, 2.3, 1652914558.8927076
40.6, 2.2, 0.0, 0.0, 1652914559.393659
44.4, 4.3, 6.5, 6.7, 1652914559.8946297
42.9, 0.0, 4.3, 4.4, 1652914560.3957329
50.0, 4.3, 2.2, 9.1, 1652914560.8968549
25.6, 8.2, 2.2, 6.4, 1652914561.3979113
0.0, 0.0, 2.0, 0.0, 1652914561.8988764
0.0, 0.0, 0.0, 0.0, 1652914562.3997993
0.0, 2.0, 0.0, 0.0, 1652914562.9007437
48.8, 2.2, 2.3, 6.7, 1652914563.4016848
55.3, 4.4, 4.7, 6.7, 1652914563.902647
48.6, 4.3, 2.3, 2.3, 1652914564.4037077
55.3, 0.0, 2.3, 2.3, 1652914564.9048834
57.5, 2.1, 2.3, 2.3, 1652914565.405951
50.0, 6.3, 4.4, 4.5, 1652914565.9068725
44.4, 2.1, 0.0, 0.0, 1652914566.4079378
52.6, 6.4, 2.2, 8.9, 1652914566.9089863
47.2, 0.0, 2.3, 2.2, 1652914567.410027
45.7, 2.2, 6.5, 6.5, 1652914567.9111366
10.4, 0.0, 0.0, 0.0, 1652914568.4120953
0.0, 2.0, 0.0, 0.0, 1652914568.9131148
0.0, 0.0, 0.0, 0.0, 1652914569.4141016
18.4, 2.0, 0.0, 2.1, 1652914569.9152126
67.5, 4.3, 4.9, 9.8, 1652914570.4164457
61.5, 4.3, 7.0, 7.7, 1652914570.91756
55.9, 2.3, 9.1, 14.6, 1652914571.4185643
62.5, 0.0, 4.7, 7.5, 1652914571.9195564
61.5, 2.2, 0.0, 2.4, 1652914572.4207466
61.0, 4.2, 2.4, 0.0, 1652914572.9218795
57.9, 2.2, 4.5, 4.7, 1652914573.422861
64.3, 4.3, 2.3, 4.8, 1652914573.9240391
61.4, 4.3, 4.5, 4.8, 1652914574.425071
37.5, 0.0, 0.0, 4.4, 1652914574.926035
0.0, 0.0, 0.0, 0.0, 1652914575.426992
1.9, 2.0, 1.9, 0.0, 1652914575.9279377
0.0, 0.0, 2.0, 0.0, 1652914576.4288666
57.4, 4.3, 2.2, 7.0, 1652914576.9300334
72.7, 2.2, 2.2, 2.4, 1652914577.4311385
72.7, 6.2, 4.3, 9.3, 1652914577.932272
67.5, 2.1, 2.2, 2.4, 1652914578.4332702
69.8, 4.3, 4.3, 4.9, 1652914578.934141
69.0, 4.3, 2.2, 4.7, 1652914579.4352643
71.1, 2.2, 0.0, 4.8, 1652914579.9363117
69.0, 2.2, 2.2, 7.1, 1652914580.4374256
68.3, 2.2, 2.2, 7.3, 1652914580.9385743
72.7, 4.3, 6.5, 7.1, 1652914581.4396682
16.7, 4.0, 0.0, 2.1, 1652914581.9406602
0.0, 0.0, 0.0, 0.0, 1652914582.4416418
0.0, 2.0, 0.0, 0.0, 1652914582.9426858
18.4, 0.0, 2.0, 2.1, 1652914583.443886
80.4, 10.4, 8.7, 20.5, 1652914583.944997
81.6, 8.3, 6.5, 14.0, 1652914584.4462328
80.4, 2.2, 4.4, 5.1, 1652914584.9475684
79.5, 4.3, 4.3, 14.3, 1652914585.448697
77.1, 2.3, 10.6, 17.1, 1652914585.9498963
75.0, 2.2, 2.2, 7.7, 1652914586.4512703
76.7, 8.5, 6.5, 7.7, 1652914586.9522402
75.0, 2.2, 0.0, 5.0, 1652914587.4533434
72.7, 2.2, 2.3, 5.1, 1652914587.9540331
56.5, 2.1, 2.1, 4.5, 1652914588.4549932
3.9, 3.9, 2.0, 0.0, 1652914588.9559526
0.0, 0.0, 0.0, 0.0, 1652914589.456937
0.0, 0.0, 2.0, 3.9, 1652914589.9579456
57.4, 6.4, 2.2, 0.0, 1652914590.4590037
77.8, 2.3, 8.7, 5.3, 1652914590.9601948
81.2, 4.4, 0.0, 11.9, 1652914591.4613886
85.1, 6.7, 4.4, 7.3, 1652914591.9624522
78.7, 4.4, 2.3, 2.5, 1652914592.4635615
82.2, 4.5, 2.3, 2.5, 1652914592.9646378
80.4, 0.0, 4.4, 2.6, 1652914593.4656272
81.2, 6.7, 10.6, 11.6, 1652914593.966656
77.8, 4.4, 6.5, 7.1, 1652914594.4677653
83.0, 4.4, 0.0, 4.9, 1652914594.9689429
20.8, 0.0, 2.0, 4.2, 1652914595.4699538
0.0, 0.0, 0.0, 2.0, 1652914595.9708924
0.0, 0.0, 0.0, 2.0, 1652914596.4718318
18.4, 0.0, 0.0, 0.0, 1652914596.9730048
86.0, 0.0, 0.0, 2.6, 1652914597.4741793
87.5, 8.3, 8.9, 9.8, 1652914597.9753342
87.8, 2.1, 4.7, 7.1, 1652914598.4763825
90.2, 4.3, 4.5, 7.7, 1652914598.9774773
92.2, 4.2, 4.7, 7.5, 1652914599.4784803
94.1, 2.2, 6.7, 11.9, 1652914599.979473
84.6, 8.0, 2.4, 5.3, 1652914600.4805255
86.3, 6.1, 6.5, 5.3, 1652914600.981611
88.0, 6.4, 9.1, 17.1, 1652914601.4828014
76.6, 6.1, 2.3, 15.6, 1652914601.9837852
0.0, 0.0, 0.0, 0.0, 1652914602.4847448
0.0, 2.0, 0.0, 2.0, 1652914602.98578
0.0, 0.0, 0.0, 0.0, 1652914603.4867165
60.0, 2.3, 6.1, 6.7, 1652914603.9877396
87.5, 6.7, 4.2, 9.1, 1652914604.4890044
92.3, 4.5, 0.0, 7.0, 1652914604.9900844
92.2, 0.0, 0.0, 4.7, 1652914605.4912121
91.8, 4.5, 2.1, 11.4, 1652914605.992192
89.8, 4.5, 2.1, 2.4, 1652914606.4933083
85.4, 7.0, 8.3, 11.6, 1652914606.9941497
90.2, 4.4, 0.0, 0.0, 1652914607.4951885
89.6, 8.7, 4.3, 8.9, 1652914607.996227
92.3, 2.3, 2.1, 2.4, 1652914608.4973185
31.3, 4.2, 2.0, 0.0, 1652914608.9984233
0.0, 0.0, 0.0, 0.0, 1652914609.4993458
0.0, 2.0, 0.0, 0.0, 1652914610.0002873
11.8, 2.0, 0.0, 0.0, 1652914610.501423
96.0, 6.8, 2.3, 10.5, 1652914611.0026462
98.0, 9.1, 6.7, 10.8, 1652914611.503821
96.0, 6.8, 4.5, 14.6, 1652914612.0050418
96.0, 2.4, 2.2, 2.7, 1652914612.5062068
93.8, 2.3, 2.3, 2.7, 1652914613.0072691
92.0, 2.3, 4.4, 7.5, 1652914613.5085068
96.1, 7.0, 2.3, 8.1, 1652914614.0098453
94.3, 10.9, 6.5, 10.0, 1652914614.511019
94.1, 8.9, 4.4, 16.7, 1652914615.0123858
81.6, 2.3, 4.4, 9.8, 1652914615.5134635
0.0, 0.0, 3.9, 2.1, 1652914616.014391
0.0, 0.0, 0.0, 0.0, 1652914616.5153348
2.0, 0.0, 0.0, 2.0, 1652914617.0163288
54.0, 2.1, 2.3, 0.0, 1652914617.5175683
98.0, 6.8, 7.3, 13.9, 1652914618.0187423
98.0, 0.0, 2.4, 10.5, 1652914618.519774
98.0, 6.5, 4.9, 20.5, 1652914619.020791
96.0, 2.2, 2.4, 10.5, 1652914619.5219517
96.2, 6.7, 9.3, 10.8, 1652914620.023349
96.1, 6.5, 9.3, 20.0, 1652914620.524408
98.0, 4.4, 7.0, 13.9, 1652914621.02559
100.0, 8.7, 13.3, 25.0, 1652914621.5268817
100.0, 6.7, 9.3, 10.8, 1652914622.0280685
39.6, 0.0, 4.2, 6.7, 1652914622.529122
2.0, 0.0, 0.0, 0.0, 1652914623.0300488
0.0, 2.0, 0.0, 0.0, 1652914623.531047
4.2, 2.0, 0.0, 0.0, 1652914624.03204
100.0, 2.2, 7.1, 7.1, 1652914624.5330806
98.1, 4.3, 4.9, 4.8, 1652914625.0342274
100.0, 4.3, 2.5, 7.1, 1652914625.535382
100.0, 2.2, 9.3, 13.0, 1652914626.0364544
100.0, 6.3, 4.8, 0.0, 1652914626.537509
100.0, 4.3, 11.4, 9.3, 1652914627.0386362
100.0, 6.1, 2.4, 2.4, 1652914627.53981
98.0, 2.2, 11.4, 13.3, 1652914628.0409563
100.0, 0.0, 2.4, 2.4, 1652914628.5420852
94.0, 8.2, 9.1, 13.3, 1652914629.0431306
0.0, 2.0, 2.0, 0.0, 1652914629.5441284
0.0, 0.0, 0.0, 2.0, 1652914630.045069
2.0, 3.9, 2.0, 0.0, 1652914630.546117
52.0, 2.1, 2.2, 2.6, 1652914631.0474524
100.0, 6.8, 11.1, 15.2, 1652914631.5485973
100.0, 8.5, 2.4, 13.2, 1652914632.0496285
100.0, 2.3, 4.7, 2.8, 1652914632.5509162
100.0, 2.2, 2.4, 8.1, 1652914633.0519683
100.0, 2.3, 4.7, 5.6, 1652914633.5531225
100.0, 6.7, 9.1, 15.4, 1652914634.0543654
100.0, 2.2, 4.8, 5.6, 1652914634.5556703
100.0, 2.3, 2.4, 12.5, 1652914635.0567245
100.0, 4.3, 2.4, 12.5, 1652914635.5580032
48.0, 4.1, 4.3, 12.8, 1652914636.0592196
0.0, 0.0, 0.0, 0.0, 1652914636.5601997
0.0, 2.0, 2.0, 0.0, 1652914637.0611613
0.0, 0.0, 0.0, 0.0, 1652914637.5621045
98.0, 2.2, 9.5, 9.5, 1652914638.0632265
100.0, 6.3, 9.5, 4.9, 1652914638.564329
100.0, 10.2, 11.6, 14.0, 1652914639.0655334
100.0, 4.3, 7.3, 9.3, 1652914639.5667727
100.0, 4.3, 5.0, 13.3, 1652914640.0680864
100.0, 2.2, 9.8, 7.7, 1652914640.5692515
100.0, 10.0, 4.9, 5.0, 1652914641.0704007
100.0, 4.3, 9.5, 11.9, 1652914641.5714839
100.0, 6.5, 9.8, 9.8, 1652914642.07251
98.0, 0.0, 0.0, 7.1, 1652914642.5735972
2.0, 0.0, 0.0, 0.0, 1652914643.0746067
0.0, 0.0, 0.0, 0.0, 1652914643.5755346
2.0, 2.0, 2.0, 2.0, 1652914644.0764973
44.9, 0.0, 4.2, 2.2, 1652914644.577537
100.0, 2.2, 2.3, 9.5, 1652914645.0786083
100.0, 2.2, 4.5, 14.0, 1652914645.5797396
100.0, 8.3, 4.7, 10.0, 1652914646.080779
100.0, 0.0, 2.4, 7.5, 1652914646.5819366
100.0, 8.7, 6.8, 15.9, 1652914647.0831206
100.0, 0.0, 4.7, 4.9, 1652914647.584144
100.0, 4.3, 6.8, 9.5, 1652914648.0851405
100.0, 2.2, 2.3, 7.3, 1652914648.5863602
100.0, 4.3, 8.7, 7.5, 1652914649.087486
54.0, 0.0, 4.3, 2.2, 1652914649.588537
0.0, 0.0, 0.0, 0.0, 1652914650.089463
2.0, 2.0, 0.0, 2.1, 1652914650.590038
0.0, 0.0, 2.0, 2.0, 1652914651.0909517
0.0, 2.0, 3.9, 2.0, 1652914651.591924
3.8, 0.0, 0.0, 0.0, 1652914652.0928943
0.0, 0.0, 0.0, 2.0, 1652914652.5939188
0.0, 0.0, 0.0, 0.0, 1652914653.0944932
2.0, 0.0, 0.0, 0.0, 1652914653.5954573
0.0, 2.0, 2.0, 0.0, 1652914654.096464
2.0, 0.0, 0.0, 0.0, 1652914654.5974057