1652913902
#type       avg     std     min      p5     p10     p50     p67     p75     p80     p85     p90     p95     p99    p999   p9999      QPS   target       ts_start         ts_end
read      341.8   361.6   127.6   193.9   216.3   311.3   348.3   369.6   385.6   403.3   432.2   490.8   688.1  5385.5 11534.6   4875.0     5000  1652913904222  1652913909548
read      379.4   414.7   118.1   183.0   206.2   361.7   420.1   448.6   467.1   492.1   525.4   584.9   748.4  4354.6 27885.8   9993.4    10000  1652913911052  1652913916370
read      374.4   266.4   109.4   173.5   193.8   344.3   424.9   464.2   493.4   527.6   570.8   639.8   850.8  2399.3 11800.2  15076.2    15000  1652913917873  1652913923159
read      401.4   328.4   109.4   167.0   186.5   347.1   444.5   496.3   532.9   580.4   657.5   804.7  1104.9  3371.1 12461.6  19899.0    20000  1652913924662  1652913929964
read      409.8   301.3   109.4   162.8   179.4   328.9   434.6   495.0   540.4   606.4   740.4   986.3  1340.2  1951.3  8374.6  25107.3    25000  1652913931466  1652913936757
read      402.7   325.5   101.3   160.3   175.7   308.1   407.1   472.9   526.8   603.3   752.7  1045.4  1404.7  1856.0  8909.2  29970.8    30000  1652913938260  1652913943541
read      400.6   300.8   101.3   161.3   177.0   307.2   403.7   471.4   523.0   587.9   717.9  1050.9  1475.4  1949.8  5435.6  35084.6    35000  1652913945044  1652913950313
read      413.8   396.7   109.4   157.9   172.6   294.3   388.1   454.8   504.4   583.0   797.6  1220.7  1751.4  2927.7  9489.6  40056.0    40000  1652913951819  1652913957096
read      406.1   383.3   101.3   156.1   171.4   292.4   383.2   448.5   500.3   572.1   719.7  1188.9  1776.1  2467.6  8042.4  44962.6    45000  1652913958598  1652913963880
read      396.7   400.0   109.4   156.6   171.8   283.1   361.5   422.2   475.0   546.1   689.7  1191.9  1839.8  2585.0  8814.5  49931.2    50000  1652913965382  1652913970674
read      396.9   354.4   101.3   157.1   173.0   291.1   374.5   433.8   483.2   544.8   648.7  1115.6  1973.6  2521.2  7575.6  54955.9    55000  1652913972177  1652913977456
read      398.0   403.6   101.3   156.0   171.1   280.7   359.6   421.9   477.5   550.5   678.1  1157.3  2052.0  2795.4 12217.4  59899.8    60000  1652913978958  1652913984240
read      372.9   390.0   101.3   150.6   164.4   266.9   332.5   379.4   423.4   496.5   634.7  1072.2  1948.0  2719.9  9140.5  65028.2    65000  1652913985743  1652913991022
read      376.5   350.9   101.3   154.4   170.1   278.6   346.8   396.3   438.1   492.0   609.8  1006.6  1976.2  2827.5  5756.2  70085.4    70000  1652913992524  1652913997800
read      373.1   354.7   101.3   154.6   170.8   276.6   342.2   390.9   433.7   489.6   579.7   994.8  1988.5  2822.4  7476.4  75072.1    75000  1652913999302  1652914004582
read      359.1   334.7    93.8   155.4   171.2   275.4   337.8   382.6   421.2   472.1   553.8   820.2  1905.5  2892.8  8256.5  79838.0    80000  1652914006084  1652914011361
read      364.5   363.7   101.3   155.2   170.9   272.7   335.9   380.7   419.3   470.4   552.1   864.8  2036.6  3461.2  6506.8  84939.0    85000  1652914012864  1652914018134
read      359.4   324.6   101.3   161.8   178.3   280.0   339.1   383.5   423.3   474.2   553.9   746.4  1846.1  2985.0  8205.3  89968.2    90000  1652914019636  1652914024903
read      388.4   372.5   101.3   162.2   179.8   288.6   354.4   403.2   446.0   505.3   621.8  1031.9  1975.5  3220.3  8016.7  94908.0    95000  1652914026405  1652914031679
read      361.7   308.3   101.3   164.4   182.5   286.8   348.2   391.0   427.3   475.7   551.4   743.1  1814.4  3132.6  5400.2 100035.4   100000  1652914033182  1652914038470
read      456.3   347.4   101.3   183.7   213.4   369.0   469.2   538.1   591.5   662.2   771.9   994.2  1704.8  2933.4  9392.9 104860.8   105000  1652914039977  1652914045247
read      534.1   282.5   101.3   220.5   263.0   506.9   600.4   652.0   691.3   743.4   819.1   946.2  1293.8  2412.8  8482.7 108614.4   110000  1652914046749  1652914052023
read      585.6   323.4   101.3   164.6   241.1   554.0   653.5   718.9   770.9   836.5   927.5  1083.2  1515.3  2579.1  9687.7 109909.8   115000  1652914053525  1652914058796
read      593.3   282.6   101.3   220.1   300.5   570.7   661.0   719.3   765.5   825.3   905.6  1026.4  1323.6  2145.3  8234.0 108757.2   120000  1652914060298  1652914065577