1652914486
#type       avg     std     min      p5     p10     p50     p67     p75     p80     p85     p90     p95     p99    p999   p9999      QPS   target       ts_start         ts_end
read      341.6   343.5   118.1   193.8   219.8   317.6   354.5   374.1   391.0   410.2   437.7   497.9   715.2  4203.0 16496.3   4958.0     5000  1652914488059  1652914493409
read      388.5   302.6   109.4   174.9   199.3   357.3   416.1   451.1   479.8   521.5   584.4   685.8   891.9  3878.2  9860.5  10067.4    10000  1652914494912  1652914500224
read      415.5   345.0   109.4   167.9   189.1   365.8   444.2   494.1   539.0   604.2   711.4   835.0  1071.4  3955.8 12198.9  14997.2    15000  1652914501726  1652914507013
read      425.0   354.8   109.4   167.4   188.9   366.3   456.2   510.6   556.7   629.0   758.5   902.5  1140.0  2811.8 15242.1  19943.0    20000  1652914508516  1652914513810
read      454.4   479.0   101.3   165.8   185.6   367.2   468.5   534.4   595.2   712.1   875.7  1055.0  1353.7  5121.8 15739.8  24880.2    25000  1652914515313  1652914520591
read      441.0   356.5   109.4   162.0   178.9   334.6   438.6   507.3   574.6   695.5   920.9  1169.7  1496.0  2152.6  8910.7  29945.4    30000  1652914522094  1652914527377
read      464.3   411.6   109.4   162.8   181.0   347.3   451.7   517.4   582.7   720.6   985.1  1298.2  1710.5  2372.6 12516.4  35184.4    35000  1652914528879  1652914534153
read      444.2   463.8   109.4   159.4   175.1   313.0   411.8   480.9   540.4   646.3   945.6  1336.9  1798.1  3544.0 12536.3  39932.8    40000  1652914535655  1652914540928
read      441.6   421.9   101.3   158.1   174.4   314.5   412.2   480.1   536.9   634.4   923.8  1332.0  1838.4  2555.8 12078.5  45004.8    45000  1652914542430  1652914547704
read      452.9   461.6   101.3   162.6   180.9   328.9   424.3   486.5   536.6   616.1   882.3  1358.5  2000.5  2970.3 15488.6  49831.1    50000  1652914549206  1652914554494
read      434.9   442.2   101.3   155.6   172.8   309.2   407.0   469.9   520.2   593.4   817.4  1336.9  1986.2  2932.7 12565.3  55052.4    55000  1652914555996  1652914561277
read      413.9   381.1   101.3   157.8   175.9   308.0   401.6   462.9   509.8   573.2   690.4  1120.7  1906.5  2825.0  9749.6  59931.0    60000  1652914562779  1652914568058
read      406.7   456.9   101.3   154.9   170.9   281.7   361.2   418.1   467.4   531.9   674.4  1255.2  2137.9  3241.3 12503.0  64946.0    65000  1652914569560  1652914574842
read      406.9   410.2   101.3   158.4   175.8   294.0   381.3   439.5   486.7   543.6   657.0  1135.7  2072.0  3149.7 12135.1  69744.8    70000  1652914576345  1652914581619
read      406.7   509.1   101.3   154.8   169.8   274.6   352.9   409.0   459.2   522.3   641.9  1244.1  2393.8  3791.6 15819.1  74983.7    75000  1652914583121  1652914588394
read      392.9   403.6   101.3   159.0   176.0   286.7   362.8   414.2   459.3   517.4   620.8  1049.2  2114.1  3158.1 12068.1  79948.4    80000  1652914589896  1652914595162
read      403.5   443.5   101.3   161.3   178.9   287.6   359.3   407.5   451.3   508.0   617.5  1162.5  2304.3  3407.3 12078.1  85014.4    85000  1652914596665  1652914601938
read      397.1   415.8    93.8   161.4   179.3   290.1   365.2   416.4   460.7   518.4   620.9  1049.7  2107.9  3314.9 12188.7  89760.8    90000  1652914603441  1652914608729
read      421.1   414.5    93.8   174.5   195.6   314.8   392.7   449.9   497.4   563.9   686.3  1060.8  2114.9  3185.9 11616.2  95162.2    95000  1652914610235  1652914615516
read      451.3   367.2   101.3   187.5   211.5   352.7   450.9   518.8   577.8   659.4   794.7  1053.6  1734.9  2755.5 12234.8  99896.6   100000  1652914617018  1652914622288
read      617.4   363.7   101.3   188.8   239.2   570.3   703.6   782.0   842.7   918.2  1018.9  1189.0  1590.0  2681.7 10525.9 100673.1   105000  1652914623790  1652914629062
read      639.8   352.2   101.3   186.6   272.3   614.5   720.4   785.8   837.3   903.7   997.0  1146.9  1558.7  2730.8 10533.6 101158.8   110000  1652914630564  1652914635842
read      645.3   363.3   101.3   189.7   258.0   603.4   727.8   803.1   862.5   936.9  1044.8  1216.1  1647.6  2851.5  9172.4 100392.8   115000  1652914637345  1652914642613
read      658.5   409.8   101.3   179.1   217.5   600.5   746.4   839.5   909.9   997.8  1115.7  1329.9  1858.2  3012.3 10574.3  98515.4   120000  1652914644115  1652914649407