1652914202
#type       avg     std     min      p5     p10     p50     p67     p75     p80     p85     p90     p95     p99    p999   p9999      QPS   target       ts_start         ts_end
read      332.3   347.1   118.1   187.0   210.5   305.1   339.5   360.2   375.3   396.8   424.3   470.9   673.7  5849.0 11741.9   4980.8     5000  1652914203843  1652914209181
read      368.2   223.1   118.1   176.5   198.4   353.0   412.8   441.9   462.2   487.8   524.2   591.7   798.0  3089.1  7840.8   9958.6    10000  1652914210685  1652914216008
read      385.1   260.3   118.1   169.3   189.0   352.8   439.2   478.3   506.2   543.4   595.8   698.6   925.5  3650.2  8742.4  15029.6    15000  1652914217511  1652914222802
read      409.3   280.8   109.4   163.6   180.6   342.8   445.9   502.7   548.3   620.2   745.2   918.5  1152.3  2456.9  8365.1  19918.4    20000  1652914224304  1652914229587
read      423.4   358.7   109.4   156.6   170.8   321.3   438.5   508.2   567.3   664.0   858.1  1078.4  1376.1  3685.1 11481.5  24938.0    25000  1652914231089  1652914236374
read      421.3   347.1   109.4   158.1   173.6   313.2   425.9   498.7   559.8   645.2   841.8  1123.7  1470.4  2651.0  8795.6  29954.4    30000  1652914237876  1652914243159
read      419.1   397.2   109.4   158.5   172.7   297.4   400.3   477.6   540.4   637.5   858.4  1187.0  1580.4  3050.0  8583.1  34908.0    35000  1652914244660  1652914249943
read      428.3   395.7   109.4   157.9   173.6   299.5   399.8   473.5   534.7   631.4   884.5  1279.9  1731.8  2550.8 11605.3  39994.0    40000  1652914251446  1652914256721
read      431.8   422.8   101.3   159.5   174.5   296.0   392.8   465.5   526.6   623.7   882.6  1343.3  1851.8  2722.9 12153.9  45077.8    45000  1652914258232  1652914263500
read      417.5   421.3   101.3   154.4   168.9   286.8   377.1   444.9   499.7   584.5   783.9  1339.4  1937.8  2702.4 12051.2  49880.6    50000  1652914265002  1652914270269
read      427.6   469.8   101.3   156.9   173.2   303.3   395.5   457.8   505.3   576.6   736.9  1311.3  2024.4  3374.4 14127.6  55040.4    55000  1652914271771  1652914277041
read      424.2   447.2   101.3   160.3   176.6   299.4   389.7   450.6   500.1   564.8   700.6  1283.8  2122.2  3282.3 12616.7  59881.2    60000  1652914278545  1652914283839
read      406.3   433.0   101.3   155.0   169.8   277.2   356.1   412.9   462.2   527.5   674.0  1294.5  2207.8  3119.2 11553.2  64581.6    65000  1652914285341  1652914290612
read      393.3   425.3   101.3   153.0   167.5   272.6   344.4   398.0   446.0   511.7   640.3  1188.7  2223.9  3196.3  9034.8  69913.6    70000  1652914292114  1652914297405
read      391.8   426.7   101.3   155.6   171.2   279.0   353.4   407.2   454.6   516.2   626.0  1049.0  2223.9  3426.6 12034.4  74850.6    75000  1652914298907  1652914304214
read      375.3   418.6    93.8   154.2   169.5   271.4   334.4   381.8   423.2   481.4   582.5  1010.6  2111.1  3183.2 12543.8  79666.8    80000  1652914305717  1652914310992
read      382.8   405.7   101.3   161.0   177.2   279.4   343.0   389.1   430.1   486.8   580.6   974.7  2230.0  3372.4  7994.0  85220.8    85000  1652914312495  1652914317768
read      391.4   344.1   101.3   175.4   194.8   305.3   374.5   426.0   467.9   523.7   614.0   890.5  1830.7  3096.2  8902.8  90079.4    90000  1652914319270  1652914324543
read      383.7   379.1    93.8   163.6   182.2   287.6   351.6   398.1   438.6   494.0   587.6   939.8  2096.7  3248.4  8105.4  95131.4    95000  1652914326045  1652914331322
read      423.1   384.3   101.3   180.8   203.5   318.8   389.6   439.6   484.1   551.6   690.1  1074.9  2126.4  3215.7  8087.4  99950.8   100000  1652914332825  1652914338092
read      426.8   304.5   101.3   184.4   208.9   348.0   437.7   499.8   549.2   615.3   717.4   921.7  1534.4  2614.3  8160.2 104704.6   105000  1652914339595  1652914344862
read      585.1   325.7   101.3   187.5   255.5   552.2   658.9   724.4   776.6   843.4   935.2  1083.5  1446.5  2571.7  8559.0 105944.2   110000  1652914346364  1652914351642
read      543.4   314.5   101.3   201.3   248.4   506.0   613.5   673.5   722.2   786.1   875.6  1021.7  1364.0  2274.8  9820.9 109964.4   115000  1652914353144  1652914358417
read      498.0   248.9   101.3   226.3   270.0   485.2   555.4   594.1   627.3   668.5   726.6   827.0  1066.0  1788.8  9173.2 119288.8   120000  1652914359919  1652914365194