Wed May 25 17:07:14 UTC 2022
Random waveform, supplied seed
Total number of intervals = 300 (5031, 54838, 74868, 30015, 40743, 23648, 97712, 53672, 55395, 29425, 15173, 82475, 90555, 47944, 28313, 28504, 22886, 35717, 14828, 81704, 55771, 85226, 75020, 12441, 56208, 17446, 86943, 49138, 49839, 47752, 27181, 6170, 7187, 99387, 91970, 79658, 59230, 78081, 64242, 37702, 40686, 30376, 38416, 65892, 39560, 10016, 55224, 19982, 48114, 36283, 23315, 11150, 98724, 56880, 13467, 99368, 46206, 71651, 22741, 56654, 99570, 23047, 70008, 42943, 46704, 75970, 21917, 82027, 81583, 14259, 7821, 17727, 65559, 41133, 28693, 53141, 54512, 14835, 98446, 38117, 77994, 30209, 68315, 91940, 49308, 46880, 92540, 49396, 97841, 35404, 80451, 87228, 75554, 57964, 83546, 55468, 34203, 37629, 34577, 47426, 58845, 66993, 10977, 51529, 48344, 5902, 71602, 41886, 47456, 93939, 16890, 45689, 32790, 44044, 28149, 39739, 72475, 93882, 6692, 50406, 83055, 55609, 16968, 43031, 17236, 82183, 42212, 12244, 61777, 36984, 29093, 41715, 34838, 63574, 24401, 32025, 98971, 23657, 67877, 53849, 79536, 17081, 39024, 26125, 33388, 20979, 95865, 73949, 60987, 54175, 51484, 39771, 32864, 42033, 43808, 45785, 35582, 38504, 15320, 74264, 43890, 5962, 38365, 55971, 23217, 87681, 91728, 96668, 80475, 27150, 53444, 23737, 87776, 82175, 98548, 37704, 64701, 69089, 89785, 16676, 69604, 99682, 97693, 17381, 40069, 8841, 56576, 21599, 53003, 19831, 80340, 28765, 25572, 37071, 75819, 44359, 95960, 59630, 47930, 65545, 94038, 51806, 48712, 13115, 76569, 19372, 59331, 62597, 37702, 41975, 26100, 82500, 50756, 66696, 53364, 10413, 64876, 69079, 19447, 81182, 25265, 9699, 48659, 75126, 96559, 55885, 9039, 66378, 41225, 52371, 39873, 41176, 85357, 85391, 91890, 57558, 9972, 74636, 29773, 63494, 7201, 49507, 65454, 88537, 36982, 88964, 96479, 47883, 50650, 89242, 7374, 8507, 50676, 57069, 43520, 56720, 68155, 60444, 63997, 17315, 78596, 81548, 97254, 46135, 13379, 46993, 98274, 97056, 43434, 36406, 99121, 80708, 40517, 34168, 11754, 93304, 64697, 92626, 75618, 85805, 18930, 50153, 10377, 33112, 28777, 45709, 74458, 73596, 28031, 45754, 80138, 64350, 51870, 81106, 82064, 30534, 25449, 67525, 27070, 41133)
Average QPS expected = 51692
Timestamp start: 1653498435903
Timestamp end: 1653499936339

#type       avg     std     min      p5     p10     p50     p67     p75     p80     p85     p90     p95     p99    p999   p9999      QPS   target
read      475.6  1317.4   109.4   202.0   231.6   357.8   399.3   424.2   442.4   465.8   501.2   578.5  3585.2 30124.2 37590.1   4985.6     5031
read      497.1   461.8    93.8   200.5   228.5   407.5   514.6   585.0   643.1   723.4   836.2  1037.6  1611.4  5450.7 14970.9  54843.2    54838
read      523.3   396.0    93.8   214.6   243.4   421.4   533.0   616.1   687.2   782.4   920.4  1156.5  1760.9  3872.6 10333.4  74823.0    74868
read      455.5   640.9    93.8   183.9   209.6   384.4   482.6   533.9   571.4   621.0   702.5   869.5  1324.3  9877.3 31464.3  30077.8    30015
read      501.1   472.4    93.8   193.2   222.2   418.2   530.8   602.9   663.0   740.3   844.7  1020.5  1593.3  4981.9 17798.2  40711.6    40743
read      505.6   707.2   101.3   192.9   221.3   415.2   519.5   584.5   636.8   697.0   775.1   906.0  2546.5  7450.6 31734.5  23766.8    23648
read      438.4   651.4    93.8   197.4   224.3   362.4   425.4   462.8   492.9   532.0   589.1   730.2  2017.3  6796.4 31113.7  97522.2    97712
read      481.8   478.9    93.8   193.0   220.9   395.4   499.8   563.9   617.5   691.1   799.6   989.7  1693.2  4629.8 14770.4  53695.8    53672
read      481.0   335.4    93.8   199.5   227.5   403.2   510.4   582.5   641.1   717.0   819.0  1003.0  1486.1  3038.6  8074.9  55492.4    55395
read      501.2   497.3    93.8   192.2   220.8   425.9   536.1   603.8   660.0   728.3   812.2   959.6  1677.3  5307.6 19841.5  29447.4    29425
read      476.1   714.6   101.3   186.6   214.4   418.3   511.3   561.3   593.7   633.8   684.8   778.6  1300.7 10032.9 31907.3  15121.6    15173
read      504.1   713.9    93.8   194.7   222.9   377.8   458.9   513.8   564.9   648.1   843.7  1235.5  2192.2  8282.8 31494.3  82446.6    82475
read      492.5   773.6    86.8   192.0   220.5   366.7   438.6   486.6   527.6   587.4   723.4  1207.4  2514.1  8015.6 31913.7  90546.8    90555
read      495.6   483.4    93.8   195.0   222.9   407.2   516.1   587.0   645.3   727.0   835.2  1024.8  1600.4  5903.8 11804.8  48179.4    47944
read      481.5   372.7   101.3   192.1   220.3   416.9   523.2   590.4   648.0   716.6   801.4   939.2  1328.1  3910.6 10821.5  28455.6    28313
read      499.5   623.5    93.8   191.6   219.8   418.7   527.1   595.1   652.5   717.3   802.8   937.4  1488.4  7129.8 31130.6  28510.6    28504
read      491.7   569.1    93.8   190.8   219.4   421.7   530.2   595.5   646.6   705.3   781.3   899.5  1358.0  7641.2 28534.7  22833.8    22886
read      507.0   543.1    93.8   191.2   219.7   417.5   531.4   603.0   666.5   748.8   851.1  1017.5  1649.1  6504.6 18200.0  35744.0    35717
read      478.8   908.2    93.8   184.3   210.6   398.7   490.5   538.6   572.0   610.7   661.3   748.0  1565.9 12790.7 33247.7  14887.8    14828
read      493.1   618.0    80.4   191.4   219.3   370.4   450.1   504.8   552.2   635.6   835.5  1253.6  2214.9  6351.3 29659.7  81715.6    81704
read      491.4   453.3    93.8   199.9   227.6   405.7   513.1   584.4   642.1   722.6   830.9  1015.4  1553.0  5430.0 16451.4  55772.8    55771
read      595.2   773.7    86.8   216.5   248.4   419.8   527.4   623.6   732.1   898.7  1124.7  1542.3  2550.6  8433.5 31441.5  85232.0    85226
read      449.1   488.7    93.8   189.7   217.1   367.9   447.7   498.3   539.6   596.0   696.9   940.0  1681.1  5251.6 15399.8  75222.2    75020
read      444.8   766.3    93.8   182.1   207.6   388.0   457.6   499.3   529.6   563.6   608.2   689.8  1575.3 10106.6 31813.4  12392.8    12441
read      508.2   595.8    93.8   199.0   227.6   406.6   513.7   586.8   648.9   733.9   856.1  1080.4  1708.4  6842.4 28787.1  56239.8    56208
read      491.7   769.6    86.8   188.5   216.0   419.6   524.3   581.3   622.4   672.2   735.0   829.5  1570.9  9542.2 32294.5  17433.2    17446
read      496.9   771.1    86.8   194.0   222.6   371.4   445.0   494.7   537.1   600.8   749.8  1173.6  2349.7  8756.4 31636.8  86942.4    86943
read      422.4   346.4    86.8   182.1   207.6   359.1   444.6   494.9   532.0   576.8   646.9   834.6  1369.9  4737.7  9751.7  49162.6    49138
read      485.9   423.8    93.8   191.9   221.2   406.8   513.7   583.9   639.4   716.9   821.6  1005.8  1479.7  4934.4 11983.1  49849.2    49839
read      487.8   384.9    93.8   193.2   221.4   403.0   512.3   583.6   641.6   730.4   845.3  1044.8  1550.3  3857.6 11177.8  47876.2    47752
read      479.3   399.9    93.8   188.0   215.4   417.7   525.7   591.7   646.4   711.0   794.0   916.9  1232.7  5577.5 12124.8  27228.0    27181
read      516.6  1551.3   101.3   190.4   219.5   362.9   413.1   441.7   462.7   490.8   530.5   609.4  4181.4 30352.5 37907.5   6225.4     6170
read      492.7  1318.5   109.4   188.2   214.4   376.1   430.5   461.6   485.2   513.2   552.3   629.4  3337.3 28562.6 37663.2   7166.2     7187
read      402.0   374.4    86.8   194.9   221.1   353.6   414.4   451.0   478.3   513.6   565.4   676.5  1499.0  4275.2 12481.4  99449.4    99387
read      493.7   856.5    93.8   197.8   226.1   376.0   445.4   490.3   527.2   578.3   673.1  1056.2  2366.1  9121.2 31968.9  92248.2    91970
read      528.2   641.9    93.8   201.4   231.0   394.2   488.8   562.9   635.4   750.6   939.6  1238.2  2298.6  6413.4 30627.5  79535.2    79658
read      497.7   435.3    93.8   207.3   235.9   414.5   521.2   590.2   651.8   731.0   838.0  1026.0  1554.5  3884.3 14026.3  59169.4    59230
read      526.4   748.8    86.8   203.3   230.5   387.9   473.2   536.4   596.1   710.0   935.3  1305.5  2207.1  7882.8 31817.9  78041.2    78081
read      485.5   396.9    93.8   204.5   232.1   403.9   504.1   572.6   629.7   705.4   811.2   992.5  1573.8  3975.6 12171.7  64221.8    64242
read      512.2   542.7    93.8   197.4   225.7   424.3   538.7   613.8   676.6   759.1   857.0  1016.4  1597.8  6117.0 26417.1  37682.6    37702
read      482.5   434.7    93.8   192.7   221.1   409.9   515.1   582.2   635.8   707.9   800.5   954.1  1482.3  4013.9 11268.8  40675.2    40686
read      477.6   423.4    93.8   189.4   218.2   416.3   519.8   585.1   638.0   703.7   789.1   916.1  1274.4  5187.6 13390.5  30487.0    30376
read      498.6   546.5    93.8   193.3   222.4   415.1   523.5   590.4   648.4   723.7   825.6   989.5  1530.5  6354.8 27783.4  38488.4    38416
read      516.1   537.1    86.8   209.7   238.6   419.6   527.9   602.1   665.0   748.6   870.2  1093.9  1678.1  5720.6 28352.6  65900.6    65892
read      485.0   405.9    93.8   192.1   219.7   412.8   523.7   590.6   647.7   723.6   821.2   984.2  1392.2  3809.4 13056.7  39546.6    39560
read      502.1  1083.0   101.3   193.4   221.0   408.3   487.0   528.5   555.8   589.2   633.5   725.2  3085.1 12565.2 38794.7  10039.8    10016
read      487.6   343.3   101.3   198.1   227.0   403.6   511.6   584.2   646.2   731.4   846.9  1052.6  1525.3  3327.0  9132.4  55188.6    55224
read      495.2   724.9    93.8   189.8   217.8   417.9   522.5   582.6   629.3   681.7   754.7   869.6  1902.5  8106.7 32043.4  19983.2    19982
read      489.7   541.6    93.8   193.6   222.2   404.4   511.7   580.4   637.7   715.0   820.4  1000.4  1488.6  5624.0 28255.1  48005.4    48114
read      503.8   562.4    93.8   194.4   223.2   419.4   530.8   603.4   664.0   739.4   832.4   999.6  1655.7  6085.1 15984.4  36371.6    36283
read      460.8   353.4    93.8   185.3   212.8   409.9   510.9   571.0   617.8   671.7   741.0   851.4  1195.8  4890.7  9248.2  23395.6    23315
read      514.6  1127.8   101.3   186.9   213.4   407.3   488.8   530.3   557.4   590.5   638.5   741.2  3178.7 18034.9 35326.2  11145.8    11150
read      472.0   641.2    93.8   202.8   230.8   379.8   449.0   493.0   529.3   578.5   664.7   970.2  1885.6  8445.1 30570.8  98596.2    98724
read      487.2   572.2    86.8   195.5   224.1   394.5   494.4   559.8   614.0   689.0   803.3  1002.8  1653.1  6201.1 28080.3  56945.8    56880
read      489.9   966.4   101.3   186.1   211.9   403.9   493.4   539.2   570.2   606.8   657.3   744.8  2275.8 13766.6 32134.2  13447.2    13467
read      437.6   556.6    93.8   199.1   226.2   364.9   429.2   468.1   500.6   542.2   612.8   832.1  1727.5  5724.7 28182.1  99329.6    99368
read      476.2   450.4    93.8   188.1   216.1   392.9   495.8   559.3   612.9   687.6   797.5   984.1  1519.4  5916.1 12375.6  46258.6    46206
read      556.2   535.7   101.3   223.3   253.3   436.6   557.7   648.1   726.5   828.2   979.6  1240.8  1917.3  4950.7 25934.7  71775.6    71651
read      497.8   570.4   101.3   190.4   219.2   424.0   529.4   595.3   646.5   708.1   786.6   904.0  1696.1  5762.1 20421.4  22587.8    22741
read      492.6   401.2    93.8   198.9   227.1   404.8   510.4   585.0   644.7   727.3   839.3  1044.0  1608.3  5312.4 10934.7  56702.0    56654
read      410.8   564.9    93.8   195.5   220.8   348.5   407.5   444.2   471.8   509.1   566.0   696.3  1555.4  6243.7 29077.7  99671.0    99570
read      485.5   637.5    93.8   188.2   215.9   410.4   508.2   567.6   616.0   675.8   752.4   876.7  1720.8  7668.2 31030.9  23074.6    23047
read      515.0   454.5    93.8   214.3   242.6   422.9   529.9   605.5   669.7   753.5   871.0  1078.3  1704.7  4594.7 12659.4  69897.2    70008
read      483.4   440.3    93.8   191.3   219.8   407.1   515.3   585.7   643.7   719.4   814.4   987.2  1429.4  4188.3 16591.8  43011.8    42943
read      488.1   414.8    93.8   194.5   223.5   409.3   519.7   589.2   647.1   723.0   822.4   998.7  1469.7  4876.7 12512.0  46661.4    46704
read      484.9   496.4    93.8   197.3   225.0   383.0   473.3   537.9   592.2   679.0   820.1  1088.0  1870.1  5113.4 18146.6  75911.2    75970
read      484.3   719.7    93.8   183.8   210.5   405.6   495.3   550.4   592.4   647.6   721.1   845.7  2291.4  8036.0 31322.1  21958.6    21917
read      513.6   714.3    93.8   192.8   221.3   378.2   459.2   515.6   568.3   662.5   905.7  1370.3  2283.0  7942.2 31100.6  82000.4    82027
read      464.6   589.9    86.8   189.8   216.5   365.0   439.5   489.5   531.8   590.5   711.5  1044.9  2041.9  6890.9 29331.1  81622.4    81583
read      443.9   708.6    93.8   179.7   206.0   384.8   449.8   489.8   522.2   562.2   616.8   721.4  1453.4  9993.7 31536.5  14199.6    14259
read      491.0  1217.3   109.4   189.5   216.9   379.0   439.1   470.3   495.3   524.4   563.0   642.0  3162.1 19020.8 36568.3   7788.6     7821
read      495.9   865.4   101.3   186.9   215.4   412.3   505.4   557.7   595.4   641.3   706.4   823.0  2040.4 12289.2 32428.2  17674.6    17727
read      523.0   625.6    93.8   207.4   236.3   417.0   529.0   608.7   678.5   768.8   893.5  1111.5  1692.0  7199.8 31224.1  65487.6    65559
read      502.0   532.5    93.8   191.5   220.2   411.5   526.1   601.3   664.2   745.0   853.3  1034.5  1593.4  5474.0 28370.4  41128.4    41133
read      477.2   467.0    93.8   188.0   217.0   414.3   520.0   585.2   640.0   706.8   787.2   916.9  1268.0  3931.3 19491.2  28646.8    28693
read      502.6   480.0    93.8   200.6   229.3   408.7   515.9   588.8   651.0   736.5   855.4  1080.1  1662.7  5337.1 12775.0  53177.8    53141
read      485.4   369.2    86.8   196.6   224.6   401.1   508.8   581.5   640.3   720.1   828.3  1027.5  1571.6  3722.1  9882.2  54788.0    54512
read      509.3  1021.3   101.3   187.3   214.1   410.7   505.7   555.7   589.4   632.0   688.7   798.5  3042.3 12420.7 32494.4  14719.2    14835
read      498.0   816.4    93.8   201.0   231.0   385.0   456.8   502.1   539.8   593.0   699.4  1056.3  2193.5  8755.3 32448.8  98446.2    98446
read      514.9   587.9    93.8   193.5   222.6   418.9   533.7   609.8   676.5   760.0   867.9  1051.7  1673.7  6915.0 28430.7  38121.0    38117
read      478.2   518.8    93.8   190.1   218.3   370.8   454.2   509.7   560.0   637.6   807.5  1149.7  1983.2  5307.2 17506.5  78200.8    77994
read      434.2   404.2    93.8   179.2   204.3   373.8   465.9   514.9   547.9   591.3   664.9   820.2  1372.8  5104.9 13633.2  30229.2    30209
read      506.7   434.0    93.8   210.0   239.1   417.0   527.2   604.0   669.4   752.3   864.4  1061.3  1583.0  3988.3 13770.2  68424.0    68315
read      534.2   801.0    86.8   204.7   234.7   390.1   470.3   531.3   588.5   691.3   909.1  1362.1  2368.1  8582.9 31723.9  91807.6    91940
read      469.5   384.1    93.8   189.9   217.8   390.6   494.8   557.9   609.9   683.0   793.6   987.9  1475.6  3742.9 10457.9  49501.4    49308
read      486.0   382.3    93.8   191.2   220.0   404.2   514.3   586.2   646.6   728.7   838.4  1039.6  1493.2  3797.0  9721.4  46799.6    46880
read      442.8   656.4    93.8   191.9   219.0   358.0   422.2   461.3   493.5   535.5   601.7   835.3  1869.4  8294.0 31224.2  92564.8    92540
read      483.2   463.2    86.8   187.8   216.1   393.8   499.4   568.4   628.3   712.0   829.2  1035.3  1640.8  4014.6 14074.6  49550.2    49396
read      425.3   620.7    93.8   191.5   217.5   350.6   411.4   448.4   476.8   515.2   574.4   731.7  1887.3  7395.0 31368.7  97717.8    97841
read      470.2   339.6    86.8   185.9   214.1   406.5   507.5   569.6   621.8   693.6   798.1   954.3  1399.2  3407.8  8436.9  35256.0    35404
read      488.9   628.7    86.8   193.3   221.4   373.7   452.9   505.8   550.9   625.0   791.5  1199.3  2145.0  6320.2 30548.8  80637.8    80451
read      495.2   758.3    86.8   192.1   220.1   367.4   439.0   487.1   530.1   596.5   780.4  1286.8  2410.8  8258.5 31877.0  87131.0    87228
read      432.2   432.7    86.8   185.9   211.3   356.9   434.2   484.5   524.7   578.0   672.6   903.3  1639.2  5115.2 10958.5  75512.4    75554
read      430.9   447.3    93.8   183.2   209.3   361.1   446.6   499.8   539.8   590.2   669.9   854.6  1448.6  5189.2 12646.7  57876.6    57964
read      488.8   719.1    93.8   194.7   222.9   374.5   453.8   505.6   549.0   614.9   746.9  1084.5  2295.0  8318.7 31290.3  83411.4    83546
read      485.5   338.8    93.8   197.9   227.0   403.8   512.4   584.0   642.5   724.0   834.9  1021.0  1523.4  3415.4  8546.1  55501.6    55468
read      493.5   511.4    93.8   193.0   221.4   414.3   524.3   593.9   652.1   730.4   826.8   974.4  1395.9  5786.9 27774.6  34212.4    34203
read      507.6   588.4    93.8   193.1   221.7   418.0   528.1   599.0   660.4   739.5   840.7  1009.9  1728.9  7328.3 22863.6  37532.8    37629
read      484.1   347.9    93.8   193.0   222.1   417.6   524.2   592.6   652.3   726.3   818.0   963.5  1336.2  4115.8 10490.8  34521.2    34577
read      500.8   440.6    93.8   199.4   228.2   412.2   521.7   592.8   656.3   740.8   852.6  1055.8  1644.3  4243.6 11654.4  47502.4    47426
read      495.2   447.9    86.8   202.1   230.4   408.3   515.5   587.3   649.3   731.9   841.1  1029.3  1539.7  4523.0 14852.1  58671.6    58845
read      487.3   326.4    93.8   209.0   238.1   412.4   515.4   585.8   643.9   720.0   820.6   999.0  1460.7  3113.8  8758.4  66881.8    66993
read      464.0   855.3   101.3   185.0   211.2   396.6   476.5   518.3   543.3   574.8   618.7   704.3  1778.3  9699.3 32015.8  10974.4    10977
read      491.3   476.2    93.8   196.0   224.8   406.7   514.8   584.3   642.6   723.7   828.6  1014.2  1490.3  5523.7 18525.8  51213.8    51529
read      498.8   494.6    93.8   193.6   222.5   406.7   520.0   591.6   656.7   741.4   853.8  1053.1  1585.4  5659.1 15889.8  48313.6    48344
read      478.5  1283.5   101.3   197.2   225.9   353.4   397.0   423.3   443.1   467.8   504.8   588.6  3753.5 24638.3 37041.2   5911.0     5902
read      389.9   278.2    86.8   184.0   209.3   344.1   412.1   453.8   486.0   526.6   580.8   690.3  1218.3  2575.4  8945.7  71348.6    71602
read      528.8   508.3    86.8   198.7   227.2   421.2   543.4   628.1   705.4   803.4   943.5  1181.0  1789.4  4638.9 13905.1  42085.2    41886
read      490.8   431.3    93.8   195.2   223.4   402.7   509.8   578.4   634.3   716.7   831.9  1073.6  1613.8  4574.2 11606.7  47591.2    47456
read      443.8   572.4    93.8   196.2   222.8   365.3   432.6   473.7   507.4   551.0   623.4   826.3  1832.2  7470.7 29534.9  94080.6    93939
read      491.0   727.1   101.3   190.6   218.5   416.8   515.7   572.4   614.1   664.7   739.6   858.0  1470.0  8592.0 31931.0  16835.2    16890
read      511.0   596.5    93.8   194.1   223.4   406.8   521.1   595.0   661.0   747.8   872.9  1094.6  1729.7  6513.3 30232.7  45655.2    45689
read      531.3   763.9    86.8   191.1   220.2   423.8   536.7   614.9   678.8   760.5   864.4  1058.5  1841.2  8223.0 32000.6  32781.6    32790
read      505.1   432.9    93.8   193.0   222.1   411.9   528.7   605.1   672.3   763.4   881.1  1094.8  1597.6  5668.6 10881.6  43868.6    44044
read      495.8   524.7    93.8   191.8   220.9   417.9   526.0   595.1   650.4   714.2   800.3   946.1  1553.9  6555.0 20447.0  28128.4    28149
read      495.6   544.3    93.8   192.9   221.2   413.5   523.2   592.1   650.4   729.6   826.1   999.3  1488.9  6606.9 28418.5  39605.4    39739
read      508.1   568.5    93.8   200.5   229.0   392.2   487.4   552.3   614.1   711.4   869.4  1178.4  2094.1  5649.5 27570.9  72606.8    72475
read      371.2   348.8    86.8   187.2   211.0   334.8   393.2   427.4   453.4   485.0   528.2   599.4   900.0  4442.6 11060.5  94087.6    93882
read      431.5   720.9   101.3   191.5   221.0   368.5   423.1   452.9   473.0   499.5   535.0   603.7  2002.7  9826.5 33370.4   6747.8     6692
read      512.9   719.3    93.8   195.6   223.9   402.4   510.8   584.4   644.2   731.6   848.2  1072.6  1697.4  9978.0 33045.5  50397.4    50406
read      496.4   756.2    93.8   196.4   224.1   373.4   449.3   499.8   542.4   604.8   736.9  1135.9  2561.4  8622.1 31885.8  83149.6    83055
read      505.4   435.2    93.8   202.9   231.3   410.1   522.4   596.9   662.2   751.0   883.7  1110.2  1682.3  3578.4 12171.1  55568.0    55609
read      499.4   794.0   101.3   190.2   219.1   413.5   516.9   572.9   612.3   659.7   727.5   844.6  1897.0  9687.0 31950.1  16961.8    16968
read      529.4   849.8    93.8   193.8   221.4   402.1   516.8   589.9   657.2   755.2   902.4  1148.9  1730.3 12732.5 32038.7  42957.8    43031
read      500.0   910.7   101.3   187.3   214.8   404.7   510.3   567.3   606.4   652.9   715.9   825.1  1960.7 11692.7 35251.9  17284.2    17236
read      544.4   853.8    93.8   200.4   229.1   383.3   467.0   529.9   589.7   706.3   951.9  1429.7  2812.2  8709.1 31920.7  82084.4    82183
read      482.5   383.4    93.8   190.8   218.6   396.8   506.1   574.9   633.5   719.2   845.3  1069.4  1529.1  3839.6  9336.7  42230.4    42212
read      505.6  1213.7   101.3   183.4   209.4   392.7   482.1   523.4   547.9   581.1   626.3   717.6  3131.1 19011.7 37347.4  12191.0    12244
read      491.2   372.6    93.8   204.6   233.1   406.8   508.7   580.3   641.0   725.1   845.8  1056.4  1562.3  3557.8 13254.7  61440.4    61777
read      487.3   397.6    93.8   193.4   221.5   413.0   522.6   589.7   648.4   728.7   836.4  1012.8  1390.3  4698.7  9865.6  37060.4    36984
read      511.0   562.8   101.3   193.2   223.2   428.9   541.1   612.8   672.3   746.4   841.8  1006.3  1682.5  6435.6 30226.2  29076.8    29093
read      489.0   331.2    93.8   195.0   223.5   414.2   524.7   598.0   661.9   746.4   855.4  1034.2  1445.7  2731.6  9663.3  41764.6    41715
read      513.5   684.6    93.8   190.6   219.6   419.9   532.3   606.1   670.4   749.1   848.4  1023.7  1631.8  8475.1 31165.5  34814.2    34838
read      484.7   356.1    93.8   202.0   230.2   404.1   510.3   582.9   643.2   723.7   826.9  1004.1  1488.3  3893.2 10278.1  63509.4    63574
read      507.5   717.4    93.8   189.3   218.7   422.6   527.5   597.2   649.1   712.8   793.4   925.4  1837.1  8114.5 31432.7  24465.4    24401
read      491.3   511.3    93.8   192.8   221.3   419.9   530.1   598.4   654.5   728.4   818.1   941.9  1342.7  5577.5 17562.6  32114.0    32025
read      465.8   677.1    93.8   202.6   230.2   376.9   445.0   488.1   523.3   571.9   653.8   895.5  1850.1  8484.9 31379.7  99062.6    98971
read      471.3   609.4    93.8   184.8   212.3   402.1   496.7   552.6   596.5   658.5   742.2   860.3  1314.3  8445.9 30758.3  23456.0    23657
read      514.7   403.3    93.8   208.7   237.9   418.4   531.0   611.8   680.1   769.8   895.0  1119.5  1697.3  3474.9 11709.5  67690.2    67877
read      478.0   320.7    93.8   195.2   223.5   399.8   505.1   573.7   631.7   709.5   824.1  1014.9  1506.5  3213.6  7537.1  53979.8    53849
read      513.4   663.0    93.8   194.6   223.0   381.3   463.9   523.2   578.4   675.8   901.9  1355.3  2276.8  6187.1 31099.8  79474.4    79536
read      518.1  1067.6    93.8   189.5   216.8   408.2   509.5   564.2   605.1   653.2   720.9   837.3  2348.2 12953.9 32280.2  17089.4    17081
read      489.2   379.0    86.8   191.0   220.3   412.5   522.2   594.5   653.9   731.4   833.6  1006.4  1449.5  4045.8 11764.5  39076.0    39024
read      500.9   601.5   101.3   193.8   223.0   420.0   526.2   594.4   652.5   717.0   798.2   942.1  1599.1  7041.5 30699.1  26181.2    26125
read      504.4   471.2    93.8   190.4   219.5   421.9   533.9   606.4   664.5   740.1   841.8  1012.9  1636.4  6283.3 12594.6  33372.2    33388
read      496.5   859.1    93.8   185.7   213.5   407.7   506.1   567.4   614.7   668.6   740.9   853.1  1572.9 12590.8 31733.3  21011.4    20979
read      474.4   698.1    93.8   199.4   227.5   374.9   442.9   485.8   520.5   568.0   652.8  1015.0  2018.4  8360.9 31574.7  95893.6    95865
read      429.0   519.9    86.8   184.1   209.2   347.9   422.6   468.0   504.8   552.1   632.8   887.7  1719.1  5847.9 21374.8  73855.6    73949
read      492.6   364.0    93.8   201.5   229.5   407.4   514.2   587.7   648.7   731.6   845.0  1053.7  1603.1  3444.0  9582.5  60953.2    60987
read      494.7   430.3    93.8   198.1   226.6   407.1   519.2   592.8   654.2   735.0   845.3  1048.8  1545.1  4088.9 14193.0  54251.6    54175
read      496.0   387.9    86.8   198.1   227.4   413.0   523.7   596.7   659.7   744.7   859.2  1055.3  1500.2  3424.9 11038.7  51476.6    51484
read      498.1   417.4    93.8   194.0   222.6   419.1   533.2   608.1   669.6   746.7   848.6  1017.5  1458.4  4797.0 13454.0  39665.6    39771
read      509.7   682.6    93.8   188.2   218.3   418.1   525.8   592.5   648.8   722.9   814.9   976.3  1874.5  9420.5 30589.0  32885.2    32864
read      498.9   479.5    86.8   193.4   221.7   412.6   528.1   600.3   665.5   747.2   855.7  1036.6  1571.4  4979.5 15362.6  42024.8    42033
read      517.6   527.1    93.8   196.1   225.0   417.0   535.6   611.3   677.7   764.6   889.9  1110.5  1735.3  6829.3 19536.8  43789.8    43808
read      503.9   382.9    86.8   197.9   226.8   417.9   535.6   614.1   681.0   766.1   877.7  1076.0  1527.8  3764.8 12256.1  45929.2    45785
read      520.6   591.7    93.8   194.0   222.5   420.4   535.9   616.1   685.6   779.7   900.8  1110.7  1670.2  7519.9 30428.1  35582.2    35582
read      505.5   428.1    93.8   194.7   223.1   418.8   534.8   611.2   676.7   767.4   887.2  1085.0  1517.9  4500.5 11211.1  38443.4    38504
read      494.0   888.2    93.8   187.5   214.6   404.6   501.3   549.7   584.6   626.6   679.9   789.2  2203.5 12882.1 31940.9  15327.0    15320
read      443.7   488.3    93.8   190.1   216.9   362.0   439.8   491.0   533.2   589.9   688.9   918.3  1683.1  5794.9 15952.9  74212.6    74264
read      493.6   420.3    93.8   194.5   222.4   407.4   520.5   594.2   658.5   747.2   862.8  1060.4  1549.1  3663.6 12922.1  43963.6    43890
read      490.5  1406.0   109.4   198.8   229.2   363.5   413.8   441.3   462.0   488.0   523.8   597.9  3438.9 30461.5 35190.5   5908.4     5962
read      534.7   648.9    93.8   204.1   232.7   426.0   541.4   619.0   684.3   776.3   890.4  1086.5  1820.7  7608.9 30722.2  38407.2    38365
read      496.6   423.6    93.8   203.5   231.6   409.8   518.6   591.1   652.3   734.7   851.9  1061.0  1584.2  3948.3 14248.6  55853.0    55971
read      468.6   554.8    93.8   191.7   218.9   404.6   493.3   544.9   587.7   640.6   718.0   853.9  1553.4  5584.2 28649.9  23254.2    23217
read      364.6   222.5    86.8   193.6   217.7   337.7   394.8   428.9   454.9   486.6   529.9   596.9   804.7  2182.2  8724.8  87619.2    87681
read      365.8   249.8    86.8   194.8   219.3   339.1   394.7   427.4   453.2   485.0   527.4   594.6   799.6  2315.4  9532.6  91691.0    91728
read      368.1   206.5    93.8   198.9   222.9   342.5   397.2   430.1   456.0   487.6   530.2   598.5   811.8  1984.6  8091.2  96953.6    96668
read      364.2   224.4    86.8   188.0   211.5   335.8   397.0   433.4   461.4   495.9   540.0   610.3   802.8  1856.2  7819.5  80604.4    80475
read      388.8   232.0    93.8   182.0   206.6   363.8   450.5   491.3   518.0   546.8   583.1   637.5   809.8  1747.0  8735.1  27187.0    27150
read      381.3   258.3    86.8   184.5   208.5   347.5   422.6   466.4   499.2   536.1   581.5   648.8   848.4  2266.1  9316.8  53539.2    53444
read      396.5   335.6    86.8   184.0   207.6   372.3   453.6   490.8   514.9   541.4   576.5   634.0   850.0  4478.4 10686.7  23770.2    23737
read      363.3   205.7    93.8   191.6   215.5   335.2   391.8   426.0   452.7   485.7   530.0   601.6   832.7  2070.2  6333.7  87728.4    87776
read      359.5   185.1    93.8   189.2   212.5   332.7   391.2   426.1   453.1   486.7   531.5   600.0   792.2  1797.0  5513.2  82040.6    82175
read      359.4   228.5    86.8   193.9   217.8   334.1   388.1   420.1   444.4   474.2   515.5   584.4   792.1  1648.5  8630.8  98410.0    98548
read      396.3   302.4    86.8   183.6   208.6   362.0   445.6   490.9   522.3   556.6   599.0   669.7   879.7  2792.7 10173.7  37849.4    37704
read      373.6   248.6    86.8   184.2   208.4   342.9   411.2   451.6   481.3   517.2   562.7   631.8   841.1  2063.5  8573.4  64662.0    64701
read      371.9   198.2    86.8   183.9   208.3   342.5   410.4   450.8   480.3   516.6   562.7   632.3   816.3  1932.0  7100.9  68917.0    69089
read      368.6   234.8    86.8   194.1   219.0   340.8   398.6   432.7   459.1   491.5   534.4   602.2   803.4  2362.6  8048.7  89899.6    89785
read      405.4   297.8   101.3   189.0   213.3   394.0   458.4   489.8   510.9   535.6   567.3   625.5   866.2  4271.4 10819.5  16618.6    16676
read      375.6   217.4    86.8   189.1   213.5   345.7   412.4   452.5   482.5   519.0   565.7   637.1   831.5  1576.7  9602.3  69420.8    69604
read      379.0   213.6    86.8   203.1   226.5   348.7   404.9   439.3   466.5   500.8   546.9   632.4   911.8  2083.1  7325.5  99510.2    99682
read      372.5   232.6    93.8   198.9   223.0   344.3   400.4   433.9   460.3   492.8   536.9   613.1   850.2  2414.2  6520.7  97539.0    97693
read      408.2   346.7    93.8   194.1   218.7   390.7   459.6   494.1   518.0   543.2   578.5   635.7   885.7  3877.4 10806.4  17301.4    17381
read      510.1   442.5   109.4   203.3   228.9   412.1   530.0   605.3   670.4   764.7   893.6  1098.0  1668.9  4324.1 15380.4  40149.4    40069
read      483.9   899.8   109.4   205.5   235.0   398.1   466.6   503.6   530.7   563.3   611.2   700.8  2597.9 11029.7 31377.6   8759.4     8841
read      515.0   556.7   101.3   206.4   233.0   399.1   502.3   575.0   637.0   727.4   859.6  1102.0  2817.7  6249.5 16772.7  56455.8    56576
read      504.3   661.6   101.3   200.5   227.4   431.4   534.7   594.3   644.3   705.2   783.5   899.5  1401.7  9832.3 31374.5  21726.6    21599
read      513.3   564.0    86.8   202.0   228.7   398.2   503.5   576.6   638.2   732.9   865.5  1106.8  2718.1  5847.3 24228.0  52990.8    53003
read      493.5   660.9   101.3   195.6   222.8   429.0   525.6   581.6   625.7   679.1   747.8   858.6  1469.7  9756.8 30822.0  19784.0    19831
read      569.3   868.5    93.8   211.3   240.7   397.6   482.5   544.7   603.9   711.7   938.4  1442.0  3405.8  8363.7 32042.7  80386.2    80340
read      499.3   592.8   101.3   192.5   220.4   422.2   529.7   593.7   646.6   717.6   811.7   955.1  1534.3  6618.4 30290.5  28834.8    28765
read      491.1   554.7    93.8   191.4   218.9   423.2   527.2   589.6   641.9   710.1   796.0   926.9  1420.4  5464.2 30476.7  25496.4    25572
read      515.3   665.6    86.8   196.0   223.7   413.8   529.6   601.1   662.8   743.6   851.3  1027.7  1749.6  9018.4 31015.5  37069.2    37071
read      538.1   700.0    93.8   211.9   240.3   399.5   493.2   561.2   625.3   723.7   893.0  1242.4  3003.4  7044.7 30804.7  75954.0    75819
read      506.8   614.6    93.8   194.2   222.4   402.0   514.0   584.6   642.5   725.1   843.0  1040.7  2070.7  6561.3 30369.7  44406.2    44359
read      542.0  1040.0    93.8   221.1   251.0   398.8   467.6   511.7   547.0   596.5   683.3  1002.8  3875.7 10334.3 35129.7  95916.6    95960
read      505.8   521.9   101.3   204.2   231.5   399.5   502.5   574.4   635.7   722.1   845.5  1063.9  2060.2  5683.6 19056.7  59791.4    59630
read      502.4   533.2    93.8   194.7   223.2   397.8   504.5   575.2   632.7   715.7   838.6  1063.9  2259.2  6016.5 22378.0  47808.8    47930
read      525.4   598.4    93.8   208.6   237.3   406.3   507.9   580.5   642.8   734.7   864.5  1107.1  2899.1  6646.1 29432.7  65670.4    65545
read      552.4  1005.8   101.3   221.1   250.2   397.6   467.2   514.8   554.6   615.6   733.9  1154.7  3909.3  9340.1 34392.4  93948.2    94038
read      515.2   517.8    93.8   202.1   229.3   403.3   514.7   591.1   656.6   749.3   881.7  1117.0  2238.9  5457.0 13644.0  51771.8    51806
read      523.7   552.7    93.8   200.1   227.9   404.3   517.8   593.8   662.8   760.7   895.8  1143.7  2811.7  5647.9 18309.5  48653.2    48712
read      470.4   762.3    93.8   190.1   217.1   413.6   495.1   543.0   576.8   615.6   665.5   751.2  1435.9  7759.5 35297.0  13148.8    13115
read      565.0   720.4    93.8   217.4   246.8   412.7   510.2   587.4   661.8   776.0   953.7  1329.6  3103.2  7420.2 30087.6  76590.8    76569
read      491.3   678.1   101.3   191.7   220.3   422.6   520.1   579.1   625.2   678.0   747.3   856.8  1431.0  8618.3 31830.5  19214.8    19372
read      504.2   527.5    93.8   201.8   229.4   397.3   501.1   574.3   634.6   721.6   849.2  1087.7  2005.4  5543.0 20024.8  59446.0    59331
read      492.4   493.7    93.8   200.9   228.0   391.9   488.6   556.5   614.0   695.6   815.2  1029.0  2005.3  5891.0 12724.4  62401.4    62597
read      485.6   413.3   101.3   192.2   220.1   405.5   515.8   580.5   632.8   704.7   807.5   979.9  1623.2  4750.5  9894.3  37778.4    37702
read      504.2   511.4    93.8   194.2   222.3   402.0   514.8   586.4   644.6   729.3   844.2  1051.8  2125.3  6244.2 14324.4  41946.4    41975
read      492.5   553.7    93.8   191.4   218.9   423.5   528.3   590.9   639.5   704.5   789.1   914.6  1497.1  6525.5 21273.6  26102.6    26100
read      563.1   880.2    93.8   217.1   246.3   400.8   483.7   544.4   601.6   698.6   893.7  1350.0  3406.1  7863.2 32082.1  82466.4    82500
read      513.5   594.7    93.8   198.4   225.9   399.8   511.1   584.6   645.7   733.8   862.6  1081.7  2423.5  6444.1 28329.4  50802.8    50756
read      514.7   639.3    86.8   205.1   234.1   405.1   504.9   575.5   635.9   720.6   842.8  1072.9  2169.7  6609.8 31118.1  66684.8    66696
read      426.7   313.7    93.8   190.0   215.5   366.4   450.8   503.5   543.2   592.7   672.6   832.0  1318.0  3191.0  8822.3  53453.8    53364
read      391.3   367.8    93.8   194.4   221.8   377.4   418.5   441.2   459.2   479.9   507.2   559.1   748.1  6159.2 13488.4  10458.4    10413
read      383.1   289.8    86.8   187.7   211.9   345.7   413.2   453.8   484.7   523.4   574.1   654.7   963.8  3033.8  8581.4  64980.8    64876
read      366.5   203.7    86.8   183.0   207.1   336.7   401.1   439.2   468.1   504.5   551.0   625.2   831.9  1788.1  6822.3  69204.8    69079
read      385.3   330.9   101.3   181.8   206.0   371.2   435.3   467.1   489.5   514.0   546.2   601.2   752.4  5089.5  8624.8  19524.8    19447
read      362.1   231.3    86.8   190.4   213.7   333.2   392.2   427.2   454.2   487.2   531.9   605.4   829.9  1714.7  6952.9  81113.8    81182
read      432.6   423.3    86.8   188.2   214.1   385.7   467.6   513.9   548.5   589.9   648.3   763.8  1151.5  6719.3 12533.1  25202.2    25265
read      495.4  1232.2    86.8   191.2   218.8   390.5   459.7   497.1   524.7   558.4   601.9   686.6  2601.5 16912.8 37610.3   9711.4     9699
read      507.4   666.2    93.8   200.0   227.3   404.2   512.9   585.7   645.0   726.6   845.8  1068.2  1682.9  7057.3 31541.9  48832.8    48659
read      524.9   550.5    93.8   214.8   243.5   416.3   523.7   601.0   669.6   758.5   892.2  1126.6  1850.4  5796.0 27232.3  75156.6    75126
read      372.0   252.9    93.8   191.7   215.6   338.6   394.6   427.3   452.9   485.0   529.8   607.5   970.9  3674.9  7223.1  96438.2    96559
read      463.8   405.9    93.8   195.2   223.1   392.2   486.9   547.2   596.2   662.9   760.3   940.9  1425.7  3805.8 13336.2  55863.4    55885
read      478.3   998.5   101.3   192.4   221.3   396.8   458.3   494.5   521.1   553.8   601.0   695.6  2796.5 10417.2 39256.5   9039.8     9039
read      519.1   606.8   101.3   209.5   237.8   409.8   516.4   592.7   659.5   746.9   872.4  1091.1  1738.0  8398.0 22993.7  66184.2    66378
read      474.7   462.9    93.8   190.4   218.9   404.0   505.9   573.6   624.8   691.7   784.3   939.8  1355.5  4900.6 15632.9  41288.4    41225
read      473.4   408.8    93.8   194.4   222.8   400.6   500.0   567.0   619.0   685.8   781.8   942.1  1445.4  4737.3 10991.1  52402.2    52371
read      487.6   424.9    93.8   195.3   223.5   412.0   517.6   585.8   641.5   720.4   825.4   999.9  1389.1  5564.7 11966.6  39937.4    39873
read      473.1   309.4    86.8   190.4   218.6   409.2   513.9   582.0   635.6   706.3   806.7   968.4  1339.6  2797.9 10381.9  41171.8    41176
read      547.0   779.2    93.8   205.1   235.2   392.2   474.7   540.6   607.0   731.2   971.2  1401.5  2710.9  7911.3 31826.3  85342.8    85357
read      574.7   737.4    93.8   215.2   245.6   411.4   518.4   616.3   715.3   855.7  1048.5  1438.0  2485.9  8392.3 31107.3  85403.8    85391
read      368.2   342.2    86.8   186.3   209.8   333.8   391.0   424.0   448.8   479.3   522.6   594.2   922.9  3450.5 13130.7  91920.8    91890
read      472.4   344.4    93.8   196.2   225.0   395.4   494.0   561.2   616.3   689.2   799.4   997.2  1475.0  3709.2  9232.8  57708.0    57558
read      460.8   809.8    93.8   186.2   213.5   395.3   461.1   497.6   524.3   556.4   603.5   690.2  2243.2  8320.7 31868.6   9986.6     9972
read      547.6   656.2   101.3   219.1   247.7   424.2   537.7   622.6   695.0   789.9   932.5  1174.5  1920.0  7643.8 29908.1  74412.0    74636
read      495.0   575.2    93.8   190.0   219.3   418.3   520.1   589.2   642.6   709.8   799.6   942.7  1491.3  7217.9 30582.6  29789.6    29773
read      477.9   344.8    93.8   202.8   230.6   403.2   502.1   569.6   626.0   700.6   805.6   991.5  1460.7  3220.3 10796.3  63402.2    63494
read      460.7  1093.8   101.3   191.5   219.5   374.4   426.1   454.6   475.0   501.5   539.9   623.8  2840.0 11900.7 32463.1   7116.6     7201
read      510.1   614.1    93.8   203.1   231.2   410.2   519.0   593.5   655.1   734.3   852.0  1064.4  1615.8  7020.9 30522.7  49201.2    49507
read      491.6   375.3    86.8   207.9   236.2   409.8   510.1   584.4   642.9   719.6   822.7  1010.6  1533.7  4377.2  9745.6  65344.4    65454
read      477.7   674.2    86.8   192.1   219.1   360.2   434.0   487.0   536.9   622.7   806.5  1117.7  1971.1  8290.8 31228.5  88723.0    88537
read      488.4   464.6    86.8   190.9   219.2   412.7   519.6   588.6   646.0   719.2   810.3   972.4  1435.9  5371.9 15966.4  37024.8    36982
read      442.2   634.5    86.8   187.2   212.5   350.6   417.8   459.9   494.9   543.8   636.1   967.1  1840.3  8193.0 31029.9  89063.6    88964
read      359.1   274.0    86.8   188.0   211.1   329.3   383.9   415.1   437.7   467.5   507.9   581.1   855.0  3231.5 11147.9  96461.0    96479
read      382.7   259.6    86.8   186.6   211.1   349.8   422.7   464.4   495.6   532.2   579.0   646.6   841.5  2368.0 12119.1  47986.2    47883
read      396.9   369.4    86.8   185.8   210.6   353.3   427.3   469.2   502.3   541.4   590.1   673.6  1003.6  4488.9 10209.3  50690.6    50650
read      356.6   184.4    86.8   186.0   210.2   333.7   389.8   422.4   446.6   476.0   517.2   585.0   780.0  1869.2  6387.1  89238.0    89242
read      362.0   279.6   101.3   194.5   222.7   353.6   389.8   408.9   423.9   440.3   465.8   507.9   677.4  3570.6 11765.1   7314.2     7374
read      369.8   428.9   101.3   193.9   221.4   356.5   393.7   413.7   428.6   447.2   470.6   515.6   729.9  5268.1 28439.7   8506.0     8507
read      385.5   249.8    93.8   184.5   210.5   355.8   427.4   467.0   497.4   533.9   581.3   652.5   871.2  2282.0  9026.8  50637.4    50676
read      376.3   213.2    93.8   184.7   208.8   345.5   416.8   456.8   486.7   523.6   571.0   639.6   836.4  2321.7  6398.8  57041.2    57069
read      391.0   364.4    93.8   184.2   208.8   349.2   426.9   469.2   502.4   540.0   588.3   664.0   923.6  3914.6 11810.5  43394.8    43520
read      391.5   317.7    93.8   195.4   219.4   347.1   417.6   461.1   496.4   538.2   590.7   678.2  1021.4  3108.6 11772.0  56645.4    56720
read      393.6   296.1    93.8   202.0   225.0   351.7   417.3   457.8   490.1   530.2   584.4   675.2   996.5  3538.9  9779.0  68240.8    68155
read      389.7   319.5    93.8   197.4   220.6   345.0   413.7   455.7   489.2   530.3   584.7   671.6   957.8  4398.8  9115.6  60746.8    60444
read      392.6   364.9    93.8   197.3   221.5   348.0   414.9   456.7   488.8   528.3   582.6   671.3  1012.7  3862.5 14108.2  64006.6    63997
read      415.5   450.5    93.8   192.2   218.2   387.0   451.9   486.1   510.9   538.8   576.7   650.7  1102.9  4732.0 18069.6  17291.8    17315
read      396.4   360.4    93.8   204.7   228.1   351.7   414.2   452.9   482.8   521.2   575.3   669.1  1070.1  4360.3 10918.1  78482.4    78596
read      403.6   448.0    93.8   207.0   230.9   357.2   419.1   456.8   486.4   523.8   574.6   664.7  1060.9  4961.1 16157.1  81256.4    81548
read      404.1   288.7   101.3   219.8   242.9   368.4   425.8   461.3   489.4   524.2   573.1   661.3   991.7  3504.8 10010.7  97276.0    97254
read      396.2   308.8    86.8   191.4   215.5   351.8   424.6   469.2   504.7   544.3   595.7   681.4  1025.6  4051.4  9051.6  46284.8    46135
read      418.8   468.2   109.4   194.2   221.4   394.1   448.3   475.5   497.5   524.9   565.2   648.5  1161.2  4962.4 30328.4  13291.6    13379
read      406.5   525.1    93.8   179.7   204.8   357.1   435.5   475.6   507.6   545.6   594.0   676.9  1081.8  6100.3 30400.4  46788.2    46993
read      375.5   271.8    93.8   192.1   217.1   344.8   402.9   436.5   462.1   493.7   537.4   617.5   914.1  2845.0  8603.9  98329.4    98274
read      399.6   329.3    93.8   210.0   235.6   364.0   422.5   458.2   486.0   521.2   570.8   660.2   992.0  3391.3  9632.3  97077.2    97056
read      396.1   261.9    93.8   190.7   215.6   354.7   430.4   474.9   510.6   549.7   599.8   683.8  1011.6  3304.6  9520.1  43509.6    43434
read      408.9   361.6   101.3   190.5   215.9   362.3   441.5   489.2   524.3   564.0   615.6   697.7  1081.2  4039.4 11203.8  36526.0    36406
read      382.6   258.5    93.8   200.6   225.7   349.0   405.8   440.8   467.1   501.7   548.4   635.5   948.6  3026.5  8408.3  98906.6    99121
read      404.7   410.8    93.8   204.2   228.3   357.9   421.9   461.2   492.6   532.6   586.3   685.0  1086.7  4390.0 16154.7  80984.6    80708
read      444.9   506.4    86.8   187.1   212.5   370.8   459.2   508.8   548.3   598.3   676.5   853.1  1588.5  5644.0 15006.4  40417.6    40517
read      483.7   451.4   101.3   191.7   219.0   404.0   511.2   582.5   644.2   721.2   824.5   989.2  1391.0  5865.0 12428.7  34036.6    34168
read      475.7   816.0   101.3   189.7   217.6   408.1   482.6   528.9   563.5   604.5   658.5   749.9  1953.8  7927.2 34389.7  11698.2    11754
read      471.0   556.8    93.8   202.5   229.7   376.9   448.2   494.1   532.1   584.9   681.0  1009.1  2022.7  6288.4 24043.8  93424.8    93304
read      541.4   540.5   101.3   215.7   245.0   426.4   543.3   633.0   710.1   807.4   947.7  1179.6  1880.6  5272.5 16214.8  64827.2    64697
read      514.6   715.3    93.8   209.2   237.8   385.4   453.8   500.2   542.7   609.8   763.1  1308.3  2870.1  7690.1 30780.0  92677.6    92626
read      524.3   541.0    86.8   202.5   231.1   393.4   484.8   560.1   637.1   770.6   968.1  1263.8  2140.5  5831.3 15226.9  75582.8    75618
read      468.7   642.7    93.8   194.9   222.6   370.7   439.1   481.4   515.4   563.5   647.6  1021.4  2033.0  8303.0 30356.9  85767.4    85805
read      464.0   676.8   101.3   187.7   214.2   398.3   466.5   510.4   552.7   609.7   686.4   819.8  1503.7  8488.2 30789.4  18961.6    18930
read      409.7   286.9    86.8   188.3   214.3   364.4   441.3   486.7   519.9   560.9   619.0   727.5  1201.3  3382.8  9791.3  50157.4    50153
read      381.9   297.5   101.3   195.0   222.9   376.9   417.6   437.6   454.8   472.2   501.4   547.6   694.4  4228.6 12417.6  10332.4    10377
read      404.3   237.0    86.8   189.7   219.9   387.2   455.8   491.5   516.8   547.2   587.5   656.3   850.0  2198.6  7256.2  33022.6    33112
read      397.5   227.1    86.8   190.1   219.2   382.9   448.8   483.1   505.9   534.8   573.0   634.8   811.8  2078.5  8112.7  28790.6    28777
read      391.5   245.2    86.8   186.3   213.7   365.8   437.9   477.1   504.7   537.9   580.9   651.9   855.9  2305.8 10696.8  45671.0    45709
read      364.4   190.9    80.4   188.6   213.0   340.8   400.0   434.9   461.3   492.6   534.2   600.2   778.7  1558.9  6199.1  74570.2    74458
read      368.9   200.3    93.8   192.4   217.9   342.5   401.9   436.7   464.2   497.6   541.4   613.2   804.8  1777.6  7263.4  73774.8    73596
read      404.4   235.4    86.8   191.7   218.5   381.5   461.1   497.4   522.2   549.7   590.6   662.4   910.5  2559.5  9675.3  28084.8    28031
read      389.8   223.6    86.8   190.2   216.7   360.1   435.5   476.9   507.4   541.9   584.6   656.3   858.7  1891.9  8841.7  45707.4    45754
read      353.2   172.3    93.8   185.1   209.5   331.2   388.2   420.9   445.6   475.7   515.2   581.3   747.1  1353.1  5483.9  80162.2    80138
read      367.3   287.3    86.8   183.0   208.2   340.2   403.8   442.0   469.2   501.5   543.1   611.3   796.9  1644.5  9543.7  64546.8    64350
read      373.2   203.0    86.8   181.4   207.0   348.0   417.7   456.8   484.8   516.9   557.6   626.0   813.9  1585.0  7538.9  51955.8    51870
read      353.3   200.9    93.8   183.8   208.1   329.2   386.7   420.4   445.5   475.7   516.8   583.8   753.9  1456.8  7931.5  80889.4    81106
read      354.2   188.3    86.8   183.3   207.5   330.1   388.1   421.3   446.0   476.0   516.4   584.9   785.7  1509.8  7212.3  82123.4    82064
read      383.4   234.8    93.8   182.2   207.5   360.9   437.6   474.4   499.3   529.0   568.6   633.6   791.5  2510.2  8652.1  30546.8    30534
read      388.9   272.5    86.8   185.7   211.3   371.0   445.3   478.7   501.1   529.2   566.3   629.4   788.0  3492.9  9377.4  25321.2    25449
read      371.2   211.8    86.8   185.1   210.1   343.9   408.9   447.4   475.2   509.7   556.2   631.3   821.2  1464.6  8592.4  67470.8    67525
read      393.3   265.1    80.4   184.3   210.1   371.6   450.1   486.9   510.3   540.0   578.8   640.8   821.6  3190.6  7306.4  27294.2    27070
read      385.7   233.0    86.8   185.3   210.7   357.5   431.4   473.0   500.8   533.1   573.9   639.7   841.9  2959.4  8030.5  41081.2    41133

Total QPS = 51692.7 (77539032 / 1500.0s)

Total connections = 64
Misses = 0 (0.0%)
Skipped TXs = 0 (0.0%)

RX 19152141645 bytes :   12.2 MB/s
TX          0 bytes :    0.0 MB/s
Warning! Detected max cpu usage > 95%
CPU Usage Stats (avg/min/max): 99.94%,49.49%,100.00%