Wed May 25 15:58:09 UTC 2022
Random waveform, supplied seed
Total number of intervals = 300 (5031, 54838, 74868, 30015, 40743, 23648, 97712, 53672, 55395, 29425, 15173, 82475, 90555, 47944, 28313, 28504, 22886, 35717, 14828, 81704, 55771, 85226, 75020, 12441, 56208, 17446, 86943, 49138, 49839, 47752, 27181, 6170, 7187, 99387, 91970, 79658, 59230, 78081, 64242, 37702, 40686, 30376, 38416, 65892, 39560, 10016, 55224, 19982, 48114, 36283, 23315, 11150, 98724, 56880, 13467, 99368, 46206, 71651, 22741, 56654, 99570, 23047, 70008, 42943, 46704, 75970, 21917, 82027, 81583, 14259, 7821, 17727, 65559, 41133, 28693, 53141, 54512, 14835, 98446, 38117, 77994, 30209, 68315, 91940, 49308, 46880, 92540, 49396, 97841, 35404, 80451, 87228, 75554, 57964, 83546, 55468, 34203, 37629, 34577, 47426, 58845, 66993, 10977, 51529, 48344, 5902, 71602, 41886, 47456, 93939, 16890, 45689, 32790, 44044, 28149, 39739, 72475, 93882, 6692, 50406, 83055, 55609, 16968, 43031, 17236, 82183, 42212, 12244, 61777, 36984, 29093, 41715, 34838, 63574, 24401, 32025, 98971, 23657, 67877, 53849, 79536, 17081, 39024, 26125, 33388, 20979, 95865, 73949, 60987, 54175, 51484, 39771, 32864, 42033, 43808, 45785, 35582, 38504, 15320, 74264, 43890, 5962, 38365, 55971, 23217, 87681, 91728, 96668, 80475, 27150, 53444, 23737, 87776, 82175, 98548, 37704, 64701, 69089, 89785, 16676, 69604, 99682, 97693, 17381, 40069, 8841, 56576, 21599, 53003, 19831, 80340, 28765, 25572, 37071, 75819, 44359, 95960, 59630, 47930, 65545, 94038, 51806, 48712, 13115, 76569, 19372, 59331, 62597, 37702, 41975, 26100, 82500, 50756, 66696, 53364, 10413, 64876, 69079, 19447, 81182, 25265, 9699, 48659, 75126, 96559, 55885, 9039, 66378, 41225, 52371, 39873, 41176, 85357, 85391, 91890, 57558, 9972, 74636, 29773, 63494, 7201, 49507, 65454, 88537, 36982, 88964, 96479, 47883, 50650, 89242, 7374, 8507, 50676, 57069, 43520, 56720, 68155, 60444, 63997, 17315, 78596, 81548, 97254, 46135, 13379, 46993, 98274, 97056, 43434, 36406, 99121, 80708, 40517, 34168, 11754, 93304, 64697, 92626, 75618, 85805, 18930, 50153, 10377, 33112, 28777, 45709, 74458, 73596, 28031, 45754, 80138, 64350, 51870, 81106, 82064, 30534, 25449, 67525, 27070, 41133)
Average QPS expected = 51692
Timestamp start: 1653494290528
Timestamp end: 1653495790996

#type       avg     std     min      p5     p10     p50     p67     p75     p80     p85     p90     p95     p99    p999   p9999      QPS   target
read      425.4  1150.1   109.4   195.8   225.3   345.1   384.6   404.2   420.6   437.4   465.7   528.6  2137.0 28038.2 32346.9   4944.8     5031
read      509.6   702.4    86.8   192.8   221.5   405.4   509.0   582.5   643.0   723.1   836.9  1038.3  1754.9  9591.3 31306.8  54427.4    54838
read      470.2   469.7    86.8   190.0   217.6   377.0   458.7   511.3   558.3   635.7   788.1  1072.2  1924.3  4772.9 12871.6  74586.2    74868
read      422.7   352.2   101.3   180.2   205.6   384.2   465.9   508.1   539.9   582.3   655.6   783.1  1128.7  3427.9 10249.7  30051.8    30015
read      505.5   541.8    86.8   191.9   220.5   415.2   522.6   594.0   654.1   730.3   840.4  1028.1  1760.4  5845.9 21523.0  40747.0    40743
read      483.7   425.9    93.8   189.5   217.6   428.2   525.4   586.1   635.5   697.4   773.7   902.5  1265.7  6207.8 14429.7  23693.4    23648
read      425.7   660.0    86.8   195.6   221.4   357.0   421.0   458.9   488.5   527.5   587.0   726.3  1541.8  8581.7 31559.0  97687.4    97712
read      492.6   467.4    93.8   196.4   223.8   400.9   503.9   572.2   629.5   712.0   837.2  1061.4  1742.5  5079.5 12377.5  53626.6    53672
read      503.8   462.8    93.8   197.1   225.1   408.6   518.4   592.3   658.9   746.2   876.9  1112.6  1712.6  3955.5 18346.3  55388.4    55395
read      493.2   456.9    93.8   188.5   217.9   432.9   537.9   606.7   663.2   732.2   820.2   953.3  1361.2  5260.5 10962.6  29349.0    29425
read      520.6  1239.9    93.8   183.8   210.9   419.9   502.7   553.6   588.6   631.9   686.2   786.7  2784.2 17239.6 44934.5  15225.2    15173
read      519.8   730.6    86.8   193.4   223.8   389.3   468.8   524.3   576.2   667.9   875.2  1350.1  2294.9  8342.5 31414.4  82336.6    82475
read      400.4   529.8    86.8   183.1   208.3   345.4   409.8   446.5   473.0   507.1   555.2   658.1  1482.9  6831.0 26729.4  90473.2    90555
read      496.5   479.5    93.8   189.9   218.4   406.7   513.2   583.8   643.8   731.2   858.9  1080.4  1628.5  5571.4 15083.7  47907.0    47944
read      495.4   530.0    93.8   186.6   215.3   435.7   539.3   605.1   660.5   725.4   808.7   938.4  1299.2  5897.3 27455.1  28415.6    28313
read      492.9   571.0    93.8   186.6   214.9   429.5   528.2   594.5   648.0   714.2   800.2   935.7  1335.2  7028.6 30803.6  28567.2    28504
read      490.9   651.8    93.8   187.6   216.1   423.9   514.0   574.7   621.1   677.2   750.7   866.7  1476.4  8564.4 31261.1  22971.2    22886
read      501.0   513.7    93.8   189.5   219.4   426.8   534.0   604.4   664.1   737.6   836.7  1000.1  1446.9  7314.5 13899.6  35724.2    35717
read      494.5   902.9    93.8   183.4   211.2   418.1   502.7   553.3   587.8   635.0   693.2   797.5  1769.3 13041.0 32011.7  14891.2    14828
read      491.7   592.2    86.8   188.7   217.7   379.6   459.9   511.5   559.8   639.8   823.8  1210.5  2141.8  5752.7 29424.4  81764.0    81704
read      514.2   532.4    86.8   197.5   226.3   415.4   525.6   601.6   666.5   749.5   879.2  1106.7  1803.4  5932.9 25931.9  55561.8    55771
read      505.0   708.8    86.8   191.2   220.3   377.8   451.7   499.9   544.0   623.3   823.0  1363.6  2365.8  6724.4 31262.3  85332.0    85226
read      479.8   601.5    86.8   188.0   215.2   374.7   454.3   503.7   546.3   617.4   772.4  1112.1  2157.6  5927.1 29824.5  75126.2    75020
read      445.4   792.0    93.8   179.0   203.7   397.2   452.5   482.8   506.3   539.7   584.6   683.0  2087.4  7759.3 32117.4  12416.4    12441
read      523.3   532.8    93.8   204.8   234.3   425.7   536.1   613.1   679.3   769.8   896.0  1119.7  1753.3  5183.3 27115.8  56232.2    56208
read      508.8   832.8    86.8   187.2   215.2   429.0   520.8   577.2   620.1   669.8   736.3   858.5  2494.9 11345.9 31741.8  17538.0    17446
read      447.2   606.1    86.8   191.6   219.3   368.6   438.8   479.9   511.9   555.7   626.6   848.0  1816.8  7036.6 30859.4  86697.6    86943
read      480.7   431.7    93.8   191.7   220.1   401.8   500.0   562.2   616.6   691.6   802.8  1004.6  1599.3  4091.1 14333.4  48978.2    49138
read      504.0   405.2    93.8   196.9   225.9   419.6   532.1   606.8   668.6   749.4   866.8  1062.0  1616.5  4224.0 11991.3  49865.2    49839
read      515.1   562.8    93.8   198.9   228.1   418.5   528.1   600.6   664.0   744.6   864.0  1093.9  1698.9  6779.4 25666.0  47598.0    47752
read      495.6   466.4    93.8   192.4   221.4   433.4   531.4   597.3   651.3   718.0   806.2   953.4  1387.0  5566.8 19484.5  27325.6    27181
read      448.7   935.9   109.4   197.0   226.5   387.4   439.1   462.1   479.6   504.2   538.8   605.8  1616.0 11740.4 32088.9   6143.2     6170
read      499.5  1382.0   109.4   196.0   225.0   396.3   448.1   474.1   495.8   522.1   559.9   644.9  2811.1 30610.1 35719.1   7156.0     7187
read      438.5   739.8    93.8   197.1   224.1   362.7   424.8   461.1   489.6   526.2   581.7   718.5  1736.9  8402.5 32103.4  99054.6    99387
read      379.2   318.1    86.8   189.6   214.1   343.5   405.4   440.4   466.3   498.2   540.6   618.6   971.1  4060.0  9629.7  92206.2    91970
read      500.8   623.3    93.8   196.2   224.9   382.5   461.6   516.1   565.6   648.8   838.5  1248.2  2210.2  6905.4 30617.3  79738.8    79658
read      497.2   659.5    93.8   196.4   224.7   397.2   491.4   552.8   605.8   681.4   795.8  1023.9  1879.6  7700.1 31163.6  59181.4    59230
read      498.3   518.7    93.8   198.0   226.6   389.1   473.2   533.8   590.5   684.4   855.7  1214.8  1980.1  4711.8 15585.7  77951.2    78081
read      495.5   500.2    93.8   202.0   229.9   402.5   500.2   565.0   621.1   702.2   825.2  1052.9  1755.5  5366.8 18493.5  64198.4    64242
read      501.7   532.6    93.8   192.4   221.0   424.3   532.6   602.2   660.5   734.1   833.6   994.3  1510.4  5816.3 29076.3  37725.0    37702
read      508.1   481.4    93.8   195.1   223.6   427.2   538.6   610.9   672.1   750.2   861.5  1042.8  1557.6  5675.1 15948.9  40798.8    40686
read      511.4   582.2   101.3   194.7   223.5   434.6   540.1   608.0   666.7   737.9   834.8   989.1  1699.6  6123.1 23207.4  30368.0    30376
read      498.1   479.0    93.8   192.7   220.8   425.6   535.2   604.4   660.7   732.8   833.6  1009.6  1503.8  4366.3 12877.5  38400.2    38416
read      522.2   474.6    93.8   212.1   241.5   423.9   530.7   607.7   673.4   761.0   883.6  1128.0  1802.0  4850.1 18106.1  65919.4    65892
read      518.4   569.7    93.8   198.7   226.4   426.9   539.4   614.1   675.5   759.9   871.4  1061.7  1725.0  5784.1 30601.4  39539.8    39560
read      494.1   947.5   101.3   192.6   220.2   415.9   483.8   520.1   547.1   581.2   629.1   729.6  2840.9 11208.0 32523.9  10004.4    10016
read      517.3   547.6    93.8   203.8   232.2   418.4   526.1   598.8   662.4   748.4   870.5  1093.0  1731.9  6519.7 22977.7  55146.4    55224
read      500.3   855.3    93.8   191.3   219.9   425.6   520.4   579.2   622.1   673.9   742.3   862.1  1425.5 10161.7 42198.5  20008.6    19982
read      514.7   522.9    93.8   201.7   230.4   425.1   540.0   618.0   680.8   760.9   869.9  1075.6  1598.7  5417.0 20084.2  48169.0    48114
read      516.9   601.3   101.3   194.2   223.2   427.4   537.2   606.9   665.8   744.0   852.3  1045.0  1608.8  8582.7 20759.5  36391.6    36283
read      517.6   741.9    93.8   193.0   221.8   432.2   535.8   599.4   651.0   711.5   793.2   931.4  2119.0  8012.1 32211.0  23380.6    23315
read      491.4   955.6   101.3   193.5   221.1   421.9   494.1   535.8   565.5   600.0   647.4   735.6  1652.6 12451.9 32261.4  11236.6    11150
read      423.7   644.4    93.8   197.2   223.0   355.3   417.3   454.7   483.6   521.1   578.2   712.8  1637.9  8371.9 31263.8  98689.4    98724
read      474.9   436.2    93.8   197.0   224.3   396.7   492.8   554.5   605.9   677.5   789.1   993.6  1566.8  4244.1 19647.7  56703.4    56880
read      525.4  1059.0   101.3   192.8   221.4   433.6   516.6   561.5   592.6   635.0   692.0   799.9  2933.3 13716.6 34527.7  13380.0    13467
read      484.9   783.2    93.8   210.9   239.2   388.0   455.2   496.5   529.8   574.8   648.5   862.7  2021.1  9136.4 31870.6  99548.2    99368
read      507.2   489.7    93.8   197.1   225.0   414.4   524.5   592.8   651.0   735.6   866.0  1093.5  1724.4  5446.3 18575.4  46289.0    46206
read      578.4   546.6    93.8   227.9   259.0   453.4   581.9   680.0   761.9   868.5  1019.6  1286.4  2068.2  5213.0 18750.2  71617.8    71651
read      538.9   904.6    93.8   196.6   226.1   443.1   544.6   610.6   662.2   724.3   803.3   945.8  2196.8 11845.1 32493.7  22786.2    22741
read      516.2   448.9    93.8   205.0   234.1   423.5   535.1   611.9   677.0   762.9   880.5  1103.0  1725.3  4564.8 13854.8  56372.0    56654
read      447.7   592.9    93.8   206.0   233.6   382.7   451.3   492.0   524.0   566.2   630.3   775.1  1603.0  7927.9 29984.9  99517.0    99570
read      497.4   675.6    93.8   190.5   218.7   422.9   511.9   573.9   623.7   689.3   774.2   912.1  1754.8  8851.4 31427.4  23105.2    23047
read      557.7   519.9    93.8   219.4   249.0   441.8   563.7   655.8   732.9   834.1   981.1  1238.7  1907.9  5183.0 18945.8  70226.2    70008
read      442.1   477.4    86.8   181.8   207.6   376.3   466.6   513.7   549.0   595.5   679.1   861.4  1453.1  5839.8 19962.3  42919.4    42943
read      522.6   642.4    93.8   195.5   224.4   414.9   528.3   603.8   672.3   766.8   909.0  1151.9  1755.4  6176.4 31292.3  46726.4    46704
read      442.6   452.1    86.8   182.9   209.3   362.1   436.9   482.5   520.1   575.4   688.5   986.8  1860.2  4435.1 15591.5  75905.6    75970
read      449.9   655.5    93.8   179.6   206.1   400.1   475.0   514.9   548.3   594.2   669.9   796.7  1350.2  8146.1 31885.9  21948.8    21917
read      509.9   806.4    86.8   191.4   220.5   380.7   457.4   506.5   548.7   618.4   788.3  1280.4  2478.7  9081.7 31980.5  81793.4    82027
read      489.8   667.7    86.8   192.8   221.8   377.4   454.6   503.4   545.8   613.6   767.8  1143.3  2270.8  7386.4 31361.7  81498.4    81583
read      458.0   948.9   101.3   177.4   202.8   398.5   458.8   490.6   514.6   547.9   598.9   690.7  1342.5 15149.4 36181.1  14246.0    14259
read      492.9  1197.1   109.4   190.0   217.9   396.6   456.4   487.2   508.6   539.0   579.9   654.8  2885.5 25056.3 35182.6   7839.2     7821
read      523.6   911.4    93.8   188.9   217.8   435.0   526.0   583.9   629.4   689.2   759.9   889.6  2013.8 12760.8 31959.8  17804.4    17727
read      516.9   482.1    86.8   209.2   237.9   423.4   531.7   608.0   672.0   752.2   867.7  1085.1  1715.1  4676.9 16571.7  65684.0    65559
read      501.0   569.4    93.8   191.1   220.1   419.7   529.7   599.1   657.9   734.4   838.0  1011.0  1495.7  5930.8 26821.4  41087.6    41133
read      501.2   738.8    93.8   189.7   218.2   423.8   523.4   586.5   636.7   699.2   777.7   911.5  1423.0  9416.8 36065.3  28658.0    28693
read      492.0   421.1    86.8   198.1   226.6   415.3   521.9   592.3   649.2   727.3   833.1  1020.9  1507.6  3767.2 13010.2  53269.0    53141
read      502.7   496.9    86.8   197.4   225.8   409.0   518.2   592.2   654.0   736.9   857.2  1081.8  1664.7  5229.6 15018.6  54581.8    54512
read      508.0  1041.8    93.8   183.6   210.8   417.8   502.9   552.7   585.8   625.6   680.5   781.9  2810.2 14985.1 32124.6  14929.2    14835
read      420.4   512.2    93.8   194.2   221.8   364.3   428.1   465.0   494.0   530.8   585.0   711.9  1652.3  5316.2 22553.9  98109.4    98446
read      484.5   482.4    93.8   189.2   218.1   418.9   518.9   583.9   636.9   706.5   798.9   940.8  1405.9  5950.7 22979.5  38187.0    38117
read      496.9   542.0    93.8   194.8   223.3   382.5   467.8   530.2   588.4   694.2   886.2  1205.0  1953.6  5880.7 16265.0  78034.6    77994
read      509.2   706.1    93.8   188.3   217.2   430.8   527.9   592.4   643.2   713.1   802.6   947.0  1682.3  7445.8 31824.8  30257.8    30209
read      453.0   422.9    86.8   190.3   217.7   378.5   463.0   513.4   552.0   608.0   708.5   941.2  1719.9  4747.1 11942.9  68255.6    68315
read      422.0   518.8    86.8   194.9   221.9   362.6   427.8   465.5   494.6   531.1   584.8   717.3  1580.7  6311.2 30118.3  91912.8    91940
read      488.8   439.7    93.8   194.3   223.1   407.2   506.5   570.5   623.6   700.3   818.2  1032.9  1703.3  4110.4 13411.9  49198.6    49308
read      505.0   394.8    86.8   195.7   225.1   422.0   533.6   606.0   666.1   742.1   852.4  1053.8  1706.3  4406.2  9964.3  46843.2    46880
read      472.2   668.6    86.8   195.0   223.4   375.3   445.7   488.5   522.9   572.1   659.9   950.5  2143.4  8273.2 30904.5  92441.6    92540
read      510.1   458.9    93.8   195.6   224.4   414.6   525.3   600.8   666.3   756.4   883.2  1112.6  1768.0  4964.9 11369.4  49325.6    49396
read      416.8   476.3    93.8   194.5   221.3   358.2   420.6   457.7   487.0   526.1   587.0   752.2  1598.9  4801.4 17582.7  97845.2    97841
read      504.3   491.2    93.8   188.0   217.1   429.1   532.6   599.3   656.7   735.4   843.9  1021.9  1552.5  6281.2 17685.5  35515.0    35404
read      490.6   691.2    93.8   188.9   216.9   372.3   447.1   495.2   536.7   603.6   780.0  1195.4  2249.7  7520.7 30524.6  80440.0    80451
read      460.5   612.2    93.8   188.4   216.5   366.2   434.6   475.9   509.9   562.1   676.9  1051.5  1892.6  6715.9 30667.6  87062.2    87228
read      511.1   581.3    86.8   195.0   225.0   395.5   485.0   548.6   615.4   725.0   897.9  1179.7  2109.7  5770.5 29114.5  75588.0    75554
read      494.8   638.8    93.8   191.7   220.4   397.9   495.0   555.8   609.2   687.8   805.6  1031.7  1784.8  8433.6 30719.6  57939.2    57964
read      501.0   810.6    86.8   190.4   219.7   384.1   461.5   507.7   546.5   604.7   727.1  1189.5  2119.7  8625.0 32188.6  83585.0    83546
read      520.1   609.3    93.8   196.8   226.2   412.6   519.4   592.9   659.0   748.5   882.2  1126.6  1914.7  7323.7 30448.9  55408.2    55468
read      510.7   568.9    93.8   190.8   220.1   428.9   540.0   610.4   670.4   747.4   857.7  1041.6  1580.2  5763.0 30250.5  34088.2    34203
read      517.3   655.6    93.8   192.7   222.2   428.9   537.9   608.9   667.5   744.9   854.3  1049.7  1598.6  8087.2 31166.4  37672.0    37629
read      515.2   522.8    93.8   194.3   222.7   430.7   544.1   619.2   680.3   759.5   867.2  1052.6  1659.6  5549.1 19843.1  34579.6    34577
read      508.0   444.5    86.8   198.0   226.4   416.7   528.9   601.5   667.4   754.3   873.5  1099.4  1649.7  5437.8 13846.5  47389.8    47426
read      494.1   397.0    93.8   202.9   231.0   412.6   519.3   591.8   649.6   728.5   836.3  1031.3  1573.1  3483.9 13535.3  58810.4    58845
read      520.6   461.7   101.3   211.5   240.5   425.9   534.4   612.5   679.0   767.1   892.5  1108.2  1726.2  4857.6 15648.3  67032.0    66993
read      490.8   952.4   101.3   189.0   217.1   417.5   490.5   530.3   559.0   594.3   642.0   736.2  2203.9  8692.2 36548.8  10912.4    10977
read      506.3   559.7    93.8   194.8   224.0   409.2   516.8   587.5   647.8   732.9   854.6  1082.9  1703.5  6212.4 22924.8  51542.4    51529
read      519.0   485.1    86.8   197.3   226.4   421.8   533.7   610.4   677.6   770.6   905.0  1143.3  1789.2  5221.2 14419.3  48314.4    48344
read      492.0  1351.1   101.3   194.1   222.5   369.4   422.4   449.9   468.7   494.8   531.8   618.9  3466.9 29817.9 37970.0   5933.2     5902
read      381.7   288.1    93.8   185.7   210.3   342.2   410.3   449.8   478.5   513.1   561.5   646.4  1018.4  3501.8  7752.9  71531.6    71602
read      497.8   432.9    93.8   193.2   220.9   405.4   508.6   575.6   630.6   714.5   853.7  1142.3  1798.7  4155.1 14393.7  42015.4    41886
read      502.8   488.6    93.8   193.4   221.0   400.0   505.9   575.8   634.5   730.1   884.2  1167.1  1793.0  5278.4 14578.3  47233.4    47456
read      477.9   735.6    93.8   197.7   226.7   383.0   455.9   499.6   535.2   583.2   664.5   876.9  2135.6  8426.4 31865.8  93875.6    93939
read      515.0   881.8   101.3   187.6   215.4   430.0   515.6   567.5   605.0   650.4   719.6   843.7  2975.2 13367.1 31642.9  16926.4    16890
read      515.3   542.7    93.8   193.4   222.4   417.8   530.1   607.1   673.4   759.4   886.4  1125.7  1775.9  5078.9 19252.7  45637.6    45689
read      512.7   517.7    86.8   190.8   219.0   434.5   541.5   613.1   675.9   759.6   880.1  1070.7  1540.3  4381.6 21150.3  32806.6    32790
read      501.6   448.3    93.8   191.6   219.6   407.0   518.7   590.9   655.3   745.0   881.1  1132.4  1710.2  4109.4 14785.5  44003.6    44044
read      523.4   717.2    93.8   192.1   221.3   437.1   544.1   613.3   672.2   745.7   857.8  1028.6  1544.7 10266.5 35628.9  28274.8    28149
read      494.9   421.6    93.8   187.9   215.4   406.8   513.1   584.5   644.7   735.2   879.9  1115.6  1619.8  3981.9 11567.9  39532.4    39739
read      535.7   521.1    93.8   209.7   239.5   425.0   535.1   616.5   689.0   790.3   932.0  1172.2  1980.4  5379.9 20756.7  72408.6    72475
read      389.7   340.7    86.8   191.7   217.4   351.3   413.2   450.2   477.7   512.4   561.7   654.0  1044.8  3795.2 12722.9  93681.0    93882
read      502.2  1233.7   109.4   196.2   226.1   388.9   447.8   476.4   498.6   526.9   568.5   655.5  3546.7 26244.0 32481.4   6711.8     6692
read      531.1   634.1    93.8   196.5   225.9   422.0   533.8   610.0   673.6   760.0   891.4  1144.7  1866.4  7842.2 28512.5  50424.6    50406
read      532.2   772.4    93.8   197.3   226.8   393.8   475.4   530.1   579.4   660.4   857.7  1402.0  2728.5  7788.7 31921.9  83002.6    83055
read      510.8   418.0    93.8   198.6   227.2   415.0   524.3   599.9   667.8   759.1   894.1  1136.9  1794.2  3976.3 12970.7  55362.2    55609
read      523.7   903.4    93.8   186.6   215.3   437.4   531.7   588.8   631.5   687.3   762.2   899.6  2450.3 11463.4 35682.7  16831.0    16968
read      528.2   742.7    93.8   190.2   218.5   414.8   523.1   594.6   658.1   742.6   874.1  1111.2  2123.1  8979.6 35225.4  42869.6    43031
read      516.1  1002.6   101.3   185.1   212.6   426.8   517.4   572.5   610.8   656.6   721.9   837.9  2364.1 12888.7 37020.3  17215.4    17236
read      521.8   771.8    80.4   193.1   222.6   384.3   462.8   515.4   564.9   651.7   864.7  1340.2  2643.1  8318.4 31316.5  82129.6    82183
read      476.7   371.7    86.8   185.7   212.7   394.9   497.5   560.9   617.0   700.4   822.0  1054.7  1581.9  4022.6 10024.5  42212.8    42212
read      484.5   920.2    93.8   184.2   211.0   413.5   489.7   529.2   556.8   592.0   639.5   738.7  2384.8 12063.0 33092.6  12252.6    12244
read      520.5   523.9    93.8   206.5   236.5   428.4   538.6   615.3   678.2   763.2   880.9  1091.0  1653.4  5434.3 18302.2  61687.0    61777
read      511.0   545.8    93.8   188.3   215.2   418.3   529.2   601.2   666.4   760.4   896.8  1108.1  1601.5  6969.8 13197.1  36911.0    36984
read      487.5   489.1    86.8   186.7   216.0   431.7   528.6   589.9   638.4   708.2   795.8   936.9  1319.1  5606.3 23446.9  29037.6    29093
read      516.9   535.4    93.8   189.0   217.1   408.7   520.9   592.8   657.6   758.9   924.4  1209.6  1835.7  5795.5 22271.5  41692.6    41715
read      498.6   401.8    93.8   191.9   220.4   421.9   529.8   600.4   662.4   748.0   884.2  1082.2  1458.9  3755.8 13240.8  34854.6    34838
read      524.0   502.5    86.8   206.6   236.7   426.1   535.6   611.6   678.2   765.0   890.7  1112.1  1815.9  5208.7 18762.8  63527.8    63574
read      485.9   483.6    93.8   188.8   218.2   428.1   525.0   588.7   637.4   703.4   796.9   952.1  1266.4  5045.3 23700.6  24464.6    24401
read      494.2   435.4    86.8   190.2   218.7   432.2   534.6   600.9   651.9   724.5   816.6   969.1  1395.5  6061.8 13456.8  31811.4    32025
read      435.2   482.9    86.8   197.8   225.2   371.5   439.0   479.4   509.8   550.5   618.6   780.0  1681.7  6216.4 18789.0  99073.2    98971
read      517.9   937.2    93.8   185.6   214.3   431.6   521.7   580.9   626.8   687.9   765.4   900.3  1850.8 13075.8 32010.6  23614.2    23657
read      549.3   605.1    93.8   214.2   245.4   440.9   555.9   640.0   713.0   801.5   927.5  1150.2  1911.6  7035.1 28715.6  67801.2    67877
read      513.5   530.5    86.8   197.1   225.9   411.2   521.1   596.2   663.0   752.8   889.5  1123.4  1777.5  6680.2 22156.2  53906.4    53849
read      508.0   706.3    86.8   192.4   221.7   384.6   466.0   520.8   568.7   645.7   821.7  1244.8  2183.0  8502.1 31235.7  79438.2    79536
read      541.7  1076.7    93.8   189.0   217.0   429.3   524.7   579.2   619.6   671.3   743.3   902.0  2896.5 13004.1 33814.8  17024.0    17081
read      503.2   371.4    93.8   190.6   219.5   426.0   539.3   611.6   675.2   762.4   889.6  1093.0  1538.2  3140.5  8497.6  38990.8    39024
read      550.0   918.1   101.3   191.1   220.1   440.9   546.2   617.4   677.3   755.9   870.0  1048.8  2767.9 12897.8 31918.4  26094.4    26125
read      499.9   352.3    93.8   190.9   219.4   428.3   537.0   609.3   670.2   751.0   872.4  1070.1  1475.8  4004.5  9329.3  33400.8    33388
read      536.6   924.5    93.8   188.7   216.7   436.5   534.4   598.3   646.0   714.0   806.0   971.7  2288.2 12057.7 36756.6  21037.4    20979
read      442.3   608.8    93.8   194.7   222.2   367.5   434.4   474.4   505.8   546.3   614.6   782.8  1909.4  6957.3 30742.0  95864.8    95865
read      463.1   688.8    93.8   188.3   213.9   362.7   439.3   487.1   525.1   579.8   680.6   998.1  2126.1  7106.8 30776.3  73923.4    73949
read      497.3   384.7    93.8   203.9   231.0   408.3   514.2   587.3   649.9   733.5   851.8  1081.8  1672.2  3795.4 10564.9  60957.6    60987
read      524.8   583.2    86.8   198.6   226.5   405.7   515.4   591.6   659.6   762.7   927.2  1232.5  1981.9  6110.7 24833.6  54181.4    54175
read      501.4   466.0    93.8   195.2   223.7   408.6   518.9   594.3   657.3   742.8   863.2  1097.6  1667.3  4808.0 15462.1  51387.4    51484
read      518.3   568.0    93.8   190.8   219.5   421.0   532.4   603.2   665.4   750.8   885.7  1121.2  1751.9  6209.6 26006.9  39635.6    39771
read      509.4   397.6    93.8   191.2   219.6   421.0   532.4   603.6   674.8   785.4   954.1  1161.7  1563.9  3441.7 12559.8  32976.8    32864
read      517.4   562.3    93.8   193.0   222.2   422.9   536.6   613.2   677.9   762.7   884.9  1115.1  1705.1  6486.7 28693.2  42022.0    42033
read      511.0   466.2    93.8   199.3   225.4   409.4   524.8   599.5   665.1   757.9   899.3  1161.2  1733.8  4532.9 13350.1  43796.6    43808
read      506.9   480.7    93.8   193.8   220.4   406.0   516.9   591.1   656.0   746.0   892.6  1157.2  1739.8  5724.0 13547.8  45766.6    45785
read      507.8   490.9    93.8   191.6   218.1   415.4   529.3   602.3   667.6   757.8   904.4  1131.1  1597.6  5274.2 16369.4  35695.2    35582
read      538.9   744.2    93.8   192.3   220.4   420.1   533.5   609.4   677.5   777.8   927.9  1178.7  2035.7 10065.7 31366.8  38589.0    38504
read      493.7   895.1    86.8   187.2   215.3   426.7   512.7   564.5   595.8   634.7   686.3   783.0  1432.3 11579.8 32256.1  15341.4    15320
read      503.1   600.0    93.8   191.9   220.8   383.9   470.1   531.1   584.7   680.8   875.0  1206.5  2139.9  6431.9 30033.3  74293.0    74264
read      497.6   493.5    93.8   188.1   215.1   401.0   507.7   578.5   639.9   734.4   879.7  1157.2  1662.7  5212.4 16599.2  43978.0    43890
read      554.8  1749.6   101.3   191.2   220.7   368.8   416.2   440.9   458.8   480.4   514.2   615.9  4464.0 31455.4 37094.2   5992.8     5962
read      498.7   503.6    93.8   188.0   216.7   418.0   523.3   593.4   652.6   735.7   856.8  1052.8  1497.1  5950.6 19452.1  38249.4    38365
read      509.2   436.7    93.8   195.4   223.3   408.7   519.2   597.3   667.6   761.2   905.2  1164.2  1761.0  4084.6 13328.1  56009.8    55971
read      466.8   576.3    93.8   183.9   210.7   401.5   485.8   532.3   569.8   623.1   715.4   904.7  1494.4  7705.5 29623.1  23323.2    23217
read      359.9   193.2    86.8   186.7   210.3   332.5   391.6   426.9   453.5   485.3   528.8   599.7   821.8  1979.3  7579.6  87553.0    87681
read      363.2   253.8    86.8   189.1   214.0   338.5   396.1   429.5   454.6   484.7   525.0   588.0   790.0  1659.6 10257.6  91699.0    91728
read      364.6   244.5    86.8   193.6   218.5   339.7   395.5   428.2   453.0   483.1   524.2   591.1   800.4  1562.0 10832.3  96685.2    96668
read      365.1   220.7    86.8   185.6   210.2   338.6   400.6   436.0   463.2   496.2   538.7   607.8   806.0  1512.5  9827.5  80567.8    80475
read      396.7   223.8    93.8   184.5   209.7   376.1   461.2   498.7   523.8   550.1   588.1   648.1   845.8  2075.1  8843.2  27248.0    27150
read      382.4   236.6    86.8   183.4   208.1   351.5   427.5   468.8   499.0   533.7   577.0   641.0   855.5  2204.1  9464.3  53496.2    53444
read      395.1   310.7    93.8   184.5   208.5   379.3   458.3   491.1   512.3   537.8   571.7   630.3   847.3  2283.0 11532.4  23853.8    23737
read      361.8   238.6    93.8   190.3   215.0   337.3   394.5   427.8   452.8   482.7   523.0   587.0   779.0  1853.5  8719.4  87524.6    87776
read      364.8   247.7    86.8   189.4   213.7   337.7   396.8   431.0   456.9   488.1   529.8   597.0   812.1  2097.4  8205.0  82382.2    82175
read      365.2   233.6    86.8   193.9   218.8   340.2   396.3   429.4   454.4   484.4   525.2   591.7   791.4  2005.1  9469.5  98273.4    98548
read      386.5   213.3    86.8   182.7   207.1   359.7   441.9   483.8   512.1   542.2   580.8   641.8   836.6  1893.8  7551.9  37792.0    37704
read      375.4   207.6    86.8   181.9   206.5   345.7   416.5   457.0   486.5   521.1   565.5   637.2   873.7  2034.5  6300.2  64690.4    64701
read      371.0   251.0    86.8   183.3   207.3   342.0   409.5   448.1   475.1   507.9   551.9   624.8   829.5  1734.2 10834.4  69141.4    69089
read      369.6   236.4    86.8   190.2   215.3   345.0   404.9   439.9   465.2   495.9   536.7   603.5   810.1  1477.5 10884.7  89814.0    89785
read      412.2   246.6   101.3   190.0   217.1   414.0   475.4   503.1   523.3   545.3   579.6   638.1   879.7  2373.9 11666.8  16618.8    16676
read      382.9   342.8    80.4   190.1   215.8   349.6   417.0   456.1   484.7   519.4   566.1   637.1   869.1  2314.7 14763.3  69518.2    69604
read      379.9   233.6    93.8   203.8   228.8   352.5   408.2   441.8   467.1   499.1   541.7   620.5   880.8  1883.4  9392.0  99753.4    99682
read      396.2   509.8    86.8   204.3   228.3   352.9   408.7   442.3   467.1   498.9   542.3   624.5   976.1  6751.3 30374.0  97830.6    97693
read      476.8   584.7    93.8   188.3   217.2   433.0   512.9   565.3   604.7   656.3   718.8   824.2  1209.4  6706.3 30905.4  17469.8    17381
read      513.6   562.4    86.8   192.8   221.4   424.7   536.0   606.7   667.3   747.1   865.2  1057.4  1699.2  5884.7 27907.9  39978.8    40069
read      471.0   935.5   101.3   190.6   221.4   403.0   463.9   497.9   523.2   552.0   594.5   686.6  1898.4 12507.0 32453.5   8821.8     8841
read      517.4   663.8    93.8   201.4   229.6   408.2   512.6   585.4   644.3   727.7   850.4  1076.2  2405.2  6358.2 31461.6  56639.8    56576
read      489.9   633.8    93.8   187.5   216.0   436.5   522.1   575.7   619.7   675.7   747.4   868.3  1431.8  6433.4 31541.2  21504.4    21599
read      512.7   580.5    86.8   196.9   225.3   408.8   515.2   589.2   653.2   739.0   865.3  1087.9  2179.4  5209.8 28311.2  52937.6    53003
read      491.0   662.1   101.3   188.5   215.9   434.5   516.7   569.7   612.6   665.1   736.0   853.4  1581.6  8668.6 31325.4  19923.4    19831
read      586.7  1049.8    93.8   215.6   245.9   406.1   487.8   546.4   606.3   710.2   922.6  1441.3  3582.9  9876.4 33703.4  80561.6    80340
read      512.6   609.6    93.8   193.6   222.7   439.7   544.3   609.5   664.5   736.7   839.7   987.8  1485.6  7450.6 30642.1  28937.4    28765
read      495.3   417.7    93.8   191.0   220.5   445.2   540.5   601.0   650.8   715.1   800.0   934.9  1376.7  5340.3 10758.4  25535.2    25572
read      516.4   555.8    86.8   191.1   220.5   431.6   544.4   613.9   673.6   748.3   861.3  1045.1  1732.4  6022.3 26815.4  37035.0    37071
read      579.2   960.0    93.8   217.6   246.2   408.5   500.4   573.8   648.5   767.1   953.8  1350.2  3211.1  8751.8 32307.9  75934.8    75819
read      523.2   695.2    93.8   194.0   223.1   416.3   523.9   592.1   652.5   736.3   857.4  1076.1  2328.2  7258.0 31613.4  44683.6    44359
read      556.3  1094.5    93.8   224.8   256.2   403.4   471.1   516.9   553.4   610.2   712.6  1078.6  3984.8 10231.2 36197.2  95984.8    95960
read      518.0   744.2    86.8   199.5   227.3   400.2   502.6   571.1   630.9   712.1   835.7  1066.0  2870.8  6975.9 32096.3  59629.4    59630
read      503.8   540.8    93.8   192.8   222.0   411.6   516.7   584.0   640.9   722.5   841.8  1048.2  1821.1  5943.8 27910.2  47907.2    47930
read      550.8   837.7    93.8   207.7   236.7   410.5   511.4   584.3   652.6   750.8   907.2  1182.2  3028.4  7698.7 31897.5  65544.2    65545
read      574.5  1163.9    86.8   226.4   258.1   410.0   478.7   523.9   561.5   617.4   719.2  1111.7  4370.7 12510.4 36494.9  94006.6    94038
read      543.4   713.3    93.8   200.8   229.7   419.3   532.9   610.6   678.5   773.6   916.0  1171.5  2822.5  7183.4 31702.5  51827.8    51806
read      515.2   609.2    80.4   194.7   223.8   413.9   521.9   590.8   652.1   733.7   854.6  1048.3  2504.8  6252.5 30482.4  48681.0    48712
read      511.0  1019.8    93.8   188.4   216.9   429.4   501.8   546.2   580.8   622.9   682.2   795.9  2323.8 11749.2 33092.2  13126.8    13115
read      592.2  1061.8    86.8   216.1   245.3   407.0   495.2   563.2   631.0   746.3   949.7  1401.8  3522.2  9110.1 35647.1  76360.8    76569
read      506.0   624.3    93.8   188.7   217.7   443.4   532.4   587.1   631.8   686.6   759.4   892.6  2168.4  8446.1 30407.6  19328.6    19372
read      520.3   688.3    93.8   203.4   231.1   408.1   510.1   581.5   641.8   728.3   856.0  1086.3  2776.5  6329.5 31479.4  59489.4    59331
read      520.8   675.6    93.8   204.3   232.7   409.6   510.0   581.8   642.8   727.7   848.7  1070.1  2702.6  6571.7 31329.1  62646.6    62597
read      501.5   516.3    86.8   193.5   221.4   427.1   534.4   601.1   656.9   729.2   835.5  1001.5  1474.2  5338.2 24003.6  37694.6    37702
read      521.2   595.7    93.8   193.2   221.6   423.3   537.0   609.4   672.0   752.7   867.2  1064.9  2133.6  6313.1 29364.2  42019.4    41975
read      497.9   534.0    93.8   190.2   219.1   444.7   543.5   604.5   656.2   721.9   809.6   946.0  1287.7  4748.4 29367.9  26009.4    26100
read      598.3  1074.6    93.8   220.8   251.0   406.8   487.2   546.5   607.6   712.3   924.6  1496.0  3960.6  9439.6 32388.9  82551.2    82500
read      431.9   468.9    86.8   186.6   213.1   371.6   454.9   501.5   537.5   582.1   649.0   798.2  1386.1  4689.1 20166.6  50867.4    50756
read      369.5   265.1    86.8   182.4   206.9   340.6   406.4   445.2   472.7   505.9   546.7   616.6   824.4  2670.1  8869.5  66592.8    66696
read      390.5   288.2    86.8   184.1   208.6   352.9   429.5   472.4   503.7   539.2   585.9   668.6   960.6  3219.4  8022.7  53476.8    53364
read      385.7   414.0   101.3   188.9   215.6   377.8   421.5   443.3   458.9   476.3   503.3   553.0   777.1  4508.7 12863.2  10440.4    10413
read      371.9   210.6    86.8   182.3   207.2   343.6   413.6   453.6   481.8   515.2   558.2   629.2   828.8  1721.3  8109.2  64895.0    64876
read      370.3   243.0    86.8   184.6   209.0   341.3   407.2   445.7   473.4   507.4   549.6   620.8   828.8  2058.7  7761.1  69286.6    69079
read      455.3   668.1    93.8   185.0   212.1   410.4   486.3   527.4   558.5   599.2   660.4   767.0  1156.7  7198.1 32043.2  19586.4    19447
read      496.8   670.3    93.8   191.2   220.4   380.8   462.5   517.8   568.9   656.6   831.8  1146.7  2077.1  8636.1 30798.9  81318.4    81182
read      438.7   475.4    93.8   177.3   203.1   392.8   479.0   518.2   547.3   587.6   652.9   789.8  1384.9  5010.0 14438.8  25367.0    25265
read      502.7  1078.6   101.3   187.0   214.1   409.9   473.3   506.7   533.7   566.1   615.5   737.0  2866.1 14577.6 32159.2   9696.6     9699
read      493.1   543.9    86.8   194.2   222.5   411.0   518.5   586.8   642.8   717.4   823.4  1014.5  1532.9  5511.8 28013.3  48496.8    48659
read      480.4   578.7    93.8   192.8   220.9   378.7   462.7   520.0   571.6   652.2   801.5  1075.2  1960.4  6100.4 30248.9  74998.8    75126
read      452.9   688.6    93.8   194.2   222.2   371.0   436.0   474.7   506.1   548.2   621.5   829.1  1891.6  8505.6 31462.5  96715.2    96559
read      478.7   596.8    86.8   190.2   217.5   387.5   480.0   539.6   588.9   663.0   774.9  1000.9  1716.9  7356.1 30451.6  55897.6    55885
read      478.0  1148.2   101.3   185.0   212.1   403.0   460.6   490.8   511.8   540.3   581.7   670.2  2217.8 15076.3 38848.4   8994.4     9039
read      528.0   596.5    93.8   205.1   233.8   416.5   525.8   603.6   672.3   762.2   897.3  1160.2  1919.8  6454.6 24698.7  66342.6    66378
read      425.2   398.9    93.8   178.8   204.1   363.2   451.2   497.4   532.4   576.5   648.5   876.0  1456.7  3593.5 13735.3  41310.6    41225
read      502.7   558.5    86.8   194.3   221.4   398.3   502.1   574.7   637.6   728.5   869.1  1138.0  1762.3  5905.5 30361.5  52475.8    52371
read      501.1   576.9    93.8   192.6   221.6   423.7   529.9   598.0   654.2   727.9   836.4  1005.7  1446.2  6224.7 22206.5  39839.6    39873
read      474.3   363.7    93.8   189.3   217.0   406.6   508.5   574.5   628.2   696.1   802.0   995.4  1447.8  3297.2  9036.8  41196.0    41176
read      495.8   679.2    86.8   194.9   223.3   379.1   455.2   504.5   547.5   621.3   793.6  1215.3  2152.8  8231.7 31101.1  85340.2    85357
read      421.6   567.1    86.8   182.5   207.9   350.5   417.7   457.3   489.1   530.6   595.1   794.8  1687.1  6633.5 30383.5  85531.2    85391
read      431.5   594.9    86.8   188.4   214.4   354.9   419.3   456.8   486.2   525.2   586.7   803.5  1795.4  7404.1 31038.3  91677.4    91890
read      445.2   361.6    93.8   187.2   213.8   380.3   469.6   523.0   565.8   623.7   714.9   889.7  1430.2  4949.6 11284.8  57222.6    57558
read      497.8  1159.4    93.8   185.8   213.8   410.0   473.4   507.1   533.4   564.7   610.1   711.8  2582.5 15676.3 37314.5   9982.6     9972
read      458.4   627.6    86.8   185.2   212.5   366.8   443.5   492.4   533.2   592.0   710.8   976.1  1816.1  7033.3 30690.8  74704.6    74636
read      513.3   650.6    93.8   188.5   217.2   435.3   540.5   611.1   670.0   744.1   850.5  1009.5  1476.5  7649.2 31094.9  29663.4    29773
read      486.5   382.2    86.8   199.8   228.1   408.6   509.2   578.6   634.5   705.8   807.5  1000.2  1581.7  4799.1 10787.5  63573.6    63494
read      454.1   943.5   101.3   188.8   215.9   390.6   440.9   466.4   486.8   509.4   546.1   620.2  2385.2 12275.3 37369.5   7210.2     7201
read      516.7   654.7    93.8   194.8   223.1   410.0   516.3   589.8   652.7   735.1   859.8  1084.1  1836.8  8648.3 30486.0  49377.4    49507
read      530.2   609.5    93.8   210.0   239.8   425.6   533.7   612.3   676.9   762.2   883.7  1119.3  1826.4  6900.7 30135.8  65517.0    65454
read      434.4   580.1    93.8   193.8   220.6   361.3   426.7   465.7   497.1   538.1   606.1   809.4  1791.5  7451.2 29431.5  88740.8    88537
read      405.4   416.1    86.8   187.3   212.9   368.3   448.6   490.9   519.1   549.8   590.5   668.1   936.0  4521.8 13451.6  36963.0    36982
read      366.8   238.1    86.8   190.8   215.0   338.9   396.6   430.5   456.2   487.4   530.1   600.7   839.7  2689.4  8768.1  88952.6    88964
read      358.3   191.7    86.8   194.4   218.9   336.6   390.8   422.0   445.0   472.6   511.2   577.1   758.0  1528.2  7778.3  96363.8    96479
read      401.2   484.1    86.8   184.9   209.6   355.3   430.2   471.2   501.0   535.8   581.1   664.0  1033.4  5632.4 27496.3  47878.4    47883
read      380.2   220.8    86.8   181.3   206.3   352.3   427.9   467.9   497.7   532.1   574.4   641.7   857.2  1694.3  7452.7  50492.6    50650
read      354.4   266.7    86.8   186.7   209.7   328.9   385.4   418.0   441.7   470.4   509.4   576.4   761.8  1925.9  8503.8  89356.0    89242
read      370.3   313.7   109.4   194.5   222.1   361.0   398.9   418.9   432.0   449.7   470.1   512.7   715.5  4452.6 13573.4   7454.2     7374
read      375.7   414.3    93.8   192.5   219.8   365.5   404.4   424.6   437.4   456.2   478.1   523.2   729.1  4858.4 18679.1   8424.6     8507
read      386.3   209.5    93.8   183.7   210.2   366.4   435.1   472.0   498.8   529.9   570.5   639.2   854.7  1660.0  8103.0  50599.2    50676
read      368.7   255.0    86.8   180.7   204.9   340.7   407.7   445.2   470.8   501.9   540.8   605.9   825.8  2606.6  9944.6  56933.6    57069
read      406.2   348.1    93.8   193.6   217.5   357.4   436.7   486.5   521.6   561.5   615.1   703.8  1100.2  4860.1 10879.1  43313.4    43520
read      390.4   343.2    93.8   190.4   214.2   345.4   416.8   458.6   490.4   528.2   576.2   659.1  1020.2  4329.9 12270.4  56842.4    56720
read      392.7   389.0    93.8   184.8   209.3   353.2   426.4   466.8   497.0   532.8   580.1   665.3   981.5  3797.8 16020.9  68206.6    68155
read      402.6   482.5    86.8   180.4   206.1   354.2   429.7   470.6   502.1   538.8   586.8   674.3  1072.5  6063.9 19125.4  60636.4    60444
read      390.9   277.0    93.8   194.0   218.7   350.4   421.0   462.8   495.9   535.1   586.3   677.0   960.7  3630.0  8789.8  64015.0    63997
read      419.7   487.5    93.8   189.5   213.7   389.3   455.6   490.0   512.4   539.5   576.1   650.1  1160.7  7387.2 14395.0  17200.8    17315
read      385.0   363.3    93.8   199.0   222.2   343.6   405.3   444.2   473.4   509.7   559.9   646.7   964.8  3686.1 12675.5  78522.2    78596
read      390.7   429.1    93.8   199.4   222.5   343.8   404.9   442.9   471.5   508.5   559.0   650.4  1063.0  4876.0 14968.2  81462.0    81548
read      409.6   353.7    93.8   218.8   242.8   370.3   429.0   465.0   493.4   528.7   578.7   671.6  1025.9  3866.5 16321.8  97384.8    97254
read      426.6   485.9    93.8   193.3   220.0   372.7   452.4   499.3   533.8   575.9   635.5   745.8  1246.6  4911.9 25773.2  46143.0    46135
read      427.4   473.7   101.3   194.9   221.9   405.7   461.5   492.0   513.3   540.2   578.3   659.5  1018.6  7713.7 13818.0  13329.2    13379
read      433.6   450.9    93.8   197.0   222.8   375.3   454.1   502.5   538.6   580.6   640.3   763.6  1437.8  5540.3 14927.5  46985.8    46993
read      405.4   341.0   101.3   216.0   239.1   364.7   424.7   461.8   490.8   526.7   577.6   672.0  1063.1  4075.5 10556.1  98261.8    98274
read      422.8   441.8    93.8   217.7   240.5   368.3   431.1   470.2   502.4   542.6   601.1   720.6  1349.7  5129.3 16091.0  97189.8    97056
read      429.0   432.5    93.8   194.4   220.4   370.8   451.8   498.9   534.3   576.8   636.5   747.7  1393.1  5236.5 14585.4  43438.6    43434
read      421.5   535.8   101.3   192.0   216.6   364.5   445.3   492.5   526.8   566.8   620.7   716.7  1243.2  6310.2 29955.5  36429.0    36406
read      416.2   379.1    93.8   219.6   243.4   375.3   437.6   476.9   507.7   546.8   601.8   700.1  1011.5  3855.8 15649.7  99072.4    99121
read      399.9   397.1    86.8   195.5   220.7   352.5   417.1   455.7   485.4   523.6   577.7   679.2  1170.1  4976.9 14259.6  80765.8    80708
read      473.5   371.0    86.8   188.8   216.0   400.0   502.6   564.8   618.1   691.8   798.9   980.5  1487.6  3633.0 12325.3  40641.2    40517
read      481.4   516.8    93.8   189.2   216.3   411.2   511.7   575.9   631.1   702.5   798.9   954.9  1381.3  4933.2 18929.5  34342.0    34168
read      490.5   936.7   101.3   189.0   217.4   425.1   499.5   539.2   566.9   598.2   649.2   739.0  2018.9  8610.2 32453.5  11761.4    11754
read      437.9   758.1    93.8   194.4   221.5   363.5   427.3   463.4   491.2   525.9   576.0   679.1  1910.1  8740.3 31834.9  92935.4    93304
read      496.6   492.0    93.8   204.0   232.1   411.5   510.2   578.8   636.9   715.3   828.4  1037.3  1614.8  4559.7 21608.7  64569.8    64697
read      478.3   857.9    93.8   199.6   227.1   372.3   434.7   471.3   501.3   540.2   603.9   788.3  3311.8  9468.1 31950.0  92621.6    92626
read      602.9   709.2    93.8   218.0   249.4   432.2   562.0   686.6   802.8   947.2  1123.7  1487.7  2383.6  6284.2 31182.1  75679.4    75618
read      407.3   422.6    93.8   190.9   217.5   359.3   425.6   464.0   493.2   529.6   581.0   681.2  1261.6  4676.8 14730.6  85798.2    85805
read      477.8   762.0    93.8   187.6   214.7   414.3   488.1   529.5   562.3   609.7   680.1   817.2  2018.4 10078.3 31705.2  18998.0    18930
read      377.6   265.5    86.8   183.3   208.3   349.2   418.9   458.3   487.0   520.2   562.9   633.8   836.0  2128.6  8781.6  50106.6    50153
read      380.9   301.9   101.3   191.3   219.1   377.0   417.9   438.0   454.4   470.8   498.1   542.8   722.0  3971.0 12836.1  10333.4    10377
read      396.3   241.2    86.8   187.3   215.8   380.8   448.8   483.7   507.7   537.5   575.2   637.4   825.2  2109.9 10661.4  33012.8    33112
read      396.9   267.4    86.8   185.6   213.2   383.8   452.1   485.4   507.8   535.4   570.9   632.8   834.9  3146.8  8657.8  28814.0    28777
read      390.0   221.3    93.8   182.8   210.2   369.5   439.6   477.8   504.8   536.0   575.8   640.3   853.6  2496.2  7004.9  45614.0    45709
read      366.0   207.6    86.8   185.9   209.8   339.8   403.2   439.3   466.3   499.7   542.2   612.8   800.5  1718.2  7525.8  74413.0    74458
read      361.9   192.2    86.8   184.8   208.9   336.2   399.5   435.4   462.0   493.8   535.7   602.6   790.7  1525.7  6930.5  73471.2    73596
read      390.3   247.4    86.8   185.4   211.3   375.3   448.9   482.4   504.3   532.0   567.5   628.1   800.8  1831.2 11695.3  28168.4    28031
read      380.1   252.5    80.4   181.3   207.6   355.9   429.5   469.5   496.9   527.3   564.8   626.1   795.5  1615.7  7895.2  45618.4    45754
read      361.8   189.5    86.8   187.6   211.5   335.6   396.7   431.4   458.2   490.6   532.6   600.7   799.3  1678.7  6581.6  80271.8    80138
read      373.1   208.6    86.8   185.8   210.5   344.9   411.9   450.7   479.4   513.7   558.4   632.8   840.9  1503.4  6612.6  64242.0    64350
read      375.7   219.5    93.8   182.3   207.8   348.7   419.3   458.8   487.9   521.2   561.8   627.3   816.9  1952.1  8469.2  51917.0    51870
read      350.2   199.0    86.8   182.0   206.0   327.9   385.6   418.3   442.4   470.8   509.9   571.6   738.2  1444.5  7211.8  80975.0    81106
read      348.0   157.3    86.8   181.6   204.9   327.0   384.8   418.1   442.4   470.9   509.3   574.0   732.5  1379.5  5305.6  81974.8    82064
read      387.3   238.7    93.8   183.0   208.2   365.5   442.2   478.7   503.2   531.5   567.5   629.1   815.6  3416.5  8732.1  30714.8    30534
read      393.9   326.7    93.8   183.4   208.5   377.2   453.8   487.6   509.6   537.8   573.8   632.9   828.5  3102.4 12742.4  25450.2    25449
read      361.9   202.3    86.8   180.6   205.4   337.5   401.8   437.5   464.8   496.6   536.8   599.9   776.1  1474.5  7412.1  67778.6    67525
read      393.3   255.9    86.8   183.8   209.8   376.5   452.6   486.6   508.7   535.7   570.7   631.1   833.4  2998.5 10081.2  27166.4    27070
read      386.7   259.4    80.4   182.7   208.1   357.1   434.3   475.8   503.9   536.9   579.3   646.4   853.6  2982.3 10102.7  41187.2    41133

Total QPS = 51685.2 (77527744 / 1500.0s)

Total connections = 64
Misses = 0 (0.0%)
Skipped TXs = 0 (0.0%)

RX 19149352521 bytes :   12.2 MB/s
TX          0 bytes :    0.0 MB/s
Warning! Detected max cpu usage > 95%
CPU Usage Stats (avg/min/max): 99.96%,47.96%,100.00%