Wed May 25 16:29:19 UTC 2022
Random waveform, supplied seed
Total number of intervals = 300 (5031, 54838, 74868, 30015, 40743, 23648, 97712, 53672, 55395, 29425, 15173, 82475, 90555, 47944, 28313, 28504, 22886, 35717, 14828, 81704, 55771, 85226, 75020, 12441, 56208, 17446, 86943, 49138, 49839, 47752, 27181, 6170, 7187, 99387, 91970, 79658, 59230, 78081, 64242, 37702, 40686, 30376, 38416, 65892, 39560, 10016, 55224, 19982, 48114, 36283, 23315, 11150, 98724, 56880, 13467, 99368, 46206, 71651, 22741, 56654, 99570, 23047, 70008, 42943, 46704, 75970, 21917, 82027, 81583, 14259, 7821, 17727, 65559, 41133, 28693, 53141, 54512, 14835, 98446, 38117, 77994, 30209, 68315, 91940, 49308, 46880, 92540, 49396, 97841, 35404, 80451, 87228, 75554, 57964, 83546, 55468, 34203, 37629, 34577, 47426, 58845, 66993, 10977, 51529, 48344, 5902, 71602, 41886, 47456, 93939, 16890, 45689, 32790, 44044, 28149, 39739, 72475, 93882, 6692, 50406, 83055, 55609, 16968, 43031, 17236, 82183, 42212, 12244, 61777, 36984, 29093, 41715, 34838, 63574, 24401, 32025, 98971, 23657, 67877, 53849, 79536, 17081, 39024, 26125, 33388, 20979, 95865, 73949, 60987, 54175, 51484, 39771, 32864, 42033, 43808, 45785, 35582, 38504, 15320, 74264, 43890, 5962, 38365, 55971, 23217, 87681, 91728, 96668, 80475, 27150, 53444, 23737, 87776, 82175, 98548, 37704, 64701, 69089, 89785, 16676, 69604, 99682, 97693, 17381, 40069, 8841, 56576, 21599, 53003, 19831, 80340, 28765, 25572, 37071, 75819, 44359, 95960, 59630, 47930, 65545, 94038, 51806, 48712, 13115, 76569, 19372, 59331, 62597, 37702, 41975, 26100, 82500, 50756, 66696, 53364, 10413, 64876, 69079, 19447, 81182, 25265, 9699, 48659, 75126, 96559, 55885, 9039, 66378, 41225, 52371, 39873, 41176, 85357, 85391, 91890, 57558, 9972, 74636, 29773, 63494, 7201, 49507, 65454, 88537, 36982, 88964, 96479, 47883, 50650, 89242, 7374, 8507, 50676, 57069, 43520, 56720, 68155, 60444, 63997, 17315, 78596, 81548, 97254, 46135, 13379, 46993, 98274, 97056, 43434, 36406, 99121, 80708, 40517, 34168, 11754, 93304, 64697, 92626, 75618, 85805, 18930, 50153, 10377, 33112, 28777, 45709, 74458, 73596, 28031, 45754, 80138, 64350, 51870, 81106, 82064, 30534, 25449, 67525, 27070, 41133)
Average QPS expected = 51692
Timestamp start: 1653496161435
Timestamp end: 1653497661910

#type       avg     std     min      p5     p10     p50     p67     p75     p80     p85     p90     p95     p99    p999   p9999      QPS   target
read      408.0   968.2   101.3   197.0   225.3   335.7   376.7   399.3   417.7   439.4   469.9   528.9  1617.1 12676.9 32390.4   4999.8     5031
read      502.4   639.2    93.8   200.5   228.2   407.0   510.8   583.4   641.0   719.1   823.2  1013.5  1650.9  6144.8 31357.1  54629.8    54838
read      522.4   432.5    93.8   218.4   246.8   430.2   539.6   619.6   685.7   772.3   895.8  1102.4  1703.2  3669.9 13323.4  74844.4    74868
read      503.4   608.2    93.8   187.1   216.3   428.0   534.6   604.6   664.3   734.7   828.0   981.3  1441.2  8065.6 35144.3  29819.6    30015
read      480.1   374.3    93.8   190.0   217.1   408.7   519.1   588.5   646.5   726.2   824.6   992.0  1387.0  3453.1 10038.2  40828.8    40743
read      502.1   795.9    93.8   188.1   215.5   419.3   520.5   585.8   634.2   696.7   768.7   889.8  1701.3  9416.9 31847.1  23610.0    23648
read      443.4   576.5    86.8   194.1   222.5   368.7   433.0   471.2   502.5   543.5   613.7   834.7  1821.3  6903.0 30618.2  97709.8    97712
read      484.4   511.3    93.8   190.6   219.8   397.6   500.6   566.6   621.3   692.2   796.3   987.7  1609.1  5880.7 18342.7  53612.8    53672
read      496.6   462.2    93.8   198.2   227.5   412.2   518.9   588.9   648.1   730.0   842.7  1031.7  1568.8  4111.1 15170.2  55301.8    55395
read      517.8   660.0    93.8   188.6   218.1   429.1   536.8   610.0   669.2   740.1   825.6   984.0  2194.6  6889.0 31358.4  29356.8    29425
read      491.9   783.4    93.8   188.5   216.5   421.5   516.3   567.9   604.4   647.2   705.5   799.8  1915.8 10547.4 31795.0  15133.8    15173
read      496.4   639.6    86.8   195.2   224.4   380.9   457.8   507.8   551.8   622.1   784.3  1213.2  2376.5  6218.7 30274.3  82561.4    82475
read      536.2   803.1    93.8   203.7   234.4   392.7   471.7   531.6   588.4   697.4   926.5  1390.0  2300.7  8523.7 31877.4  90275.4    90555
read      482.2   520.1    86.8   192.5   221.2   401.2   500.6   562.4   614.5   684.9   783.7   957.4  1613.8  5782.6 26469.3  48220.8    47944
read      483.1   434.4   101.3   191.1   220.2   424.2   524.2   589.7   639.3   702.4   780.0   901.2  1281.1  5823.7 10219.3  28177.4    28313
read      512.3   612.6   101.3   191.4   220.8   429.4   536.6   606.3   662.0   732.8   821.0   974.6  1822.5  7212.2 30295.4  28502.8    28504
read      475.4   339.1    93.8   189.0   217.6   425.8   525.8   588.9   633.2   689.4   757.4   866.0  1264.6  5159.8  7709.6  22825.4    22886
read      503.6   587.7    93.8   191.5   221.2   428.6   535.6   604.4   662.8   737.6   828.3   973.8  1429.7  6582.8 30764.8  35751.6    35717
read      477.4   770.2    93.8   188.7   215.8   415.0   505.3   554.2   589.1   628.9   684.6   784.4  1423.8  7793.7 32181.2  14833.4    14828
read      453.1   632.0    93.8   188.6   216.3   365.3   438.5   485.3   523.1   574.2   664.1   924.2  1879.9  8143.3 31159.0  81668.2    81704
read      423.3   402.2    93.8   181.9   208.0   365.9   453.0   502.6   538.7   582.9   647.9   795.3  1307.7  4356.1 12218.4  55664.2    55771
read      460.5   595.4    93.8   190.5   217.9   363.2   439.0   490.3   532.1   594.1   731.0  1027.0  1838.2  5980.8 30724.0  85296.2    85226
read      477.0   477.2    86.8   196.8   225.4   387.3   474.7   533.4   582.8   656.9   782.2  1025.9  1812.6  5020.3 17687.4  75178.0    75020
read      471.8   923.5   101.3   183.8   209.4   400.7   473.3   515.2   544.3   580.1   629.7   725.3  2382.7 11607.0 38284.2  12395.0    12441
read      508.2   562.2    93.8   200.3   229.3   410.9   519.0   592.0   652.9   733.9   847.1  1043.9  1693.2  6769.8 20449.8  56302.6    56208
read      496.6   827.0    93.8   188.8   216.0   422.6   522.7   580.4   620.4   666.8   727.1   829.4  1618.5 11748.5 35242.9  17418.2    17446
read      495.2   644.9    86.8   195.1   223.7   375.4   452.3   503.5   548.8   624.9   810.3  1261.9  2147.4  6890.7 30451.7  86822.0    86943
read      492.2   372.6    93.8   196.0   224.9   409.0   519.8   590.9   652.3   732.3   842.0  1038.4  1543.3  4240.8  9352.2  49205.4    49138
read      476.9   430.5    93.8   191.1   219.4   399.3   504.1   573.3   628.3   701.4   798.3   979.7  1489.0  3747.1 17907.3  49613.6    49839
read      489.0   446.2    86.8   194.8   222.9   407.7   515.2   584.8   643.9   723.9   830.9  1011.8  1515.5  4061.7 14009.5  47675.4    47752
read      487.1   444.8    93.8   188.7   218.0   429.6   531.7   597.0   651.2   716.5   793.4   915.2  1328.2  4184.7 17324.3  27141.2    27181
read      478.5  1159.5   109.4   191.9   220.1   369.5   424.1   452.9   473.0   498.3   533.2   622.9  3612.8 17632.6 37204.7   6165.4     6170
read      490.9  1318.7   109.4   189.1   216.1   381.6   441.1   473.1   494.4   518.8   552.5   629.6  3347.1 29901.8 35549.7   7095.6     7187
read      479.5   684.9    86.8   202.1   231.7   384.5   455.2   499.6   536.5   587.5   681.2   977.0  1878.8  8489.6 31367.5  99132.2    99387
read      421.9   590.9    93.8   185.6   211.3   350.4   413.8   451.7   480.5   517.8   575.8   737.5  1779.2  6836.0 30832.0  92026.4    91970
read      525.0   749.1    86.8   200.7   229.3   389.2   476.1   538.7   596.4   697.6   893.2  1294.5  2340.7  8140.4 31824.7  79937.2    79658
read      440.2   364.1    86.8   187.6   214.4   376.2   465.9   520.2   562.0   617.0   703.0   877.6  1373.6  4084.5 10876.9  59402.8    59230
read      473.2   539.0    86.8   191.0   219.7   373.7   453.2   505.0   548.4   615.7   752.8  1100.7  1961.5  5775.8 18044.9  77981.0    78081
read      489.2   351.8   101.3   202.4   230.3   409.0   514.4   587.5   648.0   725.8   830.3  1022.7  1514.0  3483.2 10561.1  64232.2    64242
read      496.0   592.7    93.8   189.3   218.8   417.4   521.9   589.1   641.4   708.7   795.1   938.3  1524.0  8361.6 17737.0  37765.0    37702
read      480.2   395.0    93.8   188.9   217.6   414.0   519.8   588.0   643.5   717.2   806.0   954.9  1344.6  4604.5 10885.5  40747.0    40686
read      491.8   469.2    80.4   190.4   219.4   424.8   533.3   603.3   661.6   732.3   820.9   953.0  1315.0  5313.8 18884.3  30398.2    30376
read      503.3   437.3    93.8   189.8   219.3   426.2   538.1   611.9   671.5   746.3   845.9  1004.5  1607.3  5018.8 13650.9  38308.6    38416
read      500.5   419.3    93.8   207.6   236.8   417.3   524.1   596.9   658.3   739.0   848.8  1036.1  1554.1  4089.9 13618.4  65840.2    65892
read      487.2   407.5    93.8   191.5   220.2   416.2   526.2   595.0   651.8   724.4   817.4   970.5  1415.6  4562.8 13659.1  39683.6    39560
read      505.3  1211.5   101.3   185.7   212.6   406.8   482.0   518.3   543.6   576.5   620.6   705.2  3035.6 15637.8 37368.7  10019.8    10016
read      494.2   524.8    93.8   195.2   224.1   405.3   514.5   585.8   645.0   724.2   826.0  1004.5  1571.6  5649.1 21079.0  55288.6    55224
read      499.0   767.7    93.8   187.0   214.3   421.5   519.9   578.4   621.8   674.0   739.3   847.1  1748.2  9150.2 31803.8  20148.2    19982
read      492.0   394.8    93.8   191.7   220.8   410.1   522.8   595.4   660.0   745.1   852.4  1033.3  1524.9  3670.0 14503.3  48027.2    48114
read      498.7   553.7    93.8   190.8   220.4   423.9   532.1   601.3   660.0   734.1   828.8   983.7  1427.7  5543.1 29509.5  36171.6    36283
read      476.8   519.8    93.8   186.6   214.0   415.3   517.3   578.5   624.6   678.7   746.7   859.0  1431.5  6000.3 24600.5  23274.0    23315
read      499.9  1057.5   101.3   185.0   212.2   406.4   486.0   526.6   553.6   588.4   638.2   738.5  2621.8 12728.8 37057.5  11250.8    11150
read      449.9   609.1    86.8   194.3   222.2   364.8   428.1   466.9   499.1   542.1   620.5   908.3  1854.6  8333.8 30510.0  98883.0    98724
read      475.1   393.9    93.8   192.7   221.6   399.1   500.0   563.8   618.0   690.3   797.2   982.9  1505.3  4068.8 12727.5  57052.2    56880
read      491.6   870.7    93.8   185.5   212.8   417.6   502.8   547.4   580.5   619.1   671.1   770.6  2628.2 10135.3 36038.0  13457.2    13467
read      446.6   679.7    93.8   197.2   224.8   369.6   434.5   473.5   504.8   545.6   610.9   763.1  1740.7  8514.6 31278.6  99281.6    99368
read      481.4   437.3    93.8   191.3   219.6   405.3   510.9   575.5   626.7   697.0   801.3   979.0  1499.1  4609.6 10816.2  46148.4    46206
read      538.7   539.1    93.8   210.2   240.5   421.0   529.3   609.1   680.2   777.3   927.2  1233.4  2151.5  5726.1 18671.3  71743.2    71651
read      445.4   513.3    93.8   179.4   205.3   400.1   485.8   527.6   560.8   610.1   682.1   801.2  1175.6  6123.5 27146.7  22714.2    22741
read      480.1   357.5    93.8   193.9   222.7   403.3   507.3   578.0   634.2   710.1   811.2  1004.3  1498.6  3296.9 10680.8  56698.0    56654
read      459.9   591.4    86.8   198.8   227.5   377.3   446.2   489.4   523.6   570.2   644.5   877.1  1866.3  6510.8 30129.6  99503.8    99570
read      467.1   719.7    93.8   181.1   207.6   399.2   489.3   540.4   580.3   630.1   697.3   816.4  1351.1 10881.2 31849.5  22961.8    23047
read      514.9   487.8    93.8   211.1   240.3   420.6   527.6   603.6   671.0   756.8   873.5  1084.5  1669.5  4863.1 17046.0  70039.8    70008
read      493.9   433.5   101.3   191.4   220.4   409.3   521.1   594.3   658.5   740.6   847.4  1034.8  1554.2  3998.8 13712.8  43201.8    42943
read      484.0   456.7    86.8   188.1   216.8   405.4   514.3   586.5   645.3   723.1   821.7   994.1  1472.1  4775.3 15343.3  46614.6    46704
read      456.2   501.3    93.8   190.4   218.2   371.7   453.4   505.0   547.2   608.5   718.8   983.0  1748.4  5073.0 20219.2  75821.6    75970
read      494.2   787.6    93.8   183.8   212.5   416.4   516.8   578.7   622.7   676.0   743.8   847.0  1596.7 11115.4 31902.2  21876.6    21917
read      475.8   619.6    93.8   193.1   221.4   374.7   456.0   508.6   554.4   623.1   750.3  1031.2  1948.3  7394.7 30850.2  81860.6    82027
read      467.9   552.0    93.8   190.9   219.6   376.3   454.3   502.8   543.0   599.5   719.8  1033.6  1860.8  6051.4 22899.8  81683.4    81583
read      485.7   826.2   101.3   185.3   211.9   412.4   506.5   552.8   587.9   625.8   678.7   776.4  1708.0 12229.7 32132.3  14181.8    14259
read      477.9   975.2   109.4   191.1   219.3   390.7   459.4   496.0   520.0   545.5   586.4   671.1  2879.2 12598.2 37987.5   7864.8     7821
read      504.5   762.1    93.8   189.9   220.2   430.3   530.1   591.4   632.1   682.6   751.4   861.7  1408.8 11202.5 32030.9  17733.0    17727
read      527.3   637.7   101.3   208.3   237.0   418.7   529.1   606.7   671.1   755.7   875.2  1103.8  1783.8  8873.6 29946.5  65360.0    65559
read      524.1   706.0   101.3   195.3   223.9   420.0   535.2   612.2   678.6   763.2   873.1  1072.7  1702.7  9244.8 31428.1  41288.4    41133
read      495.5   390.5    93.8   191.2   220.0   428.9   535.9   607.4   665.0   735.1   821.4   975.0  1518.6  4305.2  7089.0  28807.4    28693
read      495.8   461.4    93.8   197.0   225.7   406.3   515.6   588.1   651.0   734.1   849.8  1051.8  1607.4  4622.6 16431.7  53007.4    53141
read      481.7   426.3    93.8   193.5   222.5   403.4   510.1   581.8   639.6   716.7   816.2   994.8  1451.9  3978.8 12619.4  54478.2    54512
read      491.4   981.3    93.8   183.5   209.9   406.4   499.3   548.0   582.9   621.2   672.3   772.2  1817.1 12764.2 37101.4  14753.4    14835
read      449.6   581.7    86.8   198.1   226.2   371.6   436.9   477.0   508.4   549.9   621.0   827.9  1836.7  6935.9 30743.9  98418.6    98446
read      484.6   545.0    93.8   187.2   214.9   402.3   505.8   569.5   624.0   701.1   809.5   981.1  1521.6  5961.7 29476.9  38005.0    38117
read      441.2   478.6    86.8   187.4   214.3   366.5   442.2   490.0   527.5   577.9   662.6   900.2  1730.9  4993.6 16727.9  77890.4    77994
read      447.7   421.8    93.8   180.4   206.7   387.3   479.5   527.4   563.3   614.7   702.6   877.1  1381.6  5426.8 10216.6  30287.8    30209
read      484.7   396.4    93.8   206.4   235.1   406.8   508.2   577.5   634.6   710.9   813.1   998.8  1460.2  3827.7 10784.0  68231.2    68315
read      445.2   653.4    93.8   193.7   220.8   360.8   426.1   465.9   498.1   540.1   608.5   842.9  1876.8  8525.3 31107.9  92086.6    91940
read      474.9   380.9    93.8   189.0   217.3   398.6   504.3   570.6   625.0   697.1   801.9   981.2  1489.9  4065.2 10169.3  49322.4    49308
read      501.1   470.3    93.8   195.9   224.3   411.9   524.3   596.8   661.1   743.4   857.9  1059.7  1588.7  5047.9 12867.2  46813.6    46880
read      460.3   631.7    86.8   197.3   224.8   370.3   437.9   481.0   515.6   565.0   649.0   936.3  1929.8  6893.6 31125.2  92201.4    92540
read      494.4   478.0    93.8   195.0   223.6   405.4   512.5   583.0   642.3   726.5   846.2  1059.3  1590.1  4824.3 15214.9  49253.8    49396
read      496.7   759.5    93.8   204.7   234.2   385.1   453.4   497.4   534.2   587.2   693.0  1117.8  2399.4  8400.1 31669.7  97719.4    97841
read      443.0   494.7    93.8   181.5   207.8   375.7   471.7   521.3   555.8   604.5   684.0   853.1  1358.1  6030.0 18751.6  35286.0    35404
read      680.8   899.4    93.8   240.9   274.1   463.4   626.5   775.9   901.9  1050.7  1280.2  1675.5  2981.3  8785.2 31859.4  80575.6    80451
read      517.1   824.0    93.8   197.1   226.4   383.6   458.1   506.4   548.0   611.5   748.6  1331.3  2807.6  8517.8 31980.5  87076.4    87228
read      455.1   484.2    93.8   191.4   219.9   372.7   452.0   501.5   542.0   597.6   704.2   973.1  1733.1  5541.3 12640.4  75758.4    75554
read      445.9   472.9    93.8   185.8   213.2   377.1   465.7   518.0   557.2   608.5   688.5   878.1  1460.9  5677.7 18495.8  58056.2    57964
read      557.9   819.1    86.8   203.5   234.7   399.5   488.8   555.9   627.9   769.0  1014.0  1474.9  2536.1  8478.6 31964.7  83664.6    83546
read      478.2   457.4    93.8   194.6   223.2   396.7   496.8   558.5   610.7   680.9   792.8   988.1  1582.9  4759.2 14336.3  55306.0    55468
read      504.4   655.4    93.8   191.8   220.3   420.3   527.4   594.3   652.5   726.9   815.7   960.3  1557.1  9638.8 30398.5  34235.0    34203
read      499.2   551.5    93.8   192.0   220.8   421.9   530.1   598.4   657.5   731.8   821.4   981.1  1444.8  7630.6 24278.3  37611.0    37629
read      493.8   399.4    93.8   194.0   222.0   417.8   531.0   602.3   662.5   738.2   838.0   996.7  1457.7  4315.7 13250.4  34704.8    34577
read      490.9   425.6    93.8   197.7   226.1   414.0   524.0   594.5   654.2   730.7   830.6  1007.4  1427.9  4662.9 15124.7  47504.8    47426
read      479.8   334.4    93.8   203.1   230.0   402.1   508.1   577.7   634.1   708.2   811.0   993.2  1477.5  3136.8  9081.5  58687.2    58845
read      518.1   462.7   101.3   214.8   243.3   423.8   532.5   609.1   676.1   760.5   878.1  1083.9  1702.4  4714.9 15740.4  67033.6    66993
read      501.6  1120.5   101.3   185.3   212.4   405.8   488.0   525.9   550.1   584.2   631.7   727.1  2876.4 13020.0 37688.4  10998.4    10977
read      482.4   352.0    93.8   193.7   222.6   406.9   513.9   583.9   639.9   715.8   815.8  1000.7  1496.5  3317.6 10088.5  51363.2    51529
read      487.1   437.4    93.8   191.7   220.9   408.9   518.2   586.3   641.5   717.6   817.6   991.4  1494.6  4515.8 16262.0  48041.0    48344
read      492.7  1466.6   101.3   194.1   223.3   366.7   416.1   441.9   461.4   485.4   518.1   593.1  3654.4 30869.8 35181.6   5881.6     5902
read      367.1   266.8    86.8   181.8   206.1   334.9   399.6   438.0   467.1   502.7   548.6   622.8   866.9  1874.5  9311.5  71319.2    71602
read      498.3   418.0    93.8   192.2   220.5   405.0   517.8   590.9   652.5   743.5   873.2  1115.0  1655.3  3994.9 14247.5  41861.0    41886
read      478.9   466.7    93.8   190.9   218.8   396.7   500.6   564.8   620.6   697.2   808.6  1004.5  1518.9  5133.9 15498.5  47526.4    47456
read      411.5   410.4    93.8   190.4   217.0   357.7   423.1   462.2   493.1   531.4   585.8   707.9  1620.9  4586.3 15352.0  93904.4    93939
read      508.3   820.2   101.3   186.0   212.7   426.0   526.8   586.2   631.1   682.8   753.0   866.3  1980.4 11374.2 32057.5  17037.0    16890
read      522.8   641.4    86.8   194.4   223.7   417.5   530.0   606.0   670.5   756.2   875.7  1095.3  1774.5  8396.1 30370.8  45753.4    45689
read      537.9   758.2    86.8   191.3   220.8   429.0   539.5   616.6   680.5   764.4   862.2  1056.2  2556.7  9008.1 31718.6  32732.8    32790
read      505.9   602.1   101.3   195.9   223.1   410.1   522.2   596.4   661.3   741.6   857.2  1060.6  1608.9  5700.1 27858.1  44025.4    44044
read      506.2   639.3    93.8   190.7   219.4   427.0   534.5   605.2   661.8   729.0   812.6   963.1  1569.0  7345.0 31458.3  28352.2    28149
read      487.9   540.5    86.8   188.6   217.3   413.9   520.5   587.7   641.7   711.2   796.9   949.8  1402.7  6515.7 30370.7  39755.0    39739
read      485.5   452.3    86.8   201.0   229.7   400.0   495.9   561.0   619.7   699.3   812.3  1026.1  1566.4  4422.5 15218.7  72469.8    72475
read      465.3   603.2    93.8   200.7   228.7   372.8   440.1   483.8   519.5   570.0   663.1  1028.9  1875.7  6292.0 30840.5  93865.0    93882
read      424.0   947.7   101.3   197.5   225.1   360.6   407.3   433.2   455.6   482.3   515.8   576.3  1254.3 10833.0 32316.3   6761.6     6692
read      517.1   613.2    93.8   199.9   228.7   417.5   530.0   605.6   666.5   749.3   865.0  1078.6  1701.6  7591.0 30585.2  50291.4    50406
read      466.5   575.1    93.8   189.9   217.7   366.9   440.1   488.1   528.0   584.2   695.2  1075.4  2116.7  6047.6 28488.9  83121.0    83055
read      481.5   421.2    93.8   195.3   223.6   399.0   505.1   576.0   634.2   712.8   822.5  1009.4  1509.9  4190.7 14014.0  55418.0    55609
read      511.1   844.3    93.8   185.3   212.9   420.3   519.8   573.9   611.1   657.2   722.9   855.6  2675.1 11063.4 31127.7  17071.6    16968
read      520.2   701.1    93.8   193.3   223.1   421.4   533.6   606.3   665.5   742.4   844.3  1017.3  1649.7 10079.3 30519.7  42960.8    43031
read      484.7   863.7    93.8   185.6   213.4   409.1   504.9   558.9   595.9   634.9   684.4   776.6  1372.2 10633.1 31995.4  17219.4    17236
read      489.3   697.4    93.8   190.8   219.7   376.8   455.4   505.7   547.3   611.3   745.7  1109.0  2340.2  6460.0 31343.2  82081.6    82183
read      489.7   450.7    93.8   191.9   220.3   412.7   520.4   588.3   647.8   725.7   826.0   999.3  1460.9  5387.0 14398.2  42365.4    42212
read      523.2  1191.8   101.3   184.6   210.6   404.0   490.1   531.5   559.2   590.8   638.2   734.0  3949.8 16451.6 36821.3  12316.4    12244
read      514.8   623.3    93.8   202.4   231.3   410.7   517.4   590.5   654.6   740.7   855.6  1061.8  1752.9  7218.9 30220.5  61899.0    61777
read      502.5   475.1   101.3   190.8   219.8   427.1   539.1   611.3   670.6   748.7   848.6  1012.1  1481.1  4617.1 24081.5  36900.4    36984
read      507.3   657.6    93.8   192.7   220.9   426.8   536.1   606.7   663.5   733.6   814.2   942.6  1434.7  8506.7 31218.3  29178.0    29093
read      501.3   523.3    93.8   192.9   222.3   417.7   529.8   600.3   660.3   738.2   842.6  1017.0  1515.6  7008.0 30134.7  41656.2    41715
read      484.7   381.8    93.8   188.7   217.5   419.2   525.9   591.5   645.9   713.6   800.6   950.8  1365.4  4022.1  9800.0  34771.4    34838
read      505.5   428.4    93.8   203.7   232.2   411.5   519.8   595.8   665.9   754.1   875.6  1087.4  1631.7  4376.0 10292.3  63520.4    63574
read      480.2   595.7    93.8   185.0   213.7   412.7   511.7   574.9   620.8   673.8   741.8   859.4  1435.0  6233.5 30691.9  24253.0    24401
read      515.4   656.1    93.8   191.5   221.2   428.8   537.7   611.6   670.9   745.1   841.1  1008.1  1538.5  7921.0 30828.1  31936.8    32025
read      407.7   464.8    86.8   191.2   217.3   352.8   415.5   451.9   479.1   513.4   564.9   675.6  1659.8  5533.3 19469.4  98760.8    98971
read      514.5   864.2    93.8   189.6   218.7   420.9   521.4   585.0   634.4   693.1   772.2   898.8  1875.0 11222.0 31953.8  23627.6    23657
read      499.2   411.8    93.8   207.8   237.3   417.2   522.7   596.3   656.7   737.1   846.3  1035.1  1542.5  3206.6 14570.9  67542.2    67877
read      492.1   450.9    93.8   199.1   228.1   410.9   519.6   591.1   650.7   727.6   835.6  1022.4  1525.6  3447.3 17136.6  54019.2    53849
read      481.8   552.3    86.8   190.7   219.9   376.3   457.5   514.1   565.2   645.5   817.7  1119.2  1995.8  5315.3 25510.3  79290.4    79536
read      506.8   723.2    93.8   189.8   218.1   426.3   530.9   587.7   626.4   672.9   736.3   854.9  2491.0  9214.0 31048.7  17148.8    17081
read      500.5   671.7    86.8   190.9   220.1   415.5   520.9   588.2   641.6   713.5   804.4   976.8  1488.8  8725.9 31438.1  39049.8    39024
read      518.6   884.0    93.8   189.1   217.5   419.9   523.2   588.8   637.8   693.8   769.0   898.1  2728.4 11890.7 31903.9  26201.6    26125
read      492.3   491.8   101.3   189.8   217.6   420.8   528.1   597.5   653.5   722.7   810.6   965.3  1424.0  5587.2 19127.6  33407.2    33388
read      505.4   814.7   101.3   187.9   216.6   417.3   518.6   581.4   626.3   677.9   741.1   847.7  2002.6 11805.5 31520.6  20997.6    20979
read      426.7   604.4    86.8   190.5   218.0   357.5   420.5   457.6   486.3   523.6   579.2   720.5  1762.8  8363.9 29406.6  95716.0    95865
read      550.7   693.6    93.8   205.5   236.3   412.9   520.3   603.4   682.9   798.0   966.9  1274.3  2201.1  7778.1 31470.7  73856.8    73949
read      448.1   342.7    93.8   188.7   216.4   380.0   468.5   524.9   568.8   627.2   725.0   931.1  1503.9  3195.3  8556.1  60876.8    60987
read      512.2   497.5    93.8   199.0   228.4   413.9   528.1   607.0   673.9   763.8   892.0  1114.1  1656.9  5299.4 18336.4  54209.8    54175
read      488.9   395.2    93.8   193.6   222.6   408.5   516.8   589.0   648.6   729.0   834.4  1017.0  1532.4  3926.8 12465.9  51643.0    51484
read      502.5   463.9    86.8   191.9   221.2   423.0   534.5   607.2   668.6   746.5   850.7  1025.3  1539.4  5102.1 12038.2  39669.2    39771
read      498.8   504.7    93.8   190.2   218.6   423.3   531.8   602.2   661.5   737.3   834.9   990.0  1477.0  5010.4 23111.7  32897.4    32864
read      512.0   589.7    86.8   193.0   222.6   416.1   529.3   600.3   665.5   753.0   868.5  1069.1  1585.0  6805.7 29477.5  42000.8    42033
read      477.0   393.2    93.8   193.1   221.8   412.1   515.7   582.0   635.8   707.5   801.3   960.1  1360.5  3192.7  9760.3  43784.0    43808
read      490.5   514.2    93.8   193.5   221.4   407.5   517.2   588.9   646.1   726.8   832.4  1008.2  1450.7  5166.4 30380.2  45817.8    45785
read      508.7   496.9    93.8   196.3   225.0   430.0   540.9   613.6   674.7   751.4   846.5  1007.3  1531.0  5308.4 20186.5  35629.6    35582
read      488.8   388.8    86.8   194.7   223.3   424.6   533.6   603.6   660.3   729.3   816.3   965.9  1338.7  3793.5 11034.5  38472.4    38504
read      496.9   848.5    93.8   186.0   212.5   411.5   502.7   556.2   591.0   635.7   696.7   805.3  2855.4  9036.6 31852.2  15388.8    15320
read      553.5   585.8    93.8   214.6   245.0   426.9   541.9   630.3   708.4   814.6   979.3  1267.7  2047.4  5571.0 28304.8  74229.8    74264
read      429.1   379.4    86.8   179.9   205.8   370.9   465.7   516.8   552.3   601.5   679.4   840.1  1254.4  4311.9 10083.6  44015.6    43890
read      483.2  1447.1   109.4   192.3   220.1   362.9   412.9   439.2   461.7   489.3   527.1   605.4  3318.0 30932.1 37268.6   5900.8     5962
read      494.1   496.9    93.8   191.1   219.7   415.1   524.1   591.6   647.6   723.8   824.5  1004.8  1486.5  5941.5 16839.0  38252.0    38365
read      504.7   524.5    93.8   199.8   228.6   410.8   521.8   594.1   657.5   739.0   854.7  1059.3  1617.8  5616.4 25781.3  56078.4    55971
read      488.5   651.4    93.8   189.3   216.2   418.4   513.8   568.0   610.6   668.3   745.6   874.6  1835.8  7090.9 31293.2  23197.8    23217
read      365.7   199.3    93.8   192.1   217.0   339.3   397.8   432.4   459.6   492.6   535.8   606.5   807.7  1711.9  7334.2  87790.2    87681
read      361.6   221.4    86.8   193.8   218.5   337.6   393.5   426.0   451.1   482.0   523.0   587.0   774.7  1504.1  8025.1  91675.0    91728
read      354.2   199.5    93.8   189.5   213.6   332.2   386.4   417.8   441.2   470.7   509.2   573.2   745.9  1462.7  7307.7  96913.8    96668
read      358.0   270.0    86.8   184.0   207.8   330.0   390.7   426.5   454.0   486.9   528.5   591.4   777.2  1575.8  8745.7  80737.6    80475
read      391.0   277.1    86.8   181.4   206.3   367.6   451.4   490.6   515.5   541.5   575.5   627.9   804.4  3536.2  9310.4  27041.8    27150
read      380.5   205.7    93.8   184.2   208.5   349.6   424.4   467.7   500.0   536.1   580.5   647.3   838.7  2125.4  5691.0  53209.0    53444
read      399.0   311.5    93.8   181.6   205.9   378.9   461.5   499.3   523.9   548.9   582.6   635.1   831.4  3427.8 11843.5  23827.4    23737
read      357.4   187.9    93.8   186.7   210.6   334.1   391.8   425.2   450.6   481.6   522.0   585.1   764.3  1599.7  6736.5  87606.4    87776
read      359.9   221.0    86.8   186.9   210.4   332.6   391.9   427.6   454.9   487.6   530.0   595.6   789.1  2042.0  7975.3  82349.8    82175
read      361.0   211.0    86.8   193.5   218.5   339.7   394.0   425.6   449.3   477.7   516.0   578.8   748.9  1731.9  9680.9  98599.6    98548
read      387.7   322.3    93.8   180.0   204.5   354.1   438.2   484.0   514.0   544.7   584.2   644.3   826.8  3551.9  8828.8  37781.0    37704
read      371.6   279.9    86.8   180.2   204.9   338.8   408.0   449.7   480.4   516.1   561.6   630.7   830.6  2498.4  9578.1  64663.2    64701
read      372.1   207.2    86.8   183.4   208.4   340.9   408.0   448.6   478.9   514.6   561.3   632.8   850.3  2090.0  7508.4  68697.8    69089
read      358.0   196.9    86.8   191.3   215.6   334.9   389.9   422.7   447.6   477.4   518.0   581.2   752.3  1755.1  6864.3  89722.2    89785
read      400.6   302.0   101.3   186.7   211.9   393.0   457.2   487.8   507.7   532.2   562.2   618.5   861.7  3125.8 14138.2  16644.4    16676
read      368.2   272.1    86.8   183.2   207.5   337.3   402.1   440.1   469.4   504.7   547.5   617.2   807.8  2456.2 10301.7  69643.4    69604
read      363.0   177.1    80.4   194.7   219.8   340.3   394.3   426.3   450.6   479.9   521.3   588.6   797.7  1475.0  6466.8  99540.8    99682
read      412.6   564.3    86.8   200.0   225.7   353.6   410.0   443.9   469.9   504.3   552.0   662.0  1618.8  6347.7 30981.0  97741.0    97693
read      465.2   607.6    93.8   184.9   211.4   414.0   504.6   551.9   593.2   641.0   699.5   793.5  1185.9  9023.8 31542.6  17334.4    17381
read      498.4   608.1    93.8   189.7   217.5   408.0   520.6   589.5   646.5   728.7   837.0  1002.3  1571.3  6219.3 31080.3  39967.2    40069
read      449.5   738.9    93.8   191.5   219.5   393.8   458.5   496.4   522.3   549.8   589.5   666.2  1888.1  5878.0 31934.5   8853.6     8841
read      508.3   673.1    93.8   196.5   224.2   393.9   498.3   568.3   627.6   711.4   840.3  1085.0  2497.6  6257.7 31629.7  56673.8    56576
read      488.8   677.5    86.8   185.2   212.5   420.9   516.6   571.2   615.6   672.1   747.7   862.2  1533.6  9591.0 31702.2  21553.2    21599
read      512.4   686.8    93.8   195.3   223.2   398.7   505.0   575.7   634.7   719.8   841.1  1063.4  2534.4  7214.5 31447.3  53122.8    53003
read      479.4   592.0   101.3   188.2   215.3   425.6   515.2   570.8   613.8   664.6   731.4   841.4  1271.7  6758.5 30416.4  19748.0    19831
read      570.4   989.6    93.8   217.6   245.3   399.7   488.4   555.3   621.4   725.2   906.0  1300.9  3287.5  9277.1 32473.1  79986.0    80340
read      500.0   602.3    93.8   190.9   219.0   429.9   531.9   592.9   643.7   708.9   800.2   935.2  1538.9  5672.9 30688.7  28950.8    28765
read      488.3   410.2    86.8   196.2   224.7   432.9   536.1   597.2   646.9   711.1   793.0   916.5  1283.8  4479.5 10989.9  25624.6    25572
read      530.7   811.5    86.8   194.4   222.4   421.8   535.3   607.1   667.3   747.3   854.8  1036.9  2639.1 10121.5 31816.8  37127.2    37071
read      543.2   817.9   101.3   215.7   242.5   399.6   496.1   566.5   631.4   732.8   891.5  1211.5  3024.1  7418.6 32049.7  75843.8    75819
read      513.8   651.9    86.8   193.3   221.1   404.2   516.3   588.0   648.7   734.6   853.0  1056.7  2763.7  6749.4 31093.1  44453.6    44359
read      545.8  1070.2    93.8   222.7   253.0   397.1   463.5   506.2   543.2   595.2   690.2  1036.2  3998.3 10148.3 35684.0  96134.2    95960
read      516.6   715.0    86.8   204.0   231.5   401.3   501.7   570.9   631.2   718.7   843.3  1067.6  2799.3  6592.4 31908.5  59511.0    59630
read      504.4   669.0    86.8   193.5   221.3   400.4   507.7   576.6   634.6   714.1   823.9  1026.3  2452.3  6253.9 31806.7  48082.4    47930
read      497.3   736.4    93.8   201.6   228.1   383.4   472.7   536.0   589.3   664.2   779.2  1007.0  2857.6  7396.0 31788.5  65590.8    65545
read      529.5  1036.5    93.8   214.9   243.3   387.4   456.6   500.8   538.5   591.7   693.9  1044.1  3468.4 10156.2 35546.1  93838.6    94038
read      528.6   679.7    93.8   200.5   228.3   405.8   514.5   588.5   654.3   745.6   887.9  1142.3  2869.9  6509.1 31566.3  51785.6    51806
read      506.1   617.8    93.8   199.1   226.0   398.5   505.3   576.9   634.8   716.5   843.4  1065.8  2521.6  5369.7 30627.6  48639.0    48712
read      506.1   948.8   101.3   196.4   225.1   424.4   508.3   550.9   585.7   630.1   685.4   790.4  2396.4 10203.1 35291.0  13178.6    13115
read      567.3   974.2    93.8   219.7   246.1   401.6   492.9   560.2   625.1   725.4   904.1  1254.6  3221.2  9864.1 32185.6  76789.0    76569
read      491.2   564.5    93.8   196.4   223.6   433.6   528.7   583.9   629.2   682.4   749.8   859.0  1347.8  6784.7 29781.3  19196.8    19372
read      497.2   583.1    93.8   203.2   229.2   390.6   491.5   559.9   617.6   696.4   816.4  1041.4  2434.2  5439.5 30327.9  59228.8    59331
read      517.9   712.3   101.3   206.9   234.0   397.2   497.0   567.4   629.4   716.7   843.2  1086.1  2810.3  6947.2 31497.6  62612.6    62597
read      497.7   459.2    93.8   196.3   223.2   411.0   525.2   596.3   657.9   739.9   846.5  1016.1  1632.7  3930.3 14099.3  37730.8    37702
read      516.0   579.8   101.3   198.8   226.0   412.1   526.0   598.6   661.8   749.7   868.4  1082.4  2300.2  5822.0 30475.6  42013.0    41975
read      489.4   460.5   101.3   193.3   220.6   429.3   532.4   593.5   645.3   714.5   801.5   937.3  1345.6  4929.5 16261.8  26041.8    26100
read      563.3  1021.9    93.8   213.4   241.1   389.3   468.9   527.7   582.0   672.7   862.5  1347.2  3581.9  9268.3 35473.3  82365.2    82500
read      451.3   460.9    93.8   187.8   213.4   369.6   460.4   515.5   558.4   619.5   720.4   928.7  1680.1  4358.7 13900.1  50758.8    50756
read      366.1   255.6    86.8   182.0   206.2   336.1   402.2   440.5   469.4   504.1   545.8   615.4   817.8  2050.2  8361.0  66637.4    66696
read      378.3   205.1    86.8   181.7   206.6   348.0   425.8   469.6   501.0   536.0   578.9   642.9   837.5  1503.7  5731.5  53399.2    53364
read      411.0   559.2    93.8   192.2   219.5   380.7   425.8   451.7   470.5   495.2   526.9   584.2  1150.9  8662.8 28778.9  10395.8    10413
read      379.3   218.0    86.8   186.4   210.7   349.7   420.5   461.7   492.8   529.2   575.7   645.6   852.0  1634.6  7852.6  64752.8    64876
read      364.9   202.6    80.4   182.4   206.6   336.0   402.3   441.2   469.7   504.7   548.4   616.5   795.7  2184.7  5886.3  69211.4    69079
read      413.1   474.3    93.8   181.1   205.9   387.6   463.6   498.9   523.6   551.2   590.8   661.4   933.7  5253.2 28465.4  19394.8    19447
read      465.1   542.3    93.8   190.5   218.8   371.2   449.5   501.6   544.6   608.7   737.4  1035.6  1914.7  5675.6 30212.2  81177.6    81182
read      474.2   579.4    93.8   185.2   213.8   415.3   509.2   571.5   616.9   669.9   739.3   849.2  1343.7  5341.6 30988.4  25299.6    25265
read      492.8   972.6   101.3   186.3   213.6   403.2   477.4   513.1   539.2   573.1   625.5   739.3  2681.3 11820.8 32103.7   9680.0     9699
read      488.9   469.0    93.8   191.2   219.6   403.7   510.1   581.6   638.6   720.7   829.8  1029.3  1522.7  5044.1 13902.5  48541.2    48659
read      520.3   445.6    86.8   215.1   244.0   423.8   534.0   615.2   685.0   773.2   898.6  1108.6  1728.6  3964.5 13889.8  75146.8    75126
read      384.4   441.0    86.8   184.5   209.1   337.6   396.7   430.9   457.4   490.0   535.3   624.3  1406.6  5388.9 15012.3  96566.8    96559
read      461.3   364.2    86.8   190.1   218.0   391.6   492.7   554.4   606.2   674.6   776.4   949.8  1366.8  3251.2 10816.1  56150.8    55885
read      440.0   872.8   101.3   184.9   211.0   385.1   450.9   483.6   505.3   532.7   567.9   630.9  1469.0  8635.2 32116.6   9076.4     9039
read      522.4   642.4    93.8   203.1   231.6   411.5   518.0   592.5   656.8   738.5   860.0  1113.4  1993.2  8291.8 31105.9  66161.8    66378
read      465.7   308.0    86.8   185.4   214.0   407.7   509.3   575.1   628.4   698.6   789.9   939.9  1277.1  2859.7  9675.5  41041.4    41225
read      479.6   419.3    86.8   192.3   220.6   402.2   508.2   578.3   634.6   711.8   810.8   992.8  1422.9  3614.1 12906.5  52563.4    52371
read      486.7   389.9    86.8   189.5   217.8   414.0   525.2   595.7   657.5   734.6   834.9  1002.8  1408.2  4001.2 10274.6  39841.6    39873
read      498.0   561.0    93.8   187.5   215.4   410.1   519.2   591.6   651.6   729.7   836.7  1015.0  1695.2  5240.6 30562.0  41095.4    41176
read      524.6   695.9    86.8   195.6   226.9   388.3   472.8   537.5   601.2   713.3   929.9  1355.5  2216.3  8308.7 31117.7  85385.8    85357
read      433.0   535.3    86.8   184.4   211.1   357.8   430.2   476.0   512.1   561.8   648.2   885.2  1681.9  6025.2 28644.4  85229.8    85391
read      485.5   792.4    86.8   195.7   223.6   370.3   440.2   485.8   523.9   578.8   687.0  1089.6  2164.7  9502.1 31567.0  91573.0    91890
read      419.0   280.9    86.8   178.7   204.6   363.5   450.5   501.4   539.3   588.7   668.1   830.7  1337.4  2653.0  6767.3  57630.8    57558
read      446.1   816.1   101.3   179.9   206.2   392.6   462.2   494.9   516.9   544.2   580.0   636.6  1616.8  8760.2 32229.1   9920.2     9972
read      545.6   514.4    93.8   219.1   249.6   436.6   553.8   640.4   711.4   799.6   935.3  1170.6  1878.9  5421.3 17999.9  74345.8    74636
read      468.7   346.6    93.8   189.0   217.0   416.9   517.7   580.8   631.1   690.9   764.8   886.2  1201.1  3858.0  9688.2  29899.4    29773
read      481.9   345.3    93.8   201.1   229.4   408.8   510.2   583.4   638.3   714.1   814.3   989.3  1400.8  3571.5  9575.6  63407.2    63494
read      449.2  1083.8   101.3   188.0   214.7   371.6   428.8   459.7   480.9   503.6   537.1   604.1  2254.9 12521.6 36239.2   7247.2     7201
read      489.9   569.1    86.8   192.2   221.4   406.3   509.1   577.2   631.2   700.3   796.4   970.8  1569.3  6819.2 30141.4  49517.8    49507
read      428.5   309.6    86.8   195.9   221.2   365.5   450.0   502.8   544.9   601.5   687.1   847.5  1320.2  3222.6 11138.7  65408.4    65454
read      371.1   266.1   101.3   201.3   223.0   332.3   387.4   421.5   449.3   485.5   535.1   624.1  1000.0  3039.5  8036.5  88429.0    88537
read      391.8   337.6    93.8   186.9   210.9   353.9   435.2   481.9   512.0   544.4   585.7   651.5   901.4  3014.6 11516.2  36998.4    36982
read      366.2   192.8    93.8   191.1   215.4   337.9   396.3   431.4   459.0   492.5   536.9   614.1   864.1  1855.1  6832.8  88809.8    88964
read      362.5   191.1    93.8   194.2   219.2   338.1   393.2   426.0   451.3   482.2   523.6   590.8   794.1  1639.9  6608.6  96588.4    96479
read      391.8   332.6    86.8   180.7   205.9   356.0   433.8   477.0   507.2   541.8   584.6   652.7   899.2  3988.4 12596.8  48000.6    47883
read      406.4   345.5    93.8   185.1   211.0   361.1   443.1   491.2   525.0   564.5   616.5   704.3  1044.4  4117.3 10430.1  50704.6    50650
read      366.0   240.8    86.8   188.4   212.7   337.6   396.4   431.2   458.0   490.5   533.5   604.2   836.4  2514.2  8215.2  89299.0    89242
read      385.0   420.5   101.3   202.4   230.0   367.6   406.0   428.8   445.3   465.0   493.8   541.4   787.2  5185.8 17343.0   7406.2     7374
read      391.3   390.5   101.3   200.9   229.5   373.7   415.1   437.0   456.3   477.5   506.4   557.3   806.3  5965.2 12859.6   8470.4     8507
read      391.6   260.6    86.8   188.3   214.0   362.0   433.4   474.7   504.8   539.7   583.6   655.5   894.2  2285.0 12374.9  50523.4    50676
read      384.2   267.9    86.8   182.9   207.9   349.2   424.5   468.8   501.5   537.9   582.6   655.4   897.5  2601.2  7878.1  56992.2    57069
read      397.9   296.0    93.8   186.8   211.7   356.5   438.4   486.3   519.0   555.8   600.9   678.7  1025.6  2834.8  9044.3  43666.2    43520
read      376.5   231.1    86.8   183.8   208.0   342.1   413.8   456.3   487.2   523.1   568.1   638.1   905.8  2398.4  7449.4  56709.6    56720
read      371.9   235.6    86.8   188.5   212.2   338.4   404.1   445.3   475.0   511.8   559.3   635.3   871.5  1742.7  8774.1  68149.0    68155
read      403.5   332.1   101.3   200.1   223.8   353.7   425.4   470.0   506.2   548.9   607.2   705.8  1098.4  4410.7 15150.2  60464.8    60444
read      393.8   325.5    93.8   199.4   222.4   346.1   413.8   457.7   492.1   533.8   587.3   679.6  1069.3  3772.6 11559.3  63927.6    63997
read      425.9   573.4   101.3   190.4   214.2   390.8   460.1   493.6   516.2   543.0   581.7   659.3  1214.2  6995.8 30915.1  17358.2    17315
read      379.7   350.8   101.3   198.4   221.2   336.0   396.3   434.2   465.0   503.0   553.0   638.7   973.9  4176.2 11269.5  78682.8    78596
read      391.6   343.7    93.8   203.2   225.2   344.1   405.6   444.5   474.7   514.7   569.5   669.8  1099.5  3992.9 13173.7  81521.4    81548
read      365.2   257.6    93.8   205.6   226.5   333.7   386.1   417.8   442.8   475.0   520.2   593.2   833.7  2639.7 10056.8  97297.6    97254
read      407.6   466.0   101.3   192.7   217.1   351.9   427.3   476.0   512.0   553.3   607.8   695.8  1103.4  5957.7 12766.6  46183.2    46135
read      406.4   488.0   101.3   190.0   215.3   386.1   441.2   470.7   492.3   516.1   547.2   606.6   997.9  5093.5 30898.3  13448.6    13379
read      400.7   287.4    93.8   193.6   218.7   356.1   431.7   479.5   516.0   557.4   610.4   695.7   993.2  3601.4  8319.5  47015.6    46993
read      398.5   249.6    93.8   209.7   235.3   366.4   427.9   464.5   493.0   528.1   576.2   660.6   920.1  3277.0  6842.8  98186.0    98274
read      411.5   369.1    93.8   199.9   227.6   373.7   440.5   480.2   509.2   546.7   598.2   690.8   988.2  4799.1 10927.6  97005.8    97056
read      400.6   308.5    93.8   177.5   202.3   362.0   449.2   495.7   527.3   563.8   610.1   683.4  1031.3  3606.5 10282.6  43566.2    43434
read      420.2   495.4    93.8   179.0   204.3   371.7   461.1   508.0   539.5   575.3   621.6   701.1  1121.2  6408.5 21835.1  36366.4    36406
read      381.6   273.7    93.8   199.4   224.2   351.2   409.2   444.1   469.7   502.4   545.8   624.5   868.4  3271.4  7779.0  99088.6    99121
read      379.9   403.4    86.8   180.6   205.3   339.9   404.4   442.7   470.4   503.8   545.8   624.1   929.2  5400.3 12158.0  80752.6    80708
read      408.4   391.5   101.3   191.5   217.0   361.9   439.5   487.5   522.9   563.0   613.1   703.1  1083.9  3999.7 13858.6  40525.4    40517
read      403.3   245.5    93.8   189.8   214.7   364.1   447.2   495.1   527.5   564.5   612.4   697.3  1050.9  3114.7  6433.0  34117.6    34168
read      410.5   457.0   101.3   187.4   212.0   395.0   451.4   480.9   500.7   525.3   556.8   625.6  1092.5  4318.7 30755.8  11744.8    11754
read      528.2   788.9    93.8   212.3   244.2   404.3   478.7   527.9   570.0   632.7   765.5  1251.4  2695.6  8513.9 31839.6  93195.0    93304
read      453.3   445.0    93.8   193.1   220.4   374.5   462.1   516.6   562.0   626.3   733.7   923.5  1506.3  4882.8 11872.8  64674.4    64697
read      594.6   833.0   101.3   230.9   262.5   414.6   497.2   566.4   639.0   776.3  1043.0  1599.4  3281.3  8429.5 31676.1  92663.8    92626
read      431.0   413.9    93.8   186.4   213.9   367.3   448.0   496.3   533.7   584.6   667.0   848.4  1435.6  4055.7 13973.6  75736.8    75618
read      556.2   674.9    93.8   209.0   240.4   399.5   493.8   577.7   670.6   808.3  1005.8  1358.5  2770.8  7324.8 30564.5  85717.6    85805
read      465.8   737.1    93.8   181.9   208.1   405.6   485.1   524.6   555.9   604.2   684.0   815.6  1547.2  9089.5 35316.0  18919.2    18930
read      517.2   565.1    93.8   197.7   228.0   423.2   536.6   614.7   679.9   761.6   870.4  1070.4  1611.5  6100.6 30241.4  50111.8    50153
read      504.2  1139.1   101.3   189.4   217.3   411.5   490.6   526.7   550.7   582.0   623.8   708.1  3118.8 17497.6 32225.6  10411.4    10377
read      454.9   527.1    86.8   185.3   212.6   394.5   487.1   535.3   571.6   620.7   704.4   860.5  1347.7  6050.2 30715.2  33038.2    33112
read      394.2   257.6    93.8   185.0   210.2   372.2   455.7   493.8   518.0   545.1   581.2   639.9   841.9  3033.6  7920.0  28907.6    28777
read      388.5   282.7    86.8   182.4   208.3   356.0   434.9   479.0   507.6   540.1   580.9   646.1   867.2  2807.5  9605.4  45643.2    45709
read      357.6   214.8    86.8   180.0   204.7   332.2   395.0   431.8   459.6   492.0   532.7   594.1   769.2  1378.2  7320.4  74423.6    74458
read      364.5   201.0    80.4   185.4   209.8   337.3   400.1   437.1   465.6   499.4   542.3   613.9   800.1  1569.6  6643.1  73663.4    73596
read      389.9   265.6    86.8   180.5   206.2   369.0   451.8   489.1   512.3   539.8   575.8   633.1   797.4  2340.3 12583.7  28083.0    28031
read      386.1   261.2    93.8   181.9   208.0   356.8   433.9   476.2   505.1   538.2   580.1   646.1   855.1  2201.1  7872.3  45770.6    45754
read      359.5   210.3    86.8   183.3   208.0   333.7   394.4   429.5   456.2   488.6   531.0   594.7   789.2  1610.6  8692.7  80098.0    80138
read      374.8   213.4    80.4   182.1   208.2   346.7   416.5   457.3   486.8   520.7   563.9   632.2   836.1  1721.9  8487.4  64331.4    64350
read      377.1   223.0    86.8   180.8   206.4   349.9   424.1   465.4   495.1   528.4   569.1   631.8   807.7  1467.0  8816.6  51775.2    51870
read      357.2   192.4    80.4   182.7   207.3   332.8   392.2   427.4   454.2   486.0   527.3   591.2   783.6  1467.0  7880.3  80891.2    81106
read      354.2   200.1    86.8   182.6   207.4   331.4   389.3   423.0   448.5   478.9   517.4   580.3   755.0  1587.1  7937.0  82083.6    82064
read      388.6   254.0    86.8   180.8   206.3   366.4   449.1   488.3   513.0   541.1   576.4   631.7   799.6  2523.7 10900.1  30532.8    30534
read      397.8   263.5    93.8   183.6   209.1   379.8   465.8   501.3   525.6   551.8   587.7   642.2   803.6  2919.0  8623.9  25533.0    25449
read      366.2   214.6    86.8   180.9   205.8   340.3   406.4   445.6   473.7   507.8   549.5   617.3   785.4  1383.6  8396.1  67632.4    67525
read      390.3   214.7    86.8   181.9   207.6   370.7   454.6   492.4   516.5   543.4   580.2   635.9   804.1  1817.5  8827.8  27252.4    27070
read      387.0   282.9    86.8   181.4   207.6   358.8   440.0   482.5   510.8   541.8   581.4   640.8   820.8  2112.1  9100.8  41168.2    41133

Total QPS = 51680.6 (77520928 / 1500.0s)

Total connections = 64
Misses = 0 (0.0%)
Skipped TXs = 0 (0.0%)

RX 19147668722 bytes :   12.2 MB/s
TX          0 bytes :    0.0 MB/s
Warning! Detected max cpu usage > 95%
CPU Usage Stats (avg/min/max): 99.95%,46.39%,100.00%