0.0, 0.0, 0.0, 0.0, 1652914862.7787
0.0, 2.0, 0.0, 0.0, 1652914863.2796807
0.0, 2.0, 0.0, 3.9, 1652914863.7806258
0.0, 2.0, 0.0, 0.0, 1652914864.2815602
2.0, 0.0, 2.0, 0.0, 1652914864.782529
0.0, 2.0, 0.0, 0.0, 1652914865.2834392
0.0, 0.0, 2.0, 0.0, 1652914865.784384
0.0, 0.0, 2.0, 0.0, 1652914866.2853298
2.0, 0.0, 0.0, 0.0, 1652914866.786329
0.0, 2.0, 0.0, 2.0, 1652914867.2873106
0.0, 0.0, 0.0, 0.0, 1652914867.7883198
2.0, 2.0, 0.0, 2.0, 1652914868.28925
0.0, 0.0, 0.0, 0.0, 1652914868.7901895
2.0, 2.0, 4.0, 2.0, 1652914869.291122
2.1, 0.0, 0.0, 2.1, 1652914869.7921088
0.0, 0.0, 0.0, 0.0, 1652914870.2931056
0.0, 2.1, 0.0, 0.0, 1652914870.7940552
4.2, 0.0, 0.0, 2.2, 1652914871.2949724
2.1, 6.3, 2.1, 0.0, 1652914871.7959113
0.0, 0.0, 0.0, 2.0, 1652914872.2968433
2.1, 0.0, 0.0, 0.0, 1652914872.797793
0.0, 0.0, 0.0, 0.0, 1652914873.2987018
2.1, 4.2, 2.0, 0.0, 1652914873.79965
2.1, 4.2, 2.0, 2.0, 1652914874.3005793
2.0, 2.0, 0.0, 2.0, 1652914874.8015728
2.0, 0.0, 0.0, 0.0, 1652914875.3025575
0.0, 0.0, 2.0, 0.0, 1652914875.8034918
0.0, 4.1, 0.0, 0.0, 1652914876.304518
0.0, 0.0, 0.0, 0.0, 1652914876.8055358
4.3, 0.0, 4.1, 0.0, 1652914877.306415
2.2, 0.0, 0.0, 2.1, 1652914877.8073704
0.0, 2.2, 0.0, 0.0, 1652914878.308344
2.2, 2.2, 2.0, 2.1, 1652914878.8093348
2.2, 2.2, 0.0, 4.1, 1652914879.310288
0.0, 0.0, 2.1, 0.0, 1652914879.8112857
0.0, 0.0, 0.0, 0.0, 1652914880.3117537
0.0, 4.3, 2.1, 2.2, 1652914880.8128836
6.1, 2.1, 0.0, 2.1, 1652914881.3138895
0.0, 0.0, 3.9, 2.0, 1652914881.814819
0.0, 0.0, 0.0, 0.0, 1652914882.3157837
0.0, 0.0, 0.0, 2.0, 1652914882.816693
0.0, 0.0, 0.0, 0.0, 1652914883.3176596
0.0, 0.0, 2.1, 4.3, 1652914883.8186617
2.3, 4.5, 0.0, 2.2, 1652914884.319586
0.0, 0.0, 0.0, 2.1, 1652914884.8208952
6.4, 2.3, 2.1, 0.0, 1652914885.3219025
0.0, 0.0, 0.0, 0.0, 1652914885.822922
2.3, 2.3, 2.1, 6.3, 1652914886.3238347
0.0, 0.0, 2.1, 0.0, 1652914886.8249578
4.4, 6.7, 2.2, 6.3, 1652914887.3259223
2.3, 0.0, 0.0, 2.1, 1652914887.826852
2.0, 0.0, 0.0, 0.0, 1652914888.3278008
0.0, 0.0, 0.0, 0.0, 1652914888.828797
0.0, 0.0, 0.0, 2.0, 1652914889.3298092
2.1, 0.0, 0.0, 0.0, 1652914889.83076
8.9, 6.8, 2.2, 0.0, 1652914890.3316846
2.4, 0.0, 0.0, 2.3, 1652914890.8329334
2.3, 0.0, 2.2, 2.2, 1652914891.3339827
0.0, 2.4, 4.3, 4.3, 1652914891.8348794
4.5, 4.5, 2.2, 0.0, 1652914892.3357947
2.3, 0.0, 0.0, 0.0, 1652914892.8367574
4.7, 0.0, 0.0, 0.0, 1652914893.3377428
2.4, 0.0, 2.2, 2.2, 1652914893.8386774
6.8, 4.7, 2.2, 2.2, 1652914894.3396106
2.2, 4.3, 0.0, 2.1, 1652914894.8405573
0.0, 0.0, 0.0, 0.0, 1652914895.3415632
0.0, 0.0, 0.0, 2.0, 1652914895.8425236
0.0, 0.0, 0.0, 0.0, 1652914896.3434556
4.5, 10.6, 0.0, 2.1, 1652914896.8444626
17.4, 7.1, 6.5, 6.2, 1652914897.3455648
11.4, 11.4, 10.2, 0.0, 1652914897.8465889
9.3, 11.1, 4.3, 2.1, 1652914898.347505
9.5, 11.4, 6.2, 0.0, 1652914898.8486643
17.0, 13.0, 4.3, 2.2, 1652914899.3497744
13.3, 7.1, 0.0, 4.2, 1652914899.8507133
13.6, 11.1, 2.2, 2.2, 1652914900.351804
9.3, 15.2, 4.3, 2.3, 1652914900.8529944
15.6, 11.4, 6.3, 6.7, 1652914901.3540738
6.0, 2.1, 4.1, 0.0, 1652914901.855003
0.0, 0.0, 0.0, 0.0, 1652914902.3559573
0.0, 0.0, 0.0, 2.0, 1652914902.8569183
6.0, 4.1, 0.0, 5.8, 1652914903.3579795
24.0, 17.4, 4.5, 4.4, 1652914903.85895
11.6, 13.6, 14.3, 8.7, 1652914904.3599072
15.6, 15.6, 6.7, 4.3, 1652914904.8613014
20.8, 17.0, 6.5, 4.4, 1652914905.362242
17.4, 14.0, 4.5, 4.4, 1652914905.8631816
15.6, 20.8, 6.5, 4.5, 1652914906.3640885
15.2, 15.2, 4.4, 4.3, 1652914906.8653293
13.6, 17.4, 8.7, 6.5, 1652914907.3663
19.1, 20.4, 8.9, 2.3, 1652914907.867239
16.7, 14.6, 2.2, 4.3, 1652914908.368184
2.0, 0.0, 0.0, 0.0, 1652914908.8691552
0.0, 2.0, 3.8, 0.0, 1652914909.3701367
0.0, 0.0, 0.0, 3.9, 1652914909.871115
14.9, 13.0, 8.7, 4.3, 1652914910.372237
24.5, 32.1, 16.7, 11.4, 1652914910.8735251
29.4, 29.4, 16.7, 12.2, 1652914911.374627
33.3, 30.8, 11.1, 8.7, 1652914911.8755455
27.5, 28.8, 12.8, 6.4, 1652914912.3766987
24.5, 24.5, 11.1, 4.3, 1652914912.8779438
29.4, 31.5, 12.8, 4.4, 1652914913.3788702
32.7, 25.0, 14.6, 4.5, 1652914913.8798232
29.4, 35.7, 23.1, 14.0, 1652914914.38095
22.9, 30.2, 8.9, 6.4, 1652914914.8820698
13.5, 12.0, 2.1, 4.1, 1652914915.3829966
2.0, 2.0, 0.0, 0.0, 1652914915.8839638
0.0, 0.0, 0.0, 0.0, 1652914916.3848855
6.0, 6.0, 0.0, 2.0, 1652914916.8860033
38.2, 34.0, 15.7, 13.0, 1652914917.3869803
39.3, 35.8, 10.6, 15.2, 1652914917.8879378
37.5, 40.7, 10.4, 8.9, 1652914918.3891647
36.4, 39.0, 14.0, 14.9, 1652914918.8900318
40.7, 39.3, 12.2, 18.8, 1652914919.3909314
38.6, 39.7, 6.5, 18.7, 1652914919.8918533
39.3, 32.1, 12.2, 17.0, 1652914920.3929322
40.7, 39.3, 10.4, 14.0, 1652914920.894029
39.7, 41.7, 10.4, 17.0, 1652914921.394964
33.3, 30.8, 14.3, 20.0, 1652914921.8958933
2.0, 0.0, 0.0, 0.0, 1652914922.396791
0.0, 0.0, 0.0, 0.0, 1652914922.897783
0.0, 0.0, 0.0, 0.0, 1652914923.3987067
26.4, 30.9, 4.3, 4.3, 1652914923.8996136
41.1, 49.2, 20.0, 17.6, 1652914924.4006097
46.9, 50.8, 10.9, 12.5, 1652914924.9017491
42.1, 50.8, 10.9, 10.6, 1652914925.4027708
44.3, 51.5, 16.3, 14.3, 1652914925.9036617
45.9, 50.0, 14.6, 8.7, 1652914926.4046764
45.0, 49.2, 14.6, 10.6, 1652914926.905894
45.0, 52.3, 16.7, 12.5, 1652914927.406931
41.4, 49.2, 12.8, 6.7, 1652914927.9078531
44.3, 48.4, 14.6, 12.2, 1652914928.4090908
18.9, 24.6, 6.0, 4.3, 1652914928.910344
0.0, 0.0, 0.0, 0.0, 1652914929.4113302
2.0, 0.0, 0.0, 2.0, 1652914929.9122891
3.9, 2.0, 0.0, 2.0, 1652914930.4133902
44.8, 49.2, 11.4, 20.0, 1652914930.9145796
50.0, 55.2, 13.3, 9.8, 1652914931.4155183
50.0, 54.4, 18.8, 11.6, 1652914931.916461
45.8, 50.0, 18.7, 14.9, 1652914932.4179263
47.6, 50.8, 14.9, 8.9, 1652914932.918868
48.4, 51.5, 18.4, 12.8, 1652914933.4197743
49.2, 52.3, 17.0, 16.7, 1652914933.920813
48.4, 54.3, 16.7, 12.8, 1652914934.4220262
48.4, 52.3, 17.0, 9.1, 1652914934.9229715
50.0, 50.8, 13.0, 8.9, 1652914935.4239168
3.9, 3.9, 0.0, 0.0, 1652914935.9248865
0.0, 2.0, 2.0, 0.0, 1652914936.4258437
0.0, 0.0, 2.0, 2.0, 1652914936.9268253
27.8, 29.8, 4.4, 6.7, 1652914937.4277356
50.8, 46.6, 15.9, 17.0, 1652914937.9287724
56.1, 50.8, 13.3, 7.1, 1652914938.4298418
56.1, 47.5, 17.8, 13.6, 1652914938.9310129
57.4, 50.8, 22.9, 22.9, 1652914939.432079
56.1, 50.8, 19.6, 15.6, 1652914939.9331787
50.8, 45.0, 15.2, 14.0, 1652914940.434334
56.7, 50.8, 15.2, 17.8, 1652914940.9352748
58.3, 53.0, 17.4, 20.8, 1652914941.43619
54.7, 50.8, 17.8, 11.6, 1652914941.9366105
31.0, 29.8, 12.0, 13.7, 1652914942.43784
0.0, 0.0, 0.0, 0.0, 1652914942.938796
0.0, 0.0, 2.0, 0.0, 1652914943.4397554
0.0, 2.0, 2.0, 3.9, 1652914943.940721
50.0, 56.7, 21.3, 22.4, 1652914944.4418118
46.7, 61.1, 15.9, 9.5, 1652914944.9429946
53.7, 60.9, 22.9, 20.0, 1652914945.4441411
53.1, 60.3, 21.3, 16.7, 1652914945.9456573
52.3, 63.9, 26.5, 16.7, 1652914946.4469376
50.8, 58.8, 17.8, 15.6, 1652914946.9479196
50.0, 61.4, 25.0, 15.9, 1652914947.4493606
49.2, 60.3, 25.0, 21.3, 1652914947.950536
55.7, 58.2, 21.3, 13.6, 1652914948.4514809
50.8, 59.4, 24.5, 9.5, 1652914948.9523928
4.0, 4.0, 0.0, 3.9, 1652914949.45332
0.0, 2.0, 0.0, 0.0, 1652914949.9542518
0.0, 2.0, 0.0, 0.0, 1652914950.4553056
25.9, 26.8, 2.2, 2.4, 1652914950.9562268
63.8, 55.6, 19.6, 19.0, 1652914951.4576101
62.7, 59.7, 26.0, 19.0, 1652914951.9593964
62.5, 56.1, 14.0, 14.6, 1652914952.4603934
61.2, 57.6, 15.2, 18.6, 1652914952.9619665
61.1, 58.0, 15.2, 11.9, 1652914953.4630287
62.0, 58.0, 13.3, 12.2, 1652914953.9639745
61.6, 53.0, 15.2, 21.7, 1652914954.464945
60.3, 57.4, 15.2, 14.0, 1652914954.9661813
56.7, 53.1, 13.0, 9.8, 1652914955.4672227
41.9, 38.7, 10.4, 18.0, 1652914955.9681752
0.0, 0.0, 2.0, 0.0, 1652914956.4691205
2.0, 0.0, 0.0, 2.0, 1652914956.9700441
0.0, 2.0, 2.0, 0.0, 1652914957.4710155
58.7, 54.7, 15.2, 11.1, 1652914957.9719884
60.0, 58.8, 4.8, 7.0, 1652914958.473236
62.0, 57.6, 14.9, 15.2, 1652914958.9744043
63.2, 61.8, 18.8, 18.4, 1652914959.475419
63.8, 58.8, 11.4, 13.0, 1652914959.976479
63.0, 57.4, 14.9, 13.0, 1652914960.4775224
59.4, 56.9, 12.8, 14.0, 1652914960.9788144
61.4, 57.4, 14.9, 11.6, 1652914961.4801295
60.3, 56.1, 17.4, 14.9, 1652914961.9812467
62.0, 56.1, 14.9, 9.1, 1652914962.482406
11.3, 9.6, 4.0, 0.0, 1652914962.9834142
0.0, 0.0, 0.0, 2.0, 1652914963.4843872
0.0, 0.0, 2.0, 0.0, 1652914963.9853063
30.4, 22.6, 12.0, 6.3, 1652914964.4863586
64.6, 60.6, 11.9, 11.6, 1652914964.987534
59.7, 55.7, 11.6, 9.5, 1652914965.4885504
62.1, 58.5, 19.6, 11.6, 1652914965.9898214
59.7, 56.1, 11.1, 9.3, 1652914966.490958
63.2, 58.2, 15.6, 7.0, 1652914966.9919648
61.4, 53.2, 13.0, 13.3, 1652914967.493045
61.8, 58.5, 13.6, 11.4, 1652914967.9940627
64.3, 58.8, 13.3, 13.0, 1652914968.495125
62.3, 61.4, 17.0, 13.3, 1652914968.9960756
44.3, 41.9, 10.6, 6.5, 1652914969.4970315
0.0, 0.0, 3.8, 0.0, 1652914969.9980223
0.0, 0.0, 0.0, 0.0, 1652914970.498976
0.0, 2.0, 0.0, 0.0, 1652914970.999924
55.6, 54.8, 7.9, 11.9, 1652914971.501002
64.6, 64.2, 26.7, 20.5, 1652914972.0025015
61.8, 64.3, 18.6, 18.2, 1652914972.503617
61.8, 61.2, 16.3, 9.8, 1652914973.0045536
66.2, 63.2, 14.0, 9.5, 1652914973.5058908
64.8, 62.1, 20.9, 12.2, 1652914974.0068817
63.2, 61.2, 23.4, 17.4, 1652914974.5078828
61.8, 62.3, 18.2, 24.0, 1652914975.008928
60.9, 58.7, 15.9, 14.0, 1652914975.5101938
62.1, 61.8, 25.5, 20.5, 1652914976.0112305
14.8, 13.2, 5.9, 4.2, 1652914976.5121787
2.0, 0.0, 0.0, 0.0, 1652914977.013134
2.0, 2.0, 0.0, 2.0, 1652914977.5141108
24.1, 23.1, 8.3, 2.1, 1652914978.0152457
65.1, 62.3, 15.4, 15.6, 1652914978.516329
65.2, 62.7, 20.5, 19.6, 1652914979.017478
63.2, 63.1, 22.2, 15.2, 1652914979.5187747
63.1, 64.2, 20.5, 15.2, 1652914980.019555
63.5, 63.1, 14.6, 19.6, 1652914980.5204577
63.5, 63.1, 20.5, 13.6, 1652914981.0216732
61.3, 62.5, 18.6, 15.2, 1652914981.5229464
60.9, 63.2, 12.2, 9.3, 1652914982.0237696
63.1, 64.1, 20.9, 20.8, 1652914982.5246994
47.5, 46.8, 14.9, 8.7, 1652914983.0256004
0.0, 0.0, 0.0, 2.0, 1652914983.5265422
0.0, 0.0, 2.0, 0.0, 1652914984.0274596
0.0, 2.0, 0.0, 2.0, 1652914984.528385
52.6, 53.6, 5.0, 2.6, 1652914985.029512
64.1, 63.1, 11.9, 11.6, 1652914985.5307658
65.7, 65.6, 20.0, 12.5, 1652914986.0318425
62.9, 65.1, 16.3, 16.3, 1652914986.5327654
62.3, 61.3, 14.0, 14.0, 1652914987.0339813
62.9, 64.1, 20.5, 14.0, 1652914987.535103
61.9, 61.3, 16.3, 18.6, 1652914988.0362382
63.6, 64.1, 9.8, 14.0, 1652914988.537436
62.3, 63.3, 23.4, 18.2, 1652914989.0387187
65.6, 64.1, 23.4, 25.0, 1652914989.5396788
18.5, 13.7, 0.0, 2.1, 1652914990.040132
2.0, 2.0, 2.0, 2.1, 1652914990.5405962
0.0, 0.0, 2.0, 2.1, 1652914991.0417452
20.0, 20.0, 2.2, 8.7, 1652914991.5426154
68.3, 67.8, 14.6, 20.9, 1652914992.0440128
68.9, 70.3, 14.0, 18.2, 1652914992.5454025
65.0, 63.8, 7.5, 15.9, 1652914993.0466166
63.2, 62.5, 15.9, 9.8, 1652914993.5477614
66.1, 67.7, 15.9, 12.2, 1652914994.0486395
67.2, 64.9, 14.0, 20.5, 1652914994.549706
65.0, 67.2, 9.8, 14.0, 1652914995.0507255
63.2, 62.5, 14.0, 9.8, 1652914995.551853
63.6, 66.1, 11.9, 16.3, 1652914996.052925
48.1, 50.9, 13.0, 7.1, 1652914996.5539808
0.0, 0.0, 2.0, 0.0, 1652914997.0549314
2.0, 0.0, 2.0, 2.0, 1652914997.5559003
2.0, 0.0, 0.0, 3.9, 1652914998.0568233
49.1, 49.1, 11.6, 12.8, 1652914998.5579374
63.0, 64.9, 20.9, 9.8, 1652914999.0589502
66.1, 64.9, 17.1, 15.6, 1652914999.5601566
66.1, 66.1, 12.8, 11.6, 1652915000.0612872
64.3, 63.6, 10.5, 10.0, 1652915000.5621135
65.5, 67.2, 10.3, 10.3, 1652915001.0633116
69.4, 67.7, 17.1, 13.6, 1652915001.5644476
66.1, 66.7, 15.0, 9.5, 1652915002.0657556
66.7, 66.7, 19.0, 17.8, 1652915002.567217
66.7, 66.1, 10.3, 5.0, 1652915003.0684123
16.0, 16.0, 2.1, 0.0, 1652915003.569494
2.0, 2.0, 0.0, 0.0, 1652915004.0704324
3.9, 2.0, 2.0, 2.0, 1652915004.5713863
16.0, 14.3, 4.2, 2.1, 1652915005.0723407
73.8, 71.2, 12.8, 15.4, 1652915005.5736504
72.1, 68.3, 17.1, 19.5, 1652915006.0747564
72.9, 70.2, 8.1, 13.2, 1652915006.5758064
71.7, 68.3, 16.7, 16.7, 1652915007.0781841
73.8, 71.7, 19.5, 16.7, 1652915007.5794644
72.1, 68.3, 12.8, 12.5, 1652915008.0804677
73.0, 69.4, 12.5, 5.3, 1652915008.5817583
72.1, 71.7, 10.5, 10.3, 1652915009.08297
70.5, 66.7, 14.6, 14.3, 1652915009.5840144
58.6, 54.4, 9.8, 9.5, 1652915010.084996
0.0, 0.0, 0.0, 2.0, 1652915010.585966
2.0, 0.0, 2.0, 2.0, 1652915011.0869246
0.0, 0.0, 0.0, 0.0, 1652915011.5878816
54.4, 54.4, 7.7, 7.7, 1652915012.0888124
72.6, 72.1, 20.5, 15.4, 1652915012.5903249
69.8, 67.2, 15.8, 15.4, 1652915013.091604
68.3, 71.0, 11.1, 10.8, 1652915013.5928032
66.1, 66.1, 22.0, 17.1, 1652915014.094183
70.0, 70.0, 20.5, 27.3, 1652915014.5956235
71.4, 70.5, 11.1, 8.3, 1652915015.0967147
70.5, 71.9, 17.9, 15.0, 1652915015.5982468
70.3, 71.0, 20.0, 22.0, 1652915016.0996044
72.1, 71.0, 22.0, 11.1, 1652915016.6007187
25.9, 26.4, 2.3, 4.3, 1652915017.101742
0.0, 0.0, 2.0, 0.0, 1652915017.602695
2.0, 2.0, 2.0, 2.0, 1652915018.1036172
13.7, 13.5, 0.0, 0.0, 1652915018.6046207
72.9, 72.9, 20.6, 15.6, 1652915019.1058276
72.3, 73.0, 20.0, 11.6, 1652915019.6069486
73.0, 73.0, 17.6, 11.9, 1652915020.1079562
76.9, 76.2, 18.8, 9.8, 1652915020.6090252
72.6, 73.3, 20.0, 12.5, 1652915021.1101942
73.8, 72.1, 18.2, 16.7, 1652915021.611279
73.8, 74.6, 22.9, 13.6, 1652915022.112438
73.8, 71.4, 24.3, 15.2, 1652915022.613663
71.4, 73.0, 23.7, 9.3, 1652915023.1148133
63.3, 63.9, 18.4, 4.7, 1652915023.6160576
2.0, 2.0, 2.0, 0.0, 1652915024.1170015
2.0, 0.0, 0.0, 2.0, 1652915024.6179314
0.0, 0.0, 0.0, 0.0, 1652915025.1188357
52.6, 53.6, 7.0, 7.5, 1652915025.6199367
75.8, 75.0, 24.4, 25.6, 1652915026.1209862
74.2, 77.0, 10.0, 23.1, 1652915026.6224942
75.8, 75.4, 20.9, 25.6, 1652915027.1251016
74.6, 76.6, 18.2, 16.2, 1652915027.6262238
76.2, 76.7, 16.7, 25.6, 1652915028.1277564
75.4, 77.0, 7.7, 16.7, 1652915028.6290514
76.2, 75.4, 16.3, 21.1, 1652915029.1303763
74.2, 77.0, 20.5, 21.1, 1652915029.6316695
75.4, 76.7, 14.3, 16.7, 1652915030.1327384
29.6, 30.2, 2.2, 6.8, 1652915030.6338162
2.0, 2.0, 0.0, 0.0, 1652915031.1347458
0.0, 0.0, 0.0, 0.0, 1652915031.6357086
0.0, 0.0, 0.0, 0.0, 1652915032.136649
0.0, 2.0, 2.0, 2.0, 1652915032.6375895
0.0, 0.0, 0.0, 2.0, 1652915033.1385503