0.0, 0.0, 0.0, 0.0, 1652915244.6403317
2.0, 2.0, 0.0, 0.0, 1652915245.141245
2.0, 0.0, 3.9, 2.1, 1652915245.6421666
0.0, 0.0, 0.0, 0.0, 1652915246.1431181
2.0, 2.0, 0.0, 0.0, 1652915246.6440952
0.0, 0.0, 2.0, 0.0, 1652915247.1450171
2.0, 0.0, 0.0, 7.5, 1652915247.6459718
2.0, 4.0, 2.0, 2.0, 1652915248.1468844
0.0, 0.0, 0.0, 2.0, 1652915248.6478295
0.0, 0.0, 0.0, 0.0, 1652915249.1487303
2.0, 0.0, 0.0, 0.0, 1652915249.6496437
0.0, 4.1, 2.0, 2.0, 1652915250.1507351
2.1, 2.1, 0.0, 0.0, 1652915250.6516767
0.0, 0.0, 0.0, 0.0, 1652915251.1525867
0.0, 2.1, 0.0, 0.0, 1652915251.653504
2.1, 0.0, 0.0, 2.0, 1652915252.154001
0.0, 0.0, 0.0, 0.0, 1652915252.6549695
2.1, 0.0, 2.1, 4.0, 1652915253.1559222
0.0, 0.0, 2.0, 0.0, 1652915253.6568325
0.0, 2.1, 2.0, 0.0, 1652915254.1577566
2.1, 0.0, 2.0, 0.0, 1652915254.6587002
3.8, 2.0, 0.0, 2.0, 1652915255.1596582
0.0, 2.0, 0.0, 0.0, 1652915255.6605575
0.0, 0.0, 0.0, 2.0, 1652915256.1614983
0.0, 2.2, 0.0, 2.1, 1652915256.6620092
0.0, 0.0, 0.0, 0.0, 1652915257.1630347
2.2, 0.0, 4.1, 2.1, 1652915257.6639674
2.2, 2.2, 2.1, 4.2, 1652915258.1649945
0.0, 0.0, 0.0, 2.1, 1652915258.665965
0.0, 0.0, 4.1, 0.0, 1652915259.1667292
0.0, 0.0, 0.0, 4.1, 1652915259.6676567
0.0, 2.2, 0.0, 0.0, 1652915260.1685905
2.2, 4.3, 0.0, 4.3, 1652915260.6697652
0.0, 0.0, 4.1, 0.0, 1652915261.1707625
0.0, 2.1, 2.0, 0.0, 1652915261.6717515
2.0, 0.0, 0.0, 0.0, 1652915262.17275
0.0, 0.0, 0.0, 2.0, 1652915262.6737318
0.0, 0.0, 2.0, 4.0, 1652915263.1748633
0.0, 2.3, 0.0, 0.0, 1652915263.675777
0.0, 2.3, 2.1, 0.0, 1652915264.1767137
0.0, 4.5, 2.2, 0.0, 1652915264.6776237
2.2, 0.0, 0.0, 2.1, 1652915265.1787927
2.2, 4.4, 0.0, 0.0, 1652915265.679765
2.2, 0.0, 0.0, 0.0, 1652915266.180704
2.2, 0.0, 0.0, 0.0, 1652915266.6816514
0.0, 0.0, 0.0, 0.0, 1652915267.1829169
2.3, 4.4, 4.3, 2.2, 1652915267.6839874
4.2, 2.2, 0.0, 0.0, 1652915268.1849582
0.0, 0.0, 0.0, 3.8, 1652915268.6859407
0.0, 0.0, 2.0, 0.0, 1652915269.1869073
0.0, 0.0, 0.0, 0.0, 1652915269.687872
0.0, 2.2, 2.1, 2.2, 1652915270.1887856
2.4, 2.4, 0.0, 6.7, 1652915270.689719
0.0, 0.0, 0.0, 0.0, 1652915271.1909275
2.3, 2.4, 0.0, 0.0, 1652915271.6918926
0.0, 2.4, 2.2, 2.2, 1652915272.1928165
0.0, 0.0, 0.0, 0.0, 1652915272.6937582
2.3, 0.0, 2.2, 2.2, 1652915273.194871
0.0, 2.4, 2.2, 0.0, 1652915273.6958215
2.3, 4.7, 2.2, 8.3, 1652915274.1967378
2.3, 25.5, 10.0, 13.5, 1652915274.6978533
7.8, 13.2, 9.4, 11.1, 1652915275.1988504
0.0, 0.0, 0.0, 0.0, 1652915275.699788
3.9, 0.0, 2.0, 0.0, 1652915276.20076
9.4, 9.3, 2.0, 2.1, 1652915276.701932
45.2, 47.2, 15.1, 16.7, 1652915277.2028968
51.2, 51.9, 18.5, 29.0, 1652915277.7038803
53.0, 54.8, 17.0, 17.0, 1652915278.2048197
54.7, 54.1, 10.2, 11.8, 1652915278.7059698
54.0, 54.2, 10.2, 8.5, 1652915279.2071464
55.7, 54.7, 10.2, 8.2, 1652915279.7080708
53.5, 54.8, 8.3, 13.7, 1652915280.2090092
54.7, 54.1, 6.4, 16.3, 1652915280.7101767
54.0, 54.1, 8.3, 8.3, 1652915281.2113512
49.4, 50.0, 4.3, 6.3, 1652915281.7122757
2.0, 0.0, 0.0, 2.0, 1652915282.2132232
2.0, 0.0, 0.0, 0.0, 1652915282.7141383
2.0, 0.0, 2.0, 0.0, 1652915283.215087
32.8, 34.4, 2.1, 0.0, 1652915283.7160015
51.9, 51.9, 12.2, 15.7, 1652915284.2169003
45.8, 48.6, 10.6, 16.0, 1652915284.718164
43.3, 48.6, 14.3, 17.3, 1652915285.2192664
38.1, 44.9, 12.2, 15.7, 1652915285.7201788
40.9, 46.4, 15.7, 20.8, 1652915286.2210908
33.9, 45.7, 17.3, 18.9, 1652915286.7220883
37.1, 39.7, 17.3, 17.3, 1652915287.2230983
30.4, 41.3, 17.6, 20.8, 1652915287.7240324
40.0, 41.5, 8.3, 15.7, 1652915288.2249591
21.1, 25.4, 9.8, 16.4, 1652915288.72591
0.0, 0.0, 0.0, 0.0, 1652915289.2269008
2.0, 2.0, 0.0, 0.0, 1652915289.7278564
4.0, 4.0, 5.9, 2.0, 1652915290.2287693
44.9, 52.0, 25.5, 25.0, 1652915290.7302492
50.7, 55.1, 28.1, 29.1, 1652915291.2310565
49.3, 54.4, 19.2, 25.0, 1652915291.732018
51.3, 56.1, 24.1, 20.4, 1652915292.2329288
50.6, 54.4, 23.6, 19.2, 1652915292.7341492
51.9, 54.4, 25.9, 29.3, 1652915293.2351823
52.5, 54.5, 22.2, 22.2, 1652915293.7361174
52.6, 54.4, 25.5, 19.2, 1652915294.2370255
51.9, 54.3, 22.6, 22.2, 1652915294.7382812
50.0, 51.3, 19.2, 15.7, 1652915295.23928
0.0, 2.0, 0.0, 2.0, 1652915295.7397742
0.0, 2.0, 0.0, 0.0, 1652915296.240774
0.0, 0.0, 0.0, 0.0, 1652915296.7417147
35.4, 39.4, 4.3, 4.3, 1652915297.2427065
55.3, 57.7, 11.4, 20.0, 1652915297.743789
50.0, 57.7, 12.8, 10.4, 1652915298.2447548
49.3, 56.4, 12.8, 12.5, 1652915298.746043
48.6, 54.7, 6.8, 10.6, 1652915299.24713
47.1, 55.4, 6.8, 12.5, 1652915299.748114
45.6, 51.4, 10.9, 12.5, 1652915300.2491872
47.0, 55.4, 7.0, 14.9, 1652915300.7504392
42.2, 50.0, 8.9, 17.6, 1652915301.2513824
44.4, 52.9, 10.9, 16.3, 1652915301.751888
21.4, 30.0, 4.2, 4.1, 1652915302.2528148
0.0, 0.0, 0.0, 2.0, 1652915302.7538164
2.0, 3.9, 3.9, 3.9, 1652915303.2547753
3.9, 2.0, 4.0, 2.0, 1652915303.7557006
47.6, 54.3, 10.9, 16.7, 1652915304.256751
51.4, 53.6, 16.0, 18.4, 1652915304.7579367
50.7, 52.2, 14.6, 18.4, 1652915305.2589939
48.4, 57.9, 14.3, 28.8, 1652915305.7599714
55.4, 54.3, 8.9, 23.5, 1652915306.2611525
52.1, 55.6, 14.6, 22.0, 1652915306.7642746
49.2, 55.6, 6.7, 18.4, 1652915307.2654998
50.7, 57.3, 18.4, 22.0, 1652915307.7661095
52.1, 53.5, 14.6, 16.3, 1652915308.2672794
50.7, 54.2, 14.3, 16.3, 1652915308.7682798
2.0, 0.0, 0.0, 0.0, 1652915309.2692132
0.0, 0.0, 0.0, 3.9, 1652915309.7701674
0.0, 2.0, 0.0, 0.0, 1652915310.2711403
31.0, 35.0, 14.0, 9.1, 1652915310.7720892
56.3, 57.1, 9.3, 17.0, 1652915311.2735505
52.9, 53.6, 15.2, 17.0, 1652915311.7747674
51.5, 55.7, 4.8, 12.8, 1652915312.275693
50.8, 53.7, 2.4, 9.1, 1652915312.776647
55.1, 55.9, 17.0, 20.4, 1652915313.2779903
52.2, 52.9, 11.4, 9.3, 1652915313.7790525
48.4, 53.0, 13.0, 18.4, 1652915314.2799869
49.2, 50.0, 11.1, 9.1, 1652915314.780985
48.3, 50.8, 9.1, 14.9, 1652915315.2821488
24.1, 28.6, 6.4, 4.3, 1652915315.783136
0.0, 2.0, 3.8, 0.0, 1652915316.2842634
0.0, 0.0, 0.0, 2.0, 1652915316.785247
0.0, 0.0, 0.0, 0.0, 1652915317.2861822
45.8, 50.0, 20.0, 26.0, 1652915317.7871454
50.0, 53.8, 11.9, 13.0, 1652915318.2880845
49.2, 56.7, 15.9, 18.7, 1652915318.7891495
49.2, 50.8, 7.1, 15.2, 1652915319.2902787
50.8, 54.5, 21.3, 20.8, 1652915319.791294
47.5, 54.7, 14.0, 14.9, 1652915320.292253
48.4, 56.1, 19.6, 16.3, 1652915320.7935812
50.0, 55.9, 15.6, 21.3, 1652915321.2947106
48.3, 49.2, 13.6, 12.2, 1652915321.7958086
50.8, 53.8, 15.6, 16.7, 1652915322.2969973
0.0, 0.0, 2.0, 2.0, 1652915322.798022
2.0, 2.0, 0.0, 3.9, 1652915323.2989397
2.0, 0.0, 2.0, 3.9, 1652915323.7998986
22.6, 21.2, 4.3, 2.1, 1652915324.3011491
54.7, 52.5, 11.9, 17.4, 1652915324.8024218
56.9, 55.6, 19.6, 17.0, 1652915325.3033667
52.5, 49.1, 14.0, 20.8, 1652915325.8044116
51.7, 46.4, 13.6, 15.2, 1652915326.3058918
51.7, 51.7, 15.6, 15.2, 1652915326.807059
54.8, 52.5, 7.5, 11.4, 1652915327.3079815
55.0, 52.5, 15.9, 20.8, 1652915327.8091168
49.1, 49.2, 5.0, 12.8, 1652915328.3100345
50.8, 45.3, 11.4, 11.4, 1652915328.8110456
26.9, 24.0, 2.2, 4.3, 1652915329.3119776
2.0, 2.0, 2.0, 0.0, 1652915329.8129077
2.0, 2.0, 0.0, 2.0, 1652915330.3134365
0.0, 2.0, 0.0, 0.0, 1652915330.8146935
47.5, 45.5, 9.3, 14.0, 1652915331.3156497
45.1, 50.9, 16.3, 25.5, 1652915331.8172123
45.3, 50.9, 5.0, 16.3, 1652915332.318412
48.2, 50.9, 13.6, 16.3, 1652915332.819358
50.0, 51.8, 11.9, 16.3, 1652915333.3204718
46.3, 50.0, 17.8, 20.0, 1652915333.8218503
46.3, 50.0, 11.4, 13.6, 1652915334.3230088
40.4, 46.2, 9.5, 15.6, 1652915334.8239563
47.3, 47.2, 11.6, 17.8, 1652915335.325079
45.5, 48.1, 13.3, 19.0, 1652915335.826118
2.1, 6.0, 2.0, 4.1, 1652915336.327192
0.0, 0.0, 0.0, 2.0, 1652915336.828144
0.0, 0.0, 0.0, 0.0, 1652915337.3290708
17.6, 16.3, 12.2, 6.3, 1652915337.8300936
50.0, 53.7, 7.9, 6.7, 1652915338.3312066
49.1, 51.9, 12.5, 9.1, 1652915338.8322499
47.2, 50.0, 16.3, 10.6, 1652915339.333432
46.0, 49.1, 20.5, 22.0, 1652915339.8340194
42.0, 48.1, 12.2, 12.8, 1652915340.3350587
44.0, 47.1, 14.3, 13.3, 1652915340.8362248
44.2, 41.7, 7.3, 8.5, 1652915341.3374119
40.8, 48.1, 18.6, 10.6, 1652915341.8384748
42.0, 44.9, 2.6, 4.4, 1652915342.3394887
25.0, 32.7, 0.0, 0.0, 1652915342.840456
0.0, 0.0, 0.0, 3.9, 1652915343.3414218
2.0, 2.0, 0.0, 0.0, 1652915343.8423486
0.0, 2.0, 2.0, 2.0, 1652915344.3432722
37.5, 42.0, 7.1, 8.9, 1652915344.8443937
48.1, 50.9, 13.6, 9.1, 1652915345.3454723
46.8, 50.0, 14.3, 11.4, 1652915345.8463883
39.1, 47.1, 7.1, 6.8, 1652915346.3475728
40.4, 45.8, 7.3, 9.1, 1652915346.8486834
45.1, 44.7, 2.5, 10.6, 1652915347.3499038
45.7, 48.9, 13.6, 13.3, 1652915347.8509233
43.7, 47.1, 7.3, 6.8, 1652915348.351997
36.4, 44.7, 11.4, 8.9, 1652915348.8530219
41.3, 43.2, 9.5, 7.0, 1652915349.354031
8.2, 8.2, 0.0, 2.1, 1652915349.854962
2.0, 0.0, 0.0, 2.0, 1652915350.3559625
0.0, 2.0, 2.0, 0.0, 1652915350.8569622
10.4, 14.3, 4.2, 2.3, 1652915351.3579433
50.0, 56.0, 12.8, 19.5, 1652915351.8591585
43.8, 52.9, 12.2, 5.0, 1652915352.3606012
43.7, 46.7, 2.6, 9.5, 1652915352.8618102
40.9, 51.1, 16.7, 15.9, 1652915353.3630767
43.7, 47.8, 9.8, 7.5, 1652915353.8642454
41.3, 52.0, 9.8, 7.3, 1652915354.3654473
42.6, 45.7, 5.1, 11.4, 1652915354.866412
40.0, 47.8, 7.3, 11.4, 1652915355.3674614
38.6, 48.9, 5.3, 15.9, 1652915355.8686473
30.4, 34.0, 6.8, 9.1, 1652915356.369674
0.0, 0.0, 2.0, 2.0, 1652915356.8706505
0.0, 0.0, 0.0, 0.0, 1652915357.371628
4.0, 2.0, 0.0, 2.0, 1652915357.8726413
27.9, 31.8, 2.4, 2.4, 1652915358.373784
50.0, 53.1, 11.6, 11.6, 1652915358.8748026
47.8, 52.2, 5.0, 9.5, 1652915359.3759122
47.8, 50.0, 11.9, 20.8, 1652915359.8770938
47.8, 48.9, 11.6, 13.6, 1652915360.3781688
44.4, 50.0, 5.1, 10.0, 1652915360.8792033
45.5, 48.9, 5.0, 13.6, 1652915361.3802521
50.0, 50.0, 9.8, 15.9, 1652915361.881466
47.9, 50.0, 2.6, 4.8, 1652915362.3822515
45.5, 45.5, 2.6, 9.5, 1652915362.883226
16.3, 18.0, 4.2, 6.1, 1652915363.3839145
2.0, 4.0, 4.0, 2.0, 1652915363.884799
2.0, 0.0, 0.0, 0.0, 1652915364.3858275
10.0, 10.2, 7.8, 0.0, 1652915364.8868685
42.5, 53.7, 16.7, 20.9, 1652915365.3883307
43.2, 58.3, 7.7, 17.5, 1652915365.8893158
42.9, 52.3, 9.8, 14.6, 1652915366.3905344
41.5, 52.4, 12.2, 7.9, 1652915366.891218
44.2, 58.3, 5.1, 7.7, 1652915367.3926249
41.9, 55.3, 7.5, 23.9, 1652915367.8936787
40.0, 52.4, 10.0, 5.3, 1652915368.3947997
44.2, 47.4, 5.1, 7.7, 1652915368.896147
43.2, 50.0, 10.0, 10.0, 1652915369.3973403
34.9, 38.1, 2.5, 9.3, 1652915369.8979993
0.0, 0.0, 2.0, 2.0, 1652915370.3989084
0.0, 2.0, 0.0, 2.1, 1652915370.8999443
0.0, 0.0, 0.0, 0.0, 1652915371.4008944
27.9, 34.1, 4.7, 7.5, 1652915371.9019458
42.9, 48.7, 5.1, 13.5, 1652915372.402897
42.5, 51.2, 5.0, 10.8, 1652915372.9040194
42.9, 47.5, 11.9, 18.4, 1652915373.4051018
48.9, 57.4, 7.3, 13.2, 1652915373.9061685
40.0, 50.0, 2.6, 15.8, 1652915374.4073908
45.2, 54.5, 4.9, 8.6, 1652915374.908464
38.5, 50.0, 14.0, 17.5, 1652915375.4094877
41.5, 50.0, 5.0, 16.2, 1652915375.9105885
44.2, 53.3, 9.5, 15.8, 1652915376.4118366
14.9, 14.9, 4.3, 4.4, 1652915376.9130669
2.0, 3.9, 2.0, 2.0, 1652915377.4140048
0.0, 0.0, 2.0, 2.0, 1652915377.914982
4.2, 6.1, 0.0, 0.0, 1652915378.4160364
52.4, 52.6, 5.7, 13.2, 1652915378.9173558
46.2, 55.6, 13.2, 2.9, 1652915379.418522
52.3, 52.4, 13.2, 10.3, 1652915379.9197552
48.7, 52.4, 13.2, 12.8, 1652915380.4209232
50.0, 52.4, 2.9, 11.1, 1652915380.9223244
52.4, 55.6, 10.8, 18.4, 1652915381.4236062
50.0, 53.8, 18.4, 13.5, 1652915381.9248693
50.0, 45.9, 5.6, 10.0, 1652915382.4261017
46.2, 50.0, 2.9, 5.4, 1652915382.9272642
40.5, 41.5, 14.6, 16.3, 1652915383.4283974
0.0, 2.0, 0.0, 2.0, 1652915383.9293306
0.0, 0.0, 2.0, 0.0, 1652915384.4302452
0.0, 0.0, 0.0, 2.0, 1652915384.9311602
31.0, 31.0, 4.8, 4.8, 1652915385.4321334
56.8, 53.8, 7.9, 8.1, 1652915385.9331243
53.8, 58.5, 12.5, 19.5, 1652915386.4341578
53.5, 52.5, 2.7, 2.7, 1652915386.9356294
53.7, 58.1, 5.4, 7.9, 1652915387.4370217
52.6, 56.1, 12.5, 15.0, 1652915387.938081
55.8, 59.1, 5.4, 15.0, 1652915388.4392972
52.5, 53.8, 5.4, 7.9, 1652915388.9406996
55.0, 55.0, 14.6, 7.9, 1652915389.4418907
53.5, 55.8, 7.9, 10.5, 1652915389.9430902
17.8, 15.6, 6.4, 6.5, 1652915390.4441612
0.0, 0.0, 2.0, 2.1, 1652915390.9450655
0.0, 2.0, 0.0, 2.0, 1652915391.4459894
4.1, 4.0, 0.0, 3.9, 1652915391.9474542
54.8, 58.5, 8.3, 2.7, 1652915392.4487448
60.9, 56.1, 8.1, 5.3, 1652915392.949801
52.8, 60.0, 18.4, 12.5, 1652915393.450951
51.5, 57.9, 15.4, 10.3, 1652915393.952058
58.1, 59.5, 5.9, 7.9, 1652915394.453281
55.0, 57.1, 12.8, 9.8, 1652915394.9543712
57.5, 54.3, 8.6, 19.5, 1652915395.455403
50.0, 58.1, 13.2, 17.5, 1652915395.9566748
47.4, 52.5, 10.8, 18.6, 1652915396.4580336
50.0, 48.7, 2.9, 0.0, 1652915396.9590194
2.0, 0.0, 0.0, 0.0, 1652915397.4599147
2.0, 2.0, 2.0, 3.9, 1652915397.960849
0.0, 0.0, 0.0, 0.0, 1652915398.461801
25.0, 31.8, 4.5, 7.5, 1652915398.963159
52.4, 63.4, 7.7, 11.4, 1652915399.4645355
51.2, 63.4, 8.1, 24.3, 1652915399.9655285
50.0, 65.9, 16.7, 20.0, 1652915400.4664855
50.0, 65.9, 14.3, 22.9, 1652915400.9677591
52.4, 63.4, 7.9, 17.1, 1652915401.469207
48.7, 64.1, 10.3, 11.8, 1652915401.9703512
50.0, 63.6, 5.3, 14.3, 1652915402.471491
48.8, 61.5, 0.0, 3.0, 1652915402.9723392
56.1, 67.5, 17.1, 20.0, 1652915403.4732573
21.3, 24.4, 2.2, 4.7, 1652915403.9742315
2.0, 2.0, 2.0, 2.0, 1652915404.4752548
0.0, 0.0, 2.0, 2.0, 1652915404.976256
2.0, 0.0, 2.0, 2.0, 1652915405.4771836
55.6, 66.7, 12.5, 7.5, 1652915405.9781778
52.5, 61.0, 6.2, 7.5, 1652915406.4791799
55.9, 64.7, 9.7, 7.5, 1652915406.9802654
57.9, 64.9, 9.7, 14.3, 1652915407.4815605
53.8, 66.7, 9.4, 18.6, 1652915407.9827461
54.1, 63.4, 12.1, 7.5, 1652915408.484057
55.3, 61.1, 9.1, 2.7, 1652915408.985104
54.1, 64.1, 15.2, 5.1, 1652915409.486232
57.1, 61.8, 12.9, 12.2, 1652915409.987461
53.8, 64.1, 23.1, 12.8, 1652915410.4884014
0.0, 0.0, 0.0, 0.0, 1652915410.9893465
0.0, 0.0, 0.0, 2.1, 1652915411.4903724
0.0, 2.0, 2.0, 0.0, 1652915411.9913695
2.0, 0.0, 2.0, 0.0, 1652915412.4923534
0.0, 2.0, 0.0, 2.0, 1652915412.9933367
3.9, 0.0, 2.0, 2.0, 1652915413.494325
0.0, 3.9, 0.0, 2.0, 1652915413.9952786