3.9, 0.0, 3.9, 2.0, 1652915457.839061
0.0, 0.0, 0.0, 0.0, 1652915458.3400886
0.0, 0.0, 0.0, 2.0, 1652915458.841023
0.0, 0.0, 0.0, 2.0, 1652915459.341968
0.0, 0.0, 2.0, 0.0, 1652915459.8429759
2.0, 3.9, 0.0, 2.0, 1652915460.3439047
0.0, 0.0, 0.0, 2.1, 1652915460.8450904
0.0, 0.0, 0.0, 0.0, 1652915461.3460512
0.0, 0.0, 2.0, 2.0, 1652915461.8470216
7.7, 7.7, 0.0, 0.0, 1652915462.347964
17.9, 16.4, 5.9, 2.0, 1652915462.848909
13.5, 17.9, 4.1, 2.1, 1652915463.3499296
11.3, 9.8, 4.0, 3.9, 1652915463.8508708
8.0, 6.0, 4.0, 2.0, 1652915464.3517845
13.2, 6.1, 2.0, 2.0, 1652915464.8527129
11.5, 9.8, 2.0, 4.0, 1652915465.3537364
14.8, 8.0, 7.7, 4.0, 1652915465.85468
9.8, 9.8, 2.0, 0.0, 1652915466.3556154
6.1, 6.1, 2.0, 2.0, 1652915466.8565745
11.1, 5.9, 0.0, 0.0, 1652915467.3575704
0.0, 2.0, 2.0, 4.0, 1652915467.8587873
0.0, 0.0, 0.0, 0.0, 1652915468.3597627
0.0, 2.0, 0.0, 2.0, 1652915468.860695
13.5, 16.7, 2.0, 4.1, 1652915469.3617792
15.1, 16.7, 2.1, 4.1, 1652915469.8627226
20.0, 12.0, 9.8, 8.0, 1652915470.363761
15.4, 15.1, 4.1, 6.4, 1652915470.864754
17.0, 15.1, 8.0, 8.5, 1652915471.3658774
21.4, 18.9, 4.2, 10.0, 1652915471.8667934
15.1, 14.8, 2.0, 2.1, 1652915472.367708
13.7, 18.5, 4.2, 4.1, 1652915472.8686578
21.4, 16.7, 4.1, 7.8, 1652915473.369889
11.8, 15.1, 7.8, 4.1, 1652915473.870867
4.0, 0.0, 2.0, 2.0, 1652915474.3718662
0.0, 0.0, 0.0, 0.0, 1652915474.8728237
3.9, 2.0, 3.9, 0.0, 1652915475.373806
5.9, 6.0, 3.9, 5.9, 1652915475.874735
26.3, 21.8, 6.3, 4.3, 1652915476.3756623
28.8, 20.4, 8.0, 9.6, 1652915476.8765886
29.5, 26.7, 9.8, 9.6, 1652915477.3776395
26.3, 19.2, 10.0, 11.5, 1652915477.8786383
25.9, 22.8, 6.1, 4.2, 1652915478.3796198
23.6, 21.8, 6.1, 9.8, 1652915478.8805687
24.6, 23.2, 6.1, 7.8, 1652915479.381627
27.6, 25.9, 18.2, 9.8, 1652915479.882613
26.3, 23.2, 10.0, 8.0, 1652915480.3835783
20.0, 18.5, 2.1, 4.3, 1652915480.88455
0.0, 0.0, 0.0, 0.0, 1652915481.3855228
0.0, 3.9, 2.0, 0.0, 1652915481.886507
0.0, 0.0, 0.0, 0.0, 1652915482.387436
21.8, 13.7, 6.0, 2.0, 1652915482.8883798
31.7, 25.0, 6.4, 4.2, 1652915483.3895442
31.0, 30.5, 13.7, 13.2, 1652915483.8905468
33.3, 27.6, 13.7, 6.1, 1652915484.3914976
34.9, 30.5, 8.2, 4.1, 1652915484.8924575
32.8, 25.9, 13.7, 9.8, 1652915485.3936546
28.1, 28.8, 8.3, 10.2, 1652915485.8946576
29.3, 25.5, 2.2, 8.2, 1652915486.395585
28.6, 25.5, 10.2, 8.2, 1652915486.896491
25.5, 19.2, 8.2, 4.0, 1652915487.3975122
9.8, 7.8, 7.7, 0.0, 1652915487.8985906
0.0, 0.0, 0.0, 0.0, 1652915488.3996003
2.0, 0.0, 0.0, 0.0, 1652915488.9005635
2.0, 5.9, 0.0, 0.0, 1652915489.4015696
35.6, 38.1, 6.4, 6.3, 1652915489.9025156
36.7, 35.0, 4.3, 8.3, 1652915490.4034655
32.8, 33.9, 8.2, 12.5, 1652915490.9043963
37.1, 32.8, 6.2, 8.2, 1652915491.4054823
34.5, 34.5, 8.2, 8.3, 1652915491.9065423
29.1, 27.3, 8.2, 9.8, 1652915492.4074833
33.3, 29.1, 6.3, 4.3, 1652915492.90841
36.7, 29.1, 10.0, 10.0, 1652915493.4096076
35.6, 29.1, 6.4, 8.2, 1652915493.9106286
29.3, 24.1, 2.1, 0.0, 1652915494.411552
0.0, 0.0, 0.0, 0.0, 1652915494.9125524
0.0, 2.0, 2.0, 0.0, 1652915495.4134622
5.8, 3.9, 0.0, 2.0, 1652915495.9143903
19.2, 22.2, 8.2, 6.1, 1652915496.415354
36.7, 34.5, 8.7, 2.2, 1652915496.916279
32.1, 31.6, 12.5, 6.2, 1652915497.4175222
39.3, 32.7, 12.8, 8.5, 1652915497.9186258
32.1, 30.9, 10.6, 6.3, 1652915498.4195573
36.7, 32.1, 6.7, 14.0, 1652915498.920484
32.1, 33.3, 10.6, 8.3, 1652915499.4214897
35.6, 30.4, 14.0, 10.0, 1652915499.9225771
27.5, 29.6, 14.6, 15.7, 1652915500.4235613
33.3, 32.1, 8.7, 12.8, 1652915500.9244697
15.1, 13.5, 4.1, 0.0, 1652915501.4254036
2.0, 2.0, 2.0, 2.1, 1652915501.9263859
0.0, 0.0, 0.0, 0.0, 1652915502.4273667
4.0, 2.0, 0.0, 0.0, 1652915502.928289
35.1, 37.9, 10.6, 8.5, 1652915503.4293213
37.5, 40.7, 17.6, 14.0, 1652915503.9300656
35.1, 40.0, 10.6, 8.3, 1652915504.431007
33.3, 41.0, 10.6, 14.0, 1652915504.9319482
36.2, 35.7, 6.5, 10.2, 1652915505.4329736
37.9, 42.6, 8.7, 12.0, 1652915505.93402
36.8, 40.0, 12.2, 10.4, 1652915506.4349737
32.7, 34.5, 10.6, 10.2, 1652915506.9358966
30.8, 41.7, 6.7, 12.2, 1652915507.4370952
39.0, 36.4, 16.0, 12.2, 1652915507.9380772
0.0, 0.0, 0.0, 0.0, 1652915508.439022
0.0, 0.0, 0.0, 2.0, 1652915508.939956
0.0, 0.0, 0.0, 0.0, 1652915509.4409165
23.1, 28.6, 10.2, 4.3, 1652915509.9419177
45.9, 40.7, 11.4, 12.5, 1652915510.4429247
41.7, 38.6, 8.9, 6.8, 1652915510.943839
41.4, 37.5, 11.1, 8.7, 1652915511.4449801
44.1, 41.4, 11.4, 10.4, 1652915511.946018
40.7, 39.7, 4.7, 6.5, 1652915512.4469748
39.3, 35.2, 7.0, 8.5, 1652915512.9478962
39.3, 37.5, 7.0, 6.5, 1652915513.448986
39.3, 40.7, 14.9, 12.5, 1652915513.9500601
35.8, 38.6, 6.8, 4.4, 1652915514.451009
19.2, 14.0, 0.0, 4.1, 1652915514.9519963
3.9, 2.0, 2.0, 2.0, 1652915515.4530325
0.0, 0.0, 3.8, 0.0, 1652915515.9540195
2.0, 0.0, 0.0, 2.0, 1652915516.455027
38.9, 41.8, 7.0, 8.5, 1652915516.9559386
43.9, 44.3, 2.4, 6.7, 1652915517.4574134
41.8, 42.9, 20.4, 14.3, 1652915517.9585323
43.1, 44.1, 4.8, 6.7, 1652915518.4594586
41.1, 44.1, 9.1, 8.7, 1652915518.9605594
38.9, 37.0, 9.1, 6.7, 1652915519.4618938
41.8, 38.9, 15.2, 8.7, 1652915519.9628584
38.9, 42.1, 16.7, 10.9, 1652915520.4637544
41.8, 42.6, 13.3, 17.4, 1652915520.9648793
36.5, 35.8, 7.0, 8.5, 1652915521.4660134
2.0, 0.0, 0.0, 0.0, 1652915521.9669833
0.0, 2.0, 0.0, 0.0, 1652915522.4679458
3.8, 0.0, 0.0, 0.0, 1652915522.968961
18.0, 16.0, 4.3, 4.3, 1652915523.469991
47.3, 44.8, 15.9, 14.9, 1652915523.9710748
46.4, 39.6, 20.8, 10.6, 1652915524.4720566
43.4, 36.5, 19.1, 6.8, 1652915524.9731295
49.2, 41.5, 13.3, 16.0, 1652915525.4742415
50.0, 38.5, 9.5, 8.9, 1652915525.9752588
48.3, 40.0, 9.3, 6.8, 1652915526.4761777
46.4, 38.5, 9.5, 8.7, 1652915526.9774637
44.6, 38.5, 8.9, 4.2, 1652915527.4784663
48.2, 39.6, 10.9, 2.1, 1652915527.9794424
26.4, 23.1, 2.1, 2.0, 1652915528.4804113
0.0, 0.0, 2.0, 2.0, 1652915528.9813933
0.0, 0.0, 0.0, 0.0, 1652915529.4823496
0.0, 2.0, 0.0, 2.0, 1652915529.9832666
45.6, 42.3, 14.6, 6.2, 1652915530.484641
46.3, 45.3, 8.7, 6.5, 1652915530.9859304
44.2, 46.3, 6.7, 4.3, 1652915531.4869344
53.3, 46.2, 10.9, 2.2, 1652915531.987867
48.2, 48.3, 4.4, 2.1, 1652915532.4888783
47.4, 47.5, 6.7, 4.1, 1652915532.9898977
47.3, 48.3, 8.7, 2.0, 1652915533.49081
47.3, 46.3, 19.6, 6.1, 1652915533.9917839
48.2, 48.3, 4.5, 4.1, 1652915534.4927976
47.4, 45.5, 8.5, 6.0, 1652915534.9938667
0.0, 4.1, 0.0, 0.0, 1652915535.4949107
3.9, 3.8, 0.0, 5.7, 1652915535.9959023
0.0, 0.0, 0.0, 0.0, 1652915536.4968953
8.7, 17.6, 6.1, 0.0, 1652915536.9979384
51.7, 53.4, 2.3, 2.0, 1652915537.4989233
49.1, 55.9, 10.9, 6.1, 1652915537.9998686
44.2, 53.3, 0.0, 2.1, 1652915538.500867
46.2, 53.4, 10.6, 4.1, 1652915539.0019546
52.6, 58.7, 4.5, 2.1, 1652915539.5029583
45.1, 48.1, 6.5, 6.0, 1652915540.0038886
45.3, 53.6, 8.7, 2.2, 1652915540.5048385
46.2, 49.1, 2.2, 4.3, 1652915541.0059297
45.5, 49.1, 6.5, 2.1, 1652915541.50687
30.0, 36.4, 4.3, 4.0, 1652915542.0078213
0.0, 0.0, 0.0, 0.0, 1652915542.508748
0.0, 2.0, 2.0, 0.0, 1652915543.009755
2.0, 0.0, 0.0, 2.0, 1652915543.51072
45.1, 44.9, 11.6, 8.3, 1652915544.0116723
47.1, 50.9, 7.0, 4.2, 1652915544.5125196
44.9, 48.1, 4.8, 4.1, 1652915545.0135283
49.0, 52.8, 13.3, 8.2, 1652915545.5140917
49.0, 50.0, 11.4, 4.3, 1652915546.0150611
47.1, 45.8, 4.8, 8.2, 1652915546.5160809
46.0, 44.9, 4.7, 0.0, 1652915547.0171163
46.2, 46.2, 6.8, 2.0, 1652915547.518153
47.1, 50.0, 13.0, 6.2, 1652915548.0190845
45.3, 48.1, 6.8, 0.0, 1652915548.52007
6.1, 11.5, 2.0, 0.0, 1652915549.021039
0.0, 0.0, 0.0, 0.0, 1652915549.5220246
2.0, 0.0, 3.9, 0.0, 1652915550.0230503
16.3, 14.6, 4.2, 4.2, 1652915550.5240047
57.7, 49.0, 7.3, 6.1, 1652915551.0250173
55.4, 51.9, 0.0, 0.0, 1652915551.5260804
52.9, 46.9, 6.8, 5.9, 1652915552.0270748
49.1, 46.2, 2.4, 4.0, 1652915552.5281317
51.9, 44.9, 4.5, 0.0, 1652915553.029197
52.7, 42.6, 2.4, 2.0, 1652915553.5301926
46.8, 44.9, 8.9, 6.1, 1652915554.0311792
48.0, 44.0, 0.0, 3.9, 1652915554.5322578
46.9, 40.4, 6.7, 2.0, 1652915555.0332794
39.6, 34.6, 6.5, 4.2, 1652915555.5342824
0.0, 2.0, 0.0, 0.0, 1652915556.0352426
0.0, 0.0, 0.0, 0.0, 1652915556.536218
0.0, 0.0, 0.0, 0.0, 1652915557.037144
43.1, 41.7, 4.4, 2.1, 1652915557.5380974
46.7, 56.6, 9.1, 8.3, 1652915558.03904
52.0, 52.1, 4.5, 0.0, 1652915558.5400872
49.0, 52.0, 8.7, 6.4, 1652915559.0411453
50.0, 46.8, 8.7, 4.2, 1652915559.5420108
50.0, 50.0, 6.8, 4.3, 1652915560.042968
46.9, 47.9, 8.7, 4.3, 1652915560.5439708
45.7, 48.9, 4.5, 6.7, 1652915561.0451407
44.7, 47.9, 6.7, 2.3, 1652915561.5462067
49.0, 52.9, 10.6, 6.4, 1652915562.0472836
8.3, 10.0, 0.0, 0.0, 1652915562.548257
0.0, 0.0, 0.0, 0.0, 1652915563.049207
0.0, 0.0, 0.0, 0.0, 1652915563.5501297
16.3, 14.3, 2.1, 6.0, 1652915564.0510798
52.2, 52.1, 4.5, 6.1, 1652915564.5521753
52.0, 50.0, 4.5, 6.1, 1652915565.0532262
50.0, 50.0, 4.5, 4.2, 1652915565.5540447
48.9, 47.8, 6.7, 10.2, 1652915566.0550008
44.2, 47.8, 4.5, 4.3, 1652915566.5560684
52.0, 51.0, 4.5, 4.3, 1652915567.0571933
53.1, 52.0, 2.3, 6.1, 1652915567.5582733
50.0, 52.0, 10.6, 6.4, 1652915568.0592742
51.0, 51.0, 4.5, 4.2, 1652915568.5604029
33.3, 35.6, 2.2, 6.3, 1652915569.061398
0.0, 0.0, 2.0, 0.0, 1652915569.5623605
2.0, 3.9, 2.0, 3.9, 1652915570.0634062
0.0, 0.0, 0.0, 0.0, 1652915570.5643666
38.3, 38.6, 2.5, 2.1, 1652915571.0652995
53.2, 55.1, 7.3, 0.0, 1652915571.5663013
50.0, 45.0, 14.0, 2.1, 1652915572.067286
45.7, 50.0, 11.4, 2.0, 1652915572.568308
51.1, 45.5, 4.9, 2.1, 1652915573.069311
48.9, 51.1, 9.3, 0.0, 1652915573.5703447
50.0, 45.0, 18.2, 6.2, 1652915574.071321
48.9, 55.1, 5.0, 4.1, 1652915574.571942
44.4, 44.2, 2.5, 2.0, 1652915575.0729585
48.9, 56.0, 15.9, 6.1, 1652915575.5739596
12.5, 14.3, 0.0, 2.1, 1652915576.075007
0.0, 0.0, 0.0, 0.0, 1652915576.575947
2.0, 0.0, 0.0, 0.0, 1652915577.0769057
10.6, 10.6, 0.0, 0.0, 1652915577.5778925
54.3, 55.6, 9.3, 4.3, 1652915578.0788264
56.0, 53.2, 7.0, 4.2, 1652915578.5798123
55.1, 51.1, 7.0, 6.3, 1652915579.0808733
54.3, 56.2, 4.8, 6.1, 1652915579.581886
54.3, 58.3, 14.0, 6.5, 1652915580.0828514
50.0, 53.3, 11.4, 6.5, 1652915580.5838492
53.3, 53.5, 9.1, 6.5, 1652915581.0848577
50.0, 54.3, 6.8, 4.2, 1652915581.5859494
53.5, 54.5, 4.9, 0.0, 1652915582.0867352
42.9, 40.0, 2.3, 2.1, 1652915582.5876918
0.0, 0.0, 0.0, 0.0, 1652915583.0886114
0.0, 0.0, 0.0, 0.0, 1652915583.589534
2.0, 5.9, 2.0, 4.0, 1652915584.0904593
40.5, 49.0, 4.5, 4.3, 1652915584.5915706
53.5, 55.8, 4.8, 4.5, 1652915585.0926018
57.8, 57.1, 4.9, 8.9, 1652915585.5937693
55.3, 52.4, 9.1, 6.7, 1652915586.094771
62.0, 58.7, 4.9, 7.0, 1652915586.5958104
61.2, 59.5, 7.0, 4.4, 1652915587.0969377
56.8, 57.8, 11.1, 4.5, 1652915587.5980601
57.8, 60.9, 7.1, 4.8, 1652915588.0990312
55.6, 60.0, 7.0, 2.3, 1652915588.6001039
55.8, 57.8, 7.1, 9.1, 1652915589.1010816
19.6, 16.3, 4.2, 2.1, 1652915589.6021116
0.0, 2.0, 2.0, 2.0, 1652915590.103028
0.0, 0.0, 0.0, 0.0, 1652915590.6040647
10.4, 14.0, 0.0, 2.2, 1652915591.105058
61.7, 63.6, 15.7, 6.8, 1652915591.6063347
61.0, 70.8, 8.7, 6.2, 1652915592.1073866
61.7, 62.2, 4.4, 4.2, 1652915592.6084955
54.5, 60.9, 2.3, 4.3, 1652915593.1095254
63.8, 63.6, 4.4, 4.2, 1652915593.6106038
54.8, 63.8, 6.8, 8.3, 1652915594.1116192
61.7, 63.0, 2.3, 4.3, 1652915594.6127427
60.0, 63.8, 4.4, 0.0, 1652915595.1138527
56.1, 60.5, 8.5, 2.2, 1652915595.6149848
44.7, 51.0, 4.4, 6.1, 1652915596.1160033
0.0, 0.0, 0.0, 0.0, 1652915596.6169603
0.0, 0.0, 0.0, 2.0, 1652915597.1179016
3.8, 2.0, 2.0, 0.0, 1652915597.6188066
40.5, 36.6, 11.9, 6.1, 1652915598.1197913
60.0, 58.1, 5.6, 6.1, 1652915598.6208963
62.2, 60.5, 5.7, 6.2, 1652915599.1219263
60.5, 61.7, 8.1, 0.0, 1652915599.6229873
62.8, 60.0, 5.6, 8.2, 1652915600.124033
61.9, 59.5, 20.0, 8.7, 1652915600.624721
64.6, 64.6, 19.5, 2.2, 1652915601.1257133
63.8, 62.2, 12.8, 6.1, 1652915601.6266518
62.8, 63.0, 10.8, 4.2, 1652915602.127647
58.1, 57.1, 5.6, 4.3, 1652915602.6286829
20.0, 18.4, 2.2, 0.0, 1652915603.1297588
2.0, 0.0, 0.0, 0.0, 1652915603.6306818
3.9, 4.0, 2.0, 4.1, 1652915604.131578
8.5, 10.2, 0.0, 2.0, 1652915604.6325665
60.5, 61.4, 2.8, 2.1, 1652915605.1335783
65.9, 63.6, 17.5, 10.6, 1652915605.634603
65.9, 61.4, 10.5, 2.2, 1652915606.1356692
69.6, 66.7, 12.8, 2.3, 1652915606.636676
70.2, 66.7, 2.9, 4.2, 1652915607.1376553
61.0, 60.0, 2.9, 2.1, 1652915607.6387043
66.7, 68.1, 10.5, 6.2, 1652915608.1392086
65.9, 63.8, 10.5, 2.1, 1652915608.640267
61.4, 53.7, 2.8, 0.0, 1652915609.1413167
58.3, 52.2, 5.1, 6.1, 1652915609.6422906
3.9, 2.0, 0.0, 0.0, 1652915610.1432433
0.0, 0.0, 2.0, 2.1, 1652915610.644193
0.0, 0.0, 0.0, 0.0, 1652915611.1451418
40.9, 41.9, 4.4, 0.0, 1652915611.6461432
67.4, 73.3, 2.4, 4.2, 1652915612.1471977
70.2, 75.5, 7.0, 2.1, 1652915612.648241
67.4, 72.1, 2.4, 2.1, 1652915613.1492276
68.9, 72.5, 4.9, 2.1, 1652915613.650221
65.9, 72.1, 9.3, 10.2, 1652915614.1512325
61.9, 68.2, 7.1, 4.3, 1652915614.652264
62.5, 72.7, 9.3, 4.2, 1652915615.153241
66.7, 70.5, 4.8, 4.2, 1652915615.654237
66.7, 74.5, 7.1, 4.3, 1652915616.1552484
21.7, 30.0, 4.3, 4.1, 1652915616.6562414
2.0, 0.0, 2.0, 0.0, 1652915617.1571536
0.0, 0.0, 0.0, 2.0, 1652915617.6581028
4.2, 6.1, 2.0, 0.0, 1652915618.1592457
70.7, 72.5, 2.5, 4.7, 1652915618.6603825
66.7, 75.6, 7.3, 7.0, 1652915619.1616008
69.8, 76.1, 13.6, 11.1, 1652915619.6628237
66.7, 71.7, 7.5, 15.2, 1652915620.1639717
69.6, 75.0, 13.6, 9.3, 1652915620.6649933
61.9, 68.9, 0.0, 0.0, 1652915621.1661286
70.7, 77.3, 9.5, 9.8, 1652915621.6671646
65.1, 69.8, 7.3, 10.9, 1652915622.1683187
65.9, 71.1, 11.6, 10.9, 1652915622.6693535
62.8, 69.4, 2.4, 2.3, 1652915623.1703932
0.0, 0.0, 3.9, 2.0, 1652915623.671333
4.0, 2.0, 2.0, 2.0, 1652915624.1722379
0.0, 0.0, 3.8, 2.0, 1652915624.6731687
0.0, 0.0, 0.0, 0.0, 1652915625.1741292
2.0, 0.0, 0.0, 0.0, 1652915625.6750379
0.0, 2.0, 0.0, 0.0, 1652915626.1759787
2.0, 0.0, 0.0, 2.0, 1652915626.676894
0.0, 0.0, 2.0, 0.0, 1652915627.1778445