1652914867
#type       avg     std     min      p5     p10     p50     p67     p75     p80     p85     p90     p95     p99    p999   p9999      QPS   target       ts_start         ts_end
read      309.3   282.7   118.1   189.2   208.8   292.0   317.7   333.0   343.4   359.0   379.6   426.1   588.4  4291.4 10697.9   4915.2     5000  1652914868936  1652914874313
read      326.8   227.0   109.4   180.5   204.5   327.8   360.5   375.1   386.9   398.7   416.1   442.0   559.7  3474.5  9738.7  10063.0    10000  1652914875817  1652914881144
read      350.3   466.0   109.4   175.1   198.2   343.6   386.0   403.5   417.6   432.1   454.1   492.2   641.0  4826.4 30283.7  15019.6    15000  1652914882647  1652914887935
read      339.2   160.8   101.3   167.7   190.0   339.7   389.9   412.7   428.1   446.3   468.2   508.4   645.3  1738.7  5549.2  19867.4    20000  1652914889437  1652914894721
read      352.4   214.3   101.3   166.8   189.5   347.5   401.2   426.4   444.1   465.5   495.2   544.7   734.5  3110.0  8118.0  24914.4    25000  1652914896224  1652914901522
read      338.3   232.3   101.3   159.9   178.8   318.0   386.3   418.1   439.7   465.6   499.4   553.1   732.3  2082.2  7482.4  30099.0    30000  1652914903025  1652914908305
read      338.0   198.9   101.3   160.5   179.1   316.7   386.7   420.9   444.9   472.2   507.4   567.3   747.3  1274.0  6788.1  34939.4    35000  1652914909807  1652914915095
read      339.2   209.4    93.8   156.3   175.6   316.6   386.2   419.4   442.7   470.7   508.2   574.8   789.8  2025.1  6640.6  39833.4    40000  1652914916598  1652914921871
read      348.2   194.3   101.3   162.5   183.2   326.1   397.5   430.7   455.5   485.6   525.4   586.4   790.6  1705.4  6220.9  45011.0    45000  1652914923373  1652914928678
read      337.3   195.7   101.3   159.9   179.6   313.0   381.6   415.9   441.6   475.1   515.4   573.0   777.8  1410.3  6977.4  50010.0    50000  1652914930186  1652914935472
read      339.8   181.7    93.8   164.7   185.6   315.6   384.3   418.5   444.0   475.4   515.4   572.9   744.9  1455.2  6892.7  54990.0    55000  1652914936974  1652914942258
read      330.1   227.6   101.3   155.2   172.1   294.0   370.9   410.8   438.0   471.3   514.2   585.4   849.5  1474.6  7385.4  59944.4    60000  1652914943761  1652914949036
read      329.0   184.2   101.3   160.5   179.2   299.3   371.2   407.5   433.1   465.1   504.7   564.0   754.1  1330.5  5622.5  64998.8    65000  1652914950539  1652914955811
read      328.3   202.6    93.8   158.9   179.0   301.5   369.7   403.9   428.0   456.9   494.7   548.4   763.2  1599.8  6632.7  70025.6    70000  1652914957314  1652914962590
read      327.3   192.0    93.8   162.2   181.9   300.5   365.5   401.0   425.9   455.4   494.0   550.4   740.9  1330.9  8550.6  75153.0    75000  1652914964092  1652914969366
read      312.3   176.2    93.8   156.6   175.3   287.1   346.1   379.8   402.1   431.3   470.8   529.0   700.5  1250.4  7266.2  79739.2    80000  1652914970868  1652914976146
read      313.5   176.8   101.3   160.8   180.4   291.8   347.0   378.5   400.1   426.7   463.5   520.1   679.3  1166.1  7184.5  84820.6    85000  1652914977648  1652914982922
read      307.6   181.2   101.3   157.3   176.4   285.9   340.3   370.8   392.4   418.5   454.6   508.0   671.0  1405.8  5892.0  90042.8    90000  1652914984424  1652914989696
read      309.1   176.4    93.8   157.2   175.6   285.2   340.8   372.6   395.8   424.1   462.7   525.9   703.8  1202.2  5421.9  95153.6    95000  1652914991198  1652914996479
read      304.4   169.7    93.8   159.3   178.5   284.1   333.9   362.4   383.5   408.6   445.5   504.9   662.0  1170.8  5062.6 100098.8   100000  1652914997981  1652915003260
read      303.0   194.9    93.8   159.3   177.7   278.2   329.2   358.3   379.7   405.8   445.6   507.7   684.1  1370.4  7740.5 104963.4   105000  1652915004762  1652915010035
read      290.2   169.8    93.8   151.6   167.9   266.6   314.3   342.7   365.5   394.2   434.1   500.6   660.3  1164.7  5845.4 109855.7   110000  1652915011537  1652915016816
read      296.3   166.4    93.8   159.0   177.6   276.1   320.3   347.0   368.6   395.0   431.6   492.6   632.9  1256.6  5029.7 114800.7   115000  1652915018319  1652915023587
read      307.2   158.9    93.8   169.8   191.1   288.9   332.8   358.8   378.2   402.9   437.4   495.3   631.6  1112.8  7201.1 120013.9   120000  1652915025089  1652915030361