1652915247
#type       avg     std     min      p5     p10     p50     p67     p75     p80     p85     p90     p95     p99    p999   p9999      QPS   target       ts_start         ts_end
read      308.3   331.3   127.6   188.6   205.9   289.0   318.0   333.7   344.0   359.5   379.6   424.4   594.1  5150.5 12686.6   4958.2     5000  1652915249164  1652915254502
read      333.8   250.6   109.4   179.5   201.5   328.6   366.6   385.1   397.1   412.5   433.4   476.3   634.8  3104.1 12905.8  10041.8    10000  1652915256008  1652915261342
read      337.8   236.0   101.3   171.6   192.9   333.4   383.1   404.6   421.2   438.4   464.0   504.8   630.7  2484.2  9894.7  14943.6    15000  1652915262844  1652915268124
read      350.8   253.4   101.3   168.2   188.9   343.2   399.3   426.3   445.0   466.3   496.9   551.1   690.7  2230.2 11983.9  19896.2    20000  1652915269626  1652915274911
read      362.6   265.0   101.3   164.6   185.3   338.1   420.1   457.7   481.3   506.4   539.7   591.3   777.3  4035.8  8755.3  24966.2    25000  1652915276413  1652915281693
read      349.6   204.5    93.8   162.7   181.7   330.4   400.8   432.4   454.2   478.8   513.2   589.4   796.3  2114.4  6722.1  29980.5    30000  1652915283194  1652915288473
read      346.3   205.3   101.3   161.0   179.6   325.6   399.0   432.4   456.1   483.4   518.4   577.9   784.3  1868.8  7817.1  34820.8    35000  1652915289975  1652915295246
read      355.7   230.9   101.3   165.5   185.5   326.9   404.6   439.5   465.4   496.8   535.6   599.6   846.5  2438.7  8538.0  40072.4    40000  1652915296748  1652915302018
read      346.6   207.4   101.3   161.7   181.0   321.7   395.2   430.2   456.3   487.2   526.2   589.2   807.8  1519.2  7341.2  44892.4    45000  1652915303520  1652915308802
read      343.7   191.7   101.3   163.3   182.8   316.3   391.2   428.2   454.4   485.7   525.8   582.8   793.3  1379.3  7246.1  50078.7    50000  1652915310304  1652915315580
read      338.6   214.6   101.3   164.0   183.5   312.8   382.2   416.6   440.6   470.4   509.1   570.8   765.5  1439.7  8366.7  55011.0    55000  1652915317082  1652915322378
read      339.1   201.7   101.3   163.0   182.8   313.3   384.8   419.7   443.7   473.5   513.8   574.8   776.9  1352.7  7143.0  60226.4    60000  1652915323880  1652915329150
read      330.5   177.0   101.3   164.5   184.2   302.9   369.5   406.2   431.6   463.5   505.5   563.7   718.2  1148.2  5810.3  65108.8    65000  1652915330653  1652915335950
read      329.1   191.3    93.8   166.2   187.2   302.6   366.1   399.9   423.5   452.5   492.1   545.4   699.0  1994.2  7338.7  70123.8    70000  1652915337452  1652915342730
read      330.4   190.8    93.8   165.2   185.9   304.6   366.3   401.0   425.4   454.6   494.8   553.2   739.7  1618.6  6565.3  74776.0    75000  1652915344233  1652915349514
read      315.1   181.7    93.8   160.3   178.7   286.2   343.0   380.0   405.9   436.6   480.3   541.1   714.8  1429.7  7017.0  80043.7    80000  1652915351016  1652915356299
read      317.1   167.4   101.3   166.7   187.6   295.5   349.2   380.5   402.0   428.5   464.7   521.9   665.8  1137.0  7225.0  85149.7    85000  1652915357801  1652915363078
read      310.0   165.2    93.8   160.5   177.9   280.6   337.6   373.7   400.0   429.9   470.1   534.5   719.5  1407.5  5003.3  89957.2    90000  1652915364580  1652915369861
read      301.2   155.7    93.8   158.3   176.0   274.1   324.4   357.3   383.3   415.4   458.0   523.5   678.0  1142.3  3822.5  94868.2    95000  1652915371363  1652915376645
read      308.9   157.2   101.3   164.5   183.9   284.9   332.6   362.8   386.6   415.9   457.7   525.1   687.7  1279.4  6337.5 100066.2   100000  1652915378148  1652915383414
read      307.6   159.8    93.8   164.9   185.0   286.1   333.7   362.0   383.3   408.8   447.2   512.2   681.9  1184.3  4732.8 105021.6   105000  1652915384916  1652915390190
read      307.7   160.7   101.3   168.5   188.8   289.0   334.0   360.8   380.7   404.3   439.0   497.6   638.1  1183.1  7244.2 110069.2   110000  1652915391692  1652915396978
read      307.6   157.7    93.8   170.4   190.2   286.0   330.4   357.4   378.2   404.0   440.9   505.1   674.9  1236.2  5427.3 114555.0   115000  1652915398481  1652915403756
read      302.4   147.8    93.8   165.1   185.0   282.1   325.5   351.6   371.7   397.8   434.2   498.6   669.6  1274.2  4201.0 120078.2   120000  1652915405258  1652915410532