1652915460
#type       avg     std     min      p5     p10     p50     p67     p75     p80     p85     p90     p95     p99    p999   p9999      QPS   target       ts_start         ts_end
read      317.0   353.2   118.1   189.4   209.1   293.4   320.7   337.6   349.0   365.8   388.4   430.0   631.3  5983.5 14508.6   4997.2     5000  1652915461811  1652915467153
read      335.9   257.6   118.1   184.1   205.6   330.4   365.5   382.9   394.6   407.5   426.8   461.9   633.7  4256.7 10812.9   9904.2    10000  1652915468656  1652915474014
read      346.0   274.5   109.4   177.9   200.6   345.3   390.0   409.6   423.1   436.6   461.1   503.6   655.7  2259.8 13676.8  15054.2    15000  1652915475516  1652915480809
read      340.9   179.6   101.3   166.5   188.8   338.5   391.3   415.3   431.2   451.2   475.1   522.5   666.5  1480.7  7904.3  19895.4    20000  1652915482311  1652915487583
read      355.6   217.6   101.3   166.7   189.1   349.6   407.9   433.9   453.2   473.8   504.8   560.3   728.9  2275.6  7448.7  24941.4    25000  1652915489085  1652915494372
read      353.3   251.4   101.3   168.2   190.3   337.0   403.7   434.3   457.5   483.9   516.2   570.7   755.9  1499.9  9751.2  29929.2    30000  1652915495873  1652915501168
read      345.5   186.2   101.3   160.4   180.2   325.2   396.8   430.0   453.9   482.1   519.6   581.8   773.4  1596.9  6165.9  34934.0    35000  1652915502670  1652915507949
read      345.4   218.5   101.3   161.2   180.3   323.5   394.2   427.4   452.1   481.4   518.8   582.0   798.0  1639.9  8028.9  39828.4    40000  1652915509451  1652915514721
read      345.2   227.8    93.8   161.3   181.1   322.1   393.4   427.0   451.7   480.7   517.4   577.1   798.0  1809.3  7095.1  45161.0    45000  1652915516227  1652915521541
read      352.3   265.1   101.3   164.1   184.7   323.1   398.6   433.6   460.4   492.6   532.4   593.5   831.9  1801.1  8133.6  50036.8    50000  1652915523043  1652915528313
read      353.4   197.9    93.8   161.5   185.3   337.8   401.5   433.2   457.8   487.1   524.1   581.9   804.2  1541.5  6750.2  55052.0    55000  1652915529815  1652915535099
read      354.2   193.2    93.8   162.9   186.4   337.2   400.7   432.5   456.7   485.7   524.3   587.6   842.6  1591.2  5334.8  59988.2    60000  1652915536602  1652915541881
read      340.5   178.2    93.8   159.7   181.4   321.6   388.1   420.5   443.0   470.8   509.0   569.0   784.4  1272.3  7559.1  65013.4    65000  1652915543383  1652915548652
read      331.7   190.9    93.8   153.5   173.7   307.3   377.3   413.3   436.6   466.4   505.5   565.8   790.6  1440.8  6407.7  70010.2    70000  1652915550155  1652915555434
read      331.2   196.4    93.8   157.1   178.8   309.2   371.6   406.8   430.9   460.3   498.5   554.5   740.2  1427.1  6609.3  74838.8    75000  1652915556936  1652915562207
read      323.1   154.5    93.8   156.3   177.6   304.4   363.5   395.9   419.0   445.9   483.5   540.7   720.9  1247.7  4748.3  80058.4    80000  1652915563708  1652915568977
read      314.2   166.1    93.8   154.5   174.6   290.3   347.3   380.9   405.2   434.0   471.3   534.4   732.2  1442.2  5652.8  84927.4    85000  1652915570479  1652915575747
read      314.3   178.1    93.8   154.8   175.0   294.2   350.6   381.9   404.0   430.9   466.5   524.3   705.6  1270.2  6537.7  89926.8    90000  1652915577249  1652915582517
read      317.1   168.7    93.8   159.9   179.7   296.3   351.5   383.2   405.4   432.3   468.9   529.8   714.0  1325.3  5082.5  94980.0    95000  1652915584020  1652915589289
read      315.0   179.6    93.8   155.2   175.3   292.6   347.0   378.7   402.8   433.1   471.6   535.5   731.2  1403.7  6722.1  99942.4   100000  1652915590792  1652915596052
read      312.1   167.1    93.8   162.0   182.8   293.6   343.7   371.3   392.3   418.1   455.5   513.1   670.5  1355.8  5510.3 104991.8   105000  1652915597554  1652915602831
read      310.0   153.1    93.8   162.9   183.2   292.7   341.8   369.4   389.9   414.2   447.9   503.1   669.1  1162.6  5706.0 109984.8   110000  1652915604333  1652915609611
read      315.9   182.4    93.8   162.9   182.8   293.7   344.3   373.3   396.4   425.0   463.7   530.7   734.0  1307.2  5918.2 114969.8   115000  1652915611114  1652915616399
read      318.1   165.0   101.3   171.5   192.9   303.1   349.7   374.6   393.7   416.5   448.5   502.8   670.7  1214.5  6795.5 120124.6   120000  1652915617902  1652915623178