0.0, 0.0, 0.0, 3.8, 1652917042.7860396
2.0, 0.0, 0.0, 0.0, 1652917043.2870028
0.0, 2.0, 2.0, 0.0, 1652917043.7879772
2.0, 0.0, 0.0, 0.0, 1652917044.2888196
0.0, 0.0, 0.0, 0.0, 1652917044.7897902
2.0, 0.0, 0.0, 0.0, 1652917045.2907393
0.0, 2.0, 2.0, 0.0, 1652917045.7916868
2.0, 0.0, 2.0, 0.0, 1652917046.2925925
0.0, 2.0, 0.0, 0.0, 1652917046.7935255
2.0, 0.0, 0.0, 3.8, 1652917047.2944605
2.2, 2.1, 6.0, 2.1, 1652917047.7954218
2.1, 0.0, 0.0, 0.0, 1652917048.2963746
0.0, 0.0, 2.0, 0.0, 1652917048.7973053
0.0, 0.0, 2.0, 0.0, 1652917049.2981975
0.0, 4.2, 4.1, 2.0, 1652917049.7992082
0.0, 0.0, 0.0, 0.0, 1652917050.3001542
0.0, 2.1, 0.0, 2.2, 1652917050.801175
2.2, 2.1, 2.0, 4.1, 1652917051.3021436
2.2, 0.0, 2.0, 0.0, 1652917051.803113
0.0, 0.0, 2.0, 0.0, 1652917052.304159
0.0, 2.0, 2.0, 2.0, 1652917052.8052058
0.0, 0.0, 0.0, 0.0, 1652917053.3062093
2.0, 0.0, 0.0, 0.0, 1652917053.8071938
2.1, 2.1, 0.0, 0.0, 1652917054.3081212
2.2, 6.4, 2.0, 2.1, 1652917054.8090565
0.0, 0.0, 0.0, 0.0, 1652917055.3103704
2.2, 2.2, 0.0, 0.0, 1652917055.8114133
4.3, 8.3, 0.0, 0.0, 1652917056.3123384
18.5, 11.8, 0.0, 4.1, 1652917056.8132591
23.7, 20.0, 0.0, 2.0, 1652917057.3143287
30.2, 31.7, 4.1, 13.5, 1652917057.815385
31.3, 27.9, 2.0, 16.1, 1652917058.3163843
31.2, 36.6, 2.0, 13.0, 1652917058.8176048
28.1, 21.1, 3.9, 14.5, 1652917059.3185685
3.9, 0.0, 0.0, 2.0, 1652917059.819689
2.0, 4.0, 4.0, 5.9, 1652917060.3206835
0.0, 2.0, 0.0, 0.0, 1652917060.8216121
38.0, 37.1, 7.8, 12.0, 1652917061.3227239
50.6, 48.8, 9.4, 18.5, 1652917061.8237064
50.0, 50.0, 11.3, 19.0, 1652917062.3246095
52.3, 50.0, 17.5, 16.4, 1652917062.8255289
53.3, 52.3, 13.0, 9.8, 1652917063.3266165
51.1, 52.3, 11.3, 16.4, 1652917063.827565
52.3, 52.3, 17.5, 11.5, 1652917064.3285015
52.3, 51.7, 14.3, 9.6, 1652917064.8294375
53.3, 53.9, 9.6, 6.1, 1652917065.3300948
51.7, 51.1, 6.0, 9.8, 1652917065.8310776
15.8, 16.1, 2.0, 2.0, 1652917066.3320148
0.0, 0.0, 2.0, 0.0, 1652917066.8329616
0.0, 0.0, 0.0, 2.0, 1652917067.3339314
23.3, 22.4, 4.1, 4.1, 1652917067.834945
54.0, 53.5, 4.1, 8.2, 1652917068.335887
52.4, 52.9, 6.1, 2.2, 1652917068.836797
54.5, 55.7, 2.2, 4.4, 1652917069.3383782
54.5, 54.1, 11.8, 6.3, 1652917069.8394713
53.0, 50.6, 6.3, 8.3, 1652917070.3404772
51.2, 51.8, 4.2, 8.7, 1652917070.84144
53.5, 52.9, 4.2, 12.0, 1652917071.3421159
51.2, 52.4, 2.1, 2.2, 1652917071.8430789
49.4, 47.4, 0.0, 8.0, 1652917072.3440125
38.6, 40.8, 2.1, 4.2, 1652917072.8450053
0.0, 0.0, 0.0, 0.0, 1652917073.3460178
2.0, 0.0, 0.0, 0.0, 1652917073.8469484
2.0, 0.0, 2.0, 0.0, 1652917074.3478723
37.9, 37.3, 6.0, 0.0, 1652917074.848788
50.6, 48.6, 0.0, 10.2, 1652917075.3499136
48.6, 49.3, 4.2, 9.1, 1652917075.8509712
47.2, 46.6, 2.1, 8.5, 1652917076.3520637
46.6, 44.1, 2.1, 6.5, 1652917076.8529885
43.3, 38.1, 0.0, 6.3, 1652917077.3540773
47.1, 47.2, 8.2, 14.3, 1652917077.8550181
40.9, 44.3, 4.1, 10.2, 1652917078.3559234
41.5, 39.7, 0.0, 8.3, 1652917078.856861
43.3, 42.6, 2.1, 10.2, 1652917079.3581746
16.7, 16.4, 6.0, 8.0, 1652917079.8591268
3.9, 3.9, 2.0, 0.0, 1652917080.3598497
0.0, 0.0, 0.0, 0.0, 1652917080.8608065
6.0, 6.0, 2.0, 3.9, 1652917081.3618388
46.3, 47.1, 6.1, 12.2, 1652917081.8630877
44.8, 46.4, 2.1, 8.3, 1652917082.3640213
47.8, 47.8, 6.1, 17.3, 1652917082.864978
43.8, 47.1, 4.2, 12.0, 1652917083.3662877
45.5, 48.6, 8.0, 13.7, 1652917083.867238
39.3, 44.8, 4.2, 17.0, 1652917084.3681922
48.6, 49.3, 4.2, 15.4, 1652917084.8691554
49.3, 50.7, 8.0, 13.7, 1652917085.3703926
50.0, 50.7, 2.1, 21.8, 1652917085.8714821
42.4, 44.1, 4.2, 17.0, 1652917086.3724232
0.0, 0.0, 0.0, 0.0, 1652917086.8733625
0.0, 0.0, 0.0, 2.0, 1652917087.37433
2.0, 2.0, 2.0, 4.0, 1652917087.8753917
33.9, 31.0, 6.1, 6.1, 1652917088.3763773
48.5, 52.1, 17.3, 17.3, 1652917088.8774178
52.7, 54.1, 12.0, 17.6, 1652917089.3785548
52.1, 52.8, 16.3, 21.4, 1652917089.8796482
52.1, 52.9, 14.0, 17.3, 1652917090.380637
50.7, 52.7, 13.7, 21.2, 1652917090.8819323
52.7, 53.9, 13.7, 20.0, 1652917091.383025
51.4, 53.4, 10.2, 19.2, 1652917091.884019
55.1, 57.3, 17.0, 13.7, 1652917092.3849485
52.7, 54.7, 12.2, 13.7, 1652917092.8861406
27.9, 25.4, 4.0, 12.7, 1652917093.387314
0.0, 0.0, 2.0, 0.0, 1652917093.8882902
0.0, 0.0, 0.0, 2.0, 1652917094.3892179
5.8, 9.3, 0.0, 0.0, 1652917094.8902647
57.3, 57.5, 10.2, 17.3, 1652917095.3913212
55.4, 57.1, 11.8, 16.0, 1652917095.8922596
57.5, 58.4, 12.0, 16.0, 1652917096.3932521
57.9, 60.8, 8.2, 17.6, 1652917096.894232
58.2, 59.0, 6.4, 10.4, 1652917097.3952415
58.4, 60.3, 17.3, 14.6, 1652917097.8961778
58.8, 59.5, 10.0, 17.3, 1652917098.3971174
56.0, 57.7, 10.0, 12.2, 1652917098.898422
55.4, 59.0, 17.0, 17.3, 1652917099.3995
55.3, 54.8, 8.2, 8.5, 1652917099.9004147
2.0, 0.0, 2.0, 2.0, 1652917100.4013667
0.0, 0.0, 0.0, 0.0, 1652917100.9023967
0.0, 2.0, 2.0, 0.0, 1652917101.4033225
38.1, 36.5, 4.2, 4.3, 1652917101.904243
59.7, 60.3, 8.2, 8.7, 1652917102.4053097
60.8, 58.9, 8.2, 18.4, 1652917102.9068887
61.0, 56.8, 4.3, 19.6, 1652917103.4078991
61.0, 58.7, 10.0, 13.0, 1652917103.908803
59.2, 58.7, 10.2, 10.9, 1652917104.4099088
59.2, 58.4, 4.2, 14.3, 1652917104.910921
60.5, 59.5, 8.2, 14.6, 1652917105.4118965
58.1, 55.6, 8.2, 18.4, 1652917105.9129307
60.3, 56.8, 10.0, 11.1, 1652917106.414187
34.9, 33.3, 4.0, 8.2, 1652917106.9151676
0.0, 2.0, 0.0, 2.0, 1652917107.4160798
2.0, 3.9, 2.0, 2.0, 1652917107.9170403
0.0, 0.0, 0.0, 2.0, 1652917108.4181035
59.4, 59.4, 4.3, 11.1, 1652917108.9191082
62.7, 59.4, 2.2, 6.8, 1652917109.4200048
58.6, 60.0, 10.2, 13.0, 1652917109.9209797
56.7, 55.9, 6.2, 8.9, 1652917110.422253
59.2, 58.8, 8.3, 15.6, 1652917110.9235036
58.3, 57.1, 8.3, 12.8, 1652917111.4243069
53.0, 51.6, 2.2, 10.6, 1652917111.9254022
54.0, 54.5, 8.0, 6.7, 1652917112.4264765
57.7, 59.2, 11.8, 14.3, 1652917112.92756
55.9, 54.5, 6.3, 6.7, 1652917113.4284859
0.0, 2.0, 0.0, 2.0, 1652917113.9294546
0.0, 0.0, 0.0, 0.0, 1652917114.4304073
0.0, 0.0, 2.0, 0.0, 1652917114.9313672
33.9, 32.7, 4.2, 6.5, 1652917115.4323936
54.1, 62.9, 12.2, 11.9, 1652917115.9336786
55.9, 62.0, 10.2, 21.3, 1652917116.434919
50.0, 59.1, 8.5, 14.0, 1652917116.9360552
54.5, 61.2, 8.3, 22.4, 1652917117.4372122
54.7, 59.4, 16.0, 32.1, 1652917117.9383464
54.5, 61.4, 6.2, 22.4, 1652917118.4395053
55.2, 59.7, 4.3, 18.2, 1652917118.9404774
57.4, 61.2, 8.3, 24.0, 1652917119.4416764
54.7, 62.5, 12.2, 24.5, 1652917119.9428105
32.8, 35.6, 6.0, 10.4, 1652917120.4437423
0.0, 0.0, 0.0, 2.1, 1652917120.9447782
0.0, 0.0, 3.8, 0.0, 1652917121.4458191
2.0, 2.0, 0.0, 2.0, 1652917121.94674
57.8, 60.0, 6.7, 9.3, 1652917122.44768
60.6, 63.8, 10.6, 15.6, 1652917122.948611
57.1, 61.8, 12.5, 18.4, 1652917123.449645
63.4, 63.8, 6.7, 20.4, 1652917123.9507475
58.8, 60.9, 6.5, 19.6, 1652917124.451784
59.1, 59.4, 8.7, 18.8, 1652917124.9528635
60.9, 62.0, 6.4, 16.3, 1652917125.4540143
61.4, 60.3, 10.6, 16.7, 1652917125.9549806
58.5, 63.4, 8.5, 16.7, 1652917126.4558961
59.7, 59.7, 16.0, 14.6, 1652917126.9569538
3.9, 2.0, 2.0, 0.0, 1652917127.458011
0.0, 2.0, 3.9, 4.0, 1652917127.9590108
0.0, 0.0, 0.0, 2.0, 1652917128.4600043
29.1, 33.3, 2.1, 4.4, 1652917128.9611604
63.6, 64.1, 10.4, 15.6, 1652917129.4623406
62.7, 65.7, 8.9, 19.6, 1652917129.9633694
55.7, 63.2, 6.4, 11.1, 1652917130.464335
58.7, 63.2, 10.2, 11.6, 1652917130.9654264
58.5, 61.8, 6.4, 16.7, 1652917131.4665072
59.1, 62.7, 4.3, 16.7, 1652917131.9676032
59.4, 60.6, 2.2, 6.8, 1652917132.46857
58.7, 61.2, 8.3, 14.9, 1652917132.9700737
59.7, 61.8, 4.3, 8.9, 1652917133.4712007
40.7, 41.7, 8.0, 10.4, 1652917133.972158
0.0, 2.0, 0.0, 0.0, 1652917134.4731255
0.0, 0.0, 0.0, 3.9, 1652917134.9740918
0.0, 2.0, 2.0, 0.0, 1652917135.4750013
59.3, 58.3, 8.5, 11.9, 1652917135.9759657
63.1, 62.3, 8.3, 13.3, 1652917136.4771051
63.1, 63.1, 0.0, 6.8, 1652917136.9781775
59.0, 59.0, 4.3, 6.7, 1652917137.4792614
62.9, 61.3, 10.4, 17.0, 1652917137.9801958
63.6, 63.1, 4.3, 10.6, 1652917138.481362
59.3, 59.7, 8.3, 7.0, 1652917138.982544
60.3, 62.5, 6.3, 12.5, 1652917139.483652
59.3, 60.7, 16.7, 26.5, 1652917139.9848127
60.0, 60.3, 8.3, 11.1, 1652917140.4860272
7.8, 8.0, 0.0, 2.2, 1652917140.9870899
0.0, 0.0, 0.0, 0.0, 1652917141.488012
0.0, 0.0, 2.0, 2.0, 1652917141.988932
26.4, 27.8, 2.1, 0.0, 1652917142.4901998
63.3, 68.3, 6.4, 9.3, 1652917142.9915435
62.9, 68.3, 2.2, 9.1, 1652917143.492694
63.5, 65.6, 6.2, 11.1, 1652917143.9938476
59.3, 66.1, 6.3, 11.1, 1652917144.494905
60.7, 63.9, 4.3, 4.8, 1652917144.9958413
55.4, 62.3, 2.2, 6.8, 1652917145.4971035
59.6, 65.0, 4.3, 15.2, 1652917145.9982162
55.4, 62.1, 6.2, 10.9, 1652917146.499361
57.1, 62.3, 4.3, 11.1, 1652917147.0003839
40.7, 42.4, 2.1, 8.3, 1652917147.501462
0.0, 4.0, 2.0, 2.0, 1652917148.0024443
2.0, 0.0, 0.0, 0.0, 1652917148.503401
0.0, 0.0, 0.0, 0.0, 1652917149.0043178
52.8, 57.1, 11.1, 17.0, 1652917149.505344
60.3, 62.7, 13.0, 13.3, 1652917150.006198
57.1, 63.3, 10.9, 9.3, 1652917150.5074008
59.6, 62.1, 8.9, 12.2, 1652917151.0085561
60.0, 62.1, 10.6, 9.5, 1652917151.5096815
62.1, 64.4, 4.8, 15.6, 1652917152.010773
63.9, 64.4, 4.7, 13.0, 1652917152.5117338
59.6, 62.5, 11.1, 18.0, 1652917153.0127857
61.7, 65.1, 4.5, 9.1, 1652917153.5139568
63.3, 66.7, 9.1, 11.1, 1652917154.0149012
10.0, 15.1, 2.0, 0.0, 1652917154.515881
2.0, 0.0, 2.0, 2.0, 1652917155.0168574
0.0, 0.0, 0.0, 0.0, 1652917155.5179887
24.5, 25.5, 4.2, 6.5, 1652917156.0190365
64.3, 62.3, 8.9, 11.9, 1652917156.520067
62.5, 61.8, 8.9, 13.3, 1652917157.0211856
67.2, 67.2, 4.5, 11.1, 1652917157.5221245
66.1, 65.5, 13.0, 21.7, 1652917158.0233915
67.7, 66.1, 6.7, 9.3, 1652917158.524896
66.1, 67.7, 16.3, 13.6, 1652917159.026117
66.1, 63.0, 8.7, 7.1, 1652917159.5272343
63.6, 65.5, 12.8, 13.6, 1652917160.028384
68.9, 66.1, 2.3, 7.5, 1652917160.529546
43.4, 44.4, 6.4, 10.9, 1652917161.0305352
0.0, 0.0, 0.0, 0.0, 1652917161.5314875
2.0, 3.9, 2.0, 0.0, 1652917162.0324578
0.0, 0.0, 0.0, 0.0, 1652917162.5333512
50.0, 54.9, 8.5, 9.5, 1652917163.03455
58.8, 68.4, 6.7, 9.5, 1652917163.5357544
63.6, 70.0, 10.9, 21.7, 1652917164.0370722
67.8, 69.6, 6.7, 14.0, 1652917164.5380921
63.8, 66.7, 10.6, 9.8, 1652917165.0391102
65.5, 70.0, 12.5, 22.2, 1652917165.5403116
66.7, 70.2, 8.7, 12.5, 1652917166.041752
66.1, 69.1, 6.7, 14.6, 1652917166.5428183
67.8, 71.2, 8.9, 20.0, 1652917167.043942
60.8, 69.0, 8.5, 9.5, 1652917167.5449753
12.2, 14.0, 4.2, 6.1, 1652917168.0459876
0.0, 0.0, 0.0, 0.0, 1652917168.5469003
2.0, 0.0, 2.0, 2.0, 1652917169.0478475
22.0, 25.0, 2.1, 0.0, 1652917169.5490766
66.0, 68.5, 8.9, 7.5, 1652917170.0502727
71.9, 70.9, 6.7, 10.0, 1652917170.5515673
67.3, 67.3, 7.1, 22.2, 1652917171.0526588
64.7, 67.3, 2.4, 11.6, 1652917171.5538566
69.8, 71.7, 8.7, 17.4, 1652917172.054852
66.7, 69.2, 4.5, 5.0, 1652917172.5559468
68.6, 69.2, 6.7, 13.6, 1652917173.0572302
67.9, 69.1, 0.0, 4.9, 1652917173.558292
71.9, 71.4, 10.9, 11.9, 1652917174.0593617
46.9, 48.0, 0.0, 4.5, 1652917174.560319
0.0, 0.0, 2.0, 2.0, 1652917175.0612535
0.0, 0.0, 0.0, 2.0, 1652917175.5621843
0.0, 2.0, 2.0, 0.0, 1652917176.063099
52.0, 54.0, 4.4, 8.9, 1652917176.5640912
70.6, 73.1, 4.7, 9.3, 1652917177.0652795
68.6, 73.1, 4.5, 8.9, 1652917177.5660827
73.5, 76.9, 9.3, 18.2, 1652917178.067169
68.6, 70.6, 0.0, 6.8, 1652917178.5682967
71.2, 73.1, 8.9, 11.6, 1652917179.0694163
70.0, 74.5, 10.9, 9.3, 1652917179.5705104
69.8, 73.6, 9.1, 13.3, 1652917180.0717077
69.4, 73.1, 16.0, 11.9, 1652917180.5729423
71.7, 73.6, 11.1, 14.3, 1652917181.0741932
19.6, 18.4, 4.1, 6.4, 1652917181.575347
0.0, 3.9, 0.0, 0.0, 1652917182.0762882
2.0, 0.0, 0.0, 0.0, 1652917182.5773015
21.6, 18.4, 2.1, 4.1, 1652917183.0783348
78.8, 79.6, 6.7, 6.5, 1652917183.5794253
77.4, 78.2, 13.0, 6.7, 1652917184.0805058
78.8, 77.8, 4.7, 10.6, 1652917184.5816207
74.5, 75.0, 4.7, 4.4, 1652917185.082701
73.1, 73.6, 4.5, 6.5, 1652917185.5837452
77.4, 74.5, 6.8, 12.8, 1652917186.0848541
75.9, 77.4, 10.9, 6.7, 1652917186.585976
74.1, 73.1, 4.5, 8.5, 1652917187.0870414
73.1, 75.0, 0.0, 8.7, 1652917187.5880594
61.5, 60.0, 14.9, 10.6, 1652917188.0890481
0.0, 0.0, 0.0, 0.0, 1652917188.5899858
0.0, 0.0, 0.0, 0.0, 1652917189.0909224
0.0, 0.0, 0.0, 3.9, 1652917189.5918388
52.1, 54.9, 4.4, 10.9, 1652917190.0928159
72.9, 71.7, 10.9, 7.3, 1652917190.5939555
73.1, 71.4, 6.8, 15.9, 1652917191.0951464
76.5, 74.5, 0.0, 11.4, 1652917191.5962908
79.2, 80.4, 12.8, 15.6, 1652917192.097438
71.2, 68.1, 4.5, 9.1, 1652917192.5980396
76.0, 72.9, 2.4, 4.9, 1652917193.099132
75.5, 77.4, 4.4, 7.0, 1652917193.6002736
80.8, 83.9, 7.0, 15.6, 1652917194.1011543
76.9, 76.0, 8.7, 9.3, 1652917194.6021054
25.5, 24.0, 4.0, 2.1, 1652917195.10312
2.0, 0.0, 0.0, 0.0, 1652917195.6040628
0.0, 2.0, 3.8, 0.0, 1652917196.105026
8.2, 12.0, 0.0, 2.1, 1652917196.6060815
75.5, 76.0, 6.5, 9.8, 1652917197.107106
76.6, 78.8, 2.3, 7.5, 1652917197.608136
80.8, 81.1, 11.1, 22.7, 1652917198.109286
80.9, 80.8, 2.3, 7.7, 1652917198.6101608
75.5, 74.5, 4.4, 12.2, 1652917199.1112487
76.6, 76.1, 6.5, 14.0, 1652917199.6124864
78.4, 76.9, 12.8, 21.4, 1652917200.1136584
80.4, 80.8, 4.7, 15.4, 1652917200.6149807
76.6, 78.8, 4.4, 14.6, 1652917201.1162775
65.3, 67.9, 2.2, 7.3, 1652917201.6172955
0.0, 0.0, 2.0, 0.0, 1652917202.118224
0.0, 0.0, 0.0, 0.0, 1652917202.6192029
0.0, 0.0, 0.0, 0.0, 1652917203.1201656
54.0, 51.0, 4.4, 4.4, 1652917203.6212766
78.4, 81.1, 7.1, 7.5, 1652917204.1224055
82.0, 81.6, 9.3, 9.3, 1652917204.623507
82.0, 81.1, 9.1, 7.1, 1652917205.1248264
79.6, 81.6, 2.5, 7.3, 1652917205.6259594
79.2, 78.0, 7.1, 13.6, 1652917206.1271434
80.0, 78.8, 9.1, 9.5, 1652917206.6282604
79.2, 78.4, 11.4, 11.6, 1652917207.1293814
81.2, 78.3, 4.8, 4.9, 1652917207.6304684
81.6, 82.4, 20.0, 18.6, 1652917208.1315873
25.0, 22.9, 0.0, 4.2, 1652917208.6326776
2.0, 2.0, 0.0, 0.0, 1652917209.1336029
0.0, 0.0, 0.0, 2.0, 1652917209.6345618
2.0, 2.0, 4.0, 0.0, 1652917210.1354969
0.0, 2.0, 0.0, 2.0, 1652917210.636473
2.0, 0.0, 0.0, 0.0, 1652917211.137393
0.0, 0.0, 0.0, 0.0, 1652917211.6384706
0.0, 2.0, 2.0, 3.9, 1652917212.1393752
0.0, 0.0, 0.0, 0.0, 1652917212.6403196
0.0, 2.0, 0.0, 0.0, 1652917213.1412487
2.0, 0.0, 0.0, 0.0, 1652917213.6421824