0.0, 2.0, 3.9, 2.0, 1652916739.0597193
0.0, 2.0, 4.0, 0.0, 1652916739.560701
3.9, 2.0, 0.0, 2.0, 1652916740.0616539
2.0, 0.0, 2.0, 2.0, 1652916740.5627897
0.0, 0.0, 2.0, 0.0, 1652916741.063739
0.0, 0.0, 0.0, 0.0, 1652916741.5646756
0.0, 3.8, 2.0, 0.0, 1652916742.0656202
2.0, 0.0, 0.0, 2.0, 1652916742.5666256
0.0, 0.0, 0.0, 0.0, 1652916743.067599
2.0, 0.0, 0.0, 0.0, 1652916743.5685437
0.0, 4.2, 2.0, 6.1, 1652916744.0698469
2.1, 4.1, 0.0, 0.0, 1652916744.570875
2.1, 0.0, 0.0, 0.0, 1652916745.0719502
0.0, 2.1, 0.0, 2.2, 1652916745.5730412
0.0, 2.1, 0.0, 0.0, 1652916746.0739996
2.1, 0.0, 2.0, 2.1, 1652916746.5749214
0.0, 0.0, 0.0, 2.1, 1652916747.0758712
2.1, 0.0, 4.0, 2.0, 1652916747.57679
4.2, 4.2, 0.0, 2.1, 1652916748.0779421
0.0, 0.0, 4.0, 0.0, 1652916748.578931
2.0, 0.0, 0.0, 2.0, 1652916749.0798452
0.0, 0.0, 3.8, 2.0, 1652916749.580846
2.0, 2.0, 0.0, 0.0, 1652916750.0818202
6.2, 6.1, 2.0, 2.2, 1652916750.582738
6.4, 4.3, 2.0, 6.1, 1652916751.0836847
6.4, 4.3, 0.0, 4.2, 1652916751.5846207
6.5, 8.3, 2.0, 2.1, 1652916752.0855792
6.4, 6.2, 2.1, 4.1, 1652916752.5865383
6.3, 4.3, 2.0, 2.1, 1652916753.087507
10.2, 6.3, 2.0, 4.1, 1652916753.588463
6.5, 8.2, 0.0, 6.1, 1652916754.0894928
8.3, 6.3, 0.0, 2.1, 1652916754.5904295
8.3, 8.3, 3.9, 2.1, 1652916755.0914338
2.1, 2.0, 0.0, 0.0, 1652916755.5924091
2.0, 0.0, 2.0, 0.0, 1652916756.0933876
0.0, 0.0, 0.0, 0.0, 1652916756.5943902
6.0, 4.0, 0.0, 3.9, 1652916757.0953805
20.8, 15.7, 4.2, 4.3, 1652916757.596313
28.1, 17.3, 9.8, 13.2, 1652916758.0974839
25.0, 6.5, 4.1, 4.2, 1652916758.5985775
19.6, 15.4, 8.0, 8.3, 1652916759.099577
19.6, 15.7, 2.1, 8.0, 1652916759.600552
19.6, 16.0, 6.1, 4.3, 1652916760.10159
25.5, 20.4, 6.1, 10.2, 1652916760.6025426
20.8, 14.0, 2.1, 10.4, 1652916761.1035612
22.2, 14.0, 4.2, 10.4, 1652916761.604796
19.2, 13.7, 4.1, 4.2, 1652916762.1057472
0.0, 0.0, 0.0, 0.0, 1652916762.606717
0.0, 0.0, 0.0, 0.0, 1652916763.1076531
2.0, 2.0, 0.0, 0.0, 1652916763.608596
17.0, 8.3, 4.1, 2.1, 1652916764.1096194
35.5, 27.6, 11.8, 20.0, 1652916764.6106355
31.7, 28.1, 4.2, 13.5, 1652916765.1116152
37.5, 30.0, 8.2, 15.1, 1652916765.6125364
31.0, 24.1, 4.3, 10.2, 1652916766.1135526
36.5, 27.6, 13.2, 13.7, 1652916766.6145136
33.3, 29.3, 12.0, 17.3, 1652916767.1154318
32.8, 22.2, 10.0, 19.6, 1652916767.6163473
33.9, 25.5, 6.3, 20.0, 1652916768.11735
29.3, 24.6, 9.8, 11.8, 1652916768.6180234
13.5, 11.5, 7.8, 8.0, 1652916769.1189287
2.0, 0.0, 2.0, 0.0, 1652916769.6198792
2.0, 0.0, 2.0, 2.0, 1652916770.120834
2.0, 0.0, 0.0, 0.0, 1652916770.621944
37.7, 37.1, 4.0, 10.4, 1652916771.1228817
43.1, 40.0, 4.1, 17.6, 1652916771.6238022
44.1, 39.1, 7.8, 15.7, 1652916772.1247132
44.1, 43.5, 4.0, 23.2, 1652916772.6258047
44.9, 39.1, 2.0, 10.2, 1652916773.126718
41.5, 33.3, 0.0, 18.9, 1652916773.627675
44.9, 40.0, 4.0, 22.2, 1652916774.1285808
44.1, 35.0, 5.9, 18.5, 1652916774.6298556
38.1, 31.0, 4.0, 17.0, 1652916775.1308954
40.6, 35.0, 4.1, 25.5, 1652916775.6319723
0.0, 2.0, 0.0, 0.0, 1652916776.1329398
2.0, 0.0, 2.0, 4.1, 1652916776.6338832
0.0, 2.0, 2.0, 2.0, 1652916777.1348
24.6, 21.4, 4.1, 6.1, 1652916777.6357107
45.6, 42.4, 8.0, 14.9, 1652916778.136628
44.8, 44.9, 8.0, 20.8, 1652916778.6378288
44.1, 39.1, 6.1, 16.3, 1652916779.1389396
43.3, 39.1, 11.5, 21.2, 1652916779.6399033
48.6, 40.3, 8.2, 23.1, 1652916780.1408322
47.8, 42.4, 8.0, 18.7, 1652916780.6418693
48.6, 41.3, 6.1, 13.3, 1652916781.1428022
48.6, 41.8, 11.5, 21.2, 1652916781.6437554
47.9, 39.7, 2.2, 18.0, 1652916782.1446798
25.9, 24.6, 4.0, 10.0, 1652916782.645617
2.0, 0.0, 0.0, 2.0, 1652916783.1465867
0.0, 0.0, 0.0, 0.0, 1652916783.6475813
2.0, 0.0, 2.0, 0.0, 1652916784.148504
52.1, 42.2, 6.4, 12.2, 1652916784.649912
57.1, 52.7, 6.2, 12.2, 1652916785.1510272
55.8, 49.3, 10.2, 17.3, 1652916785.651918
56.0, 49.3, 10.2, 12.5, 1652916786.1528232
56.0, 50.7, 8.2, 17.6, 1652916786.6540267
54.7, 47.1, 10.4, 16.0, 1652916787.154996
56.0, 49.3, 18.5, 15.7, 1652916787.6559055
55.3, 47.1, 12.0, 14.0, 1652916788.1569364
58.5, 48.6, 6.2, 8.3, 1652916788.6580637
57.1, 48.6, 12.0, 22.6, 1652916789.158998
5.9, 3.9, 2.0, 4.0, 1652916789.659969
4.0, 2.0, 0.0, 0.0, 1652916790.160927
0.0, 0.0, 2.0, 4.1, 1652916790.6619375
30.0, 24.6, 4.1, 6.7, 1652916791.1629152
57.5, 53.3, 6.4, 25.0, 1652916791.6638885
56.6, 48.5, 10.0, 23.1, 1652916792.1647968
59.2, 51.4, 12.0, 23.1, 1652916792.6658995
57.7, 52.1, 6.2, 18.4, 1652916793.1668398
58.2, 51.4, 10.2, 12.8, 1652916793.667746
59.0, 52.7, 10.0, 22.0, 1652916794.1687422
57.9, 50.0, 12.0, 19.6, 1652916794.6699748
58.4, 52.0, 10.0, 16.7, 1652916795.1709535
59.5, 49.3, 11.8, 19.6, 1652916795.6718946
40.0, 34.4, 8.0, 18.9, 1652916796.1728435
2.0, 0.0, 2.0, 0.0, 1652916796.6737928
2.0, 2.0, 2.0, 0.0, 1652916797.1747677
2.0, 2.0, 0.0, 0.0, 1652916797.6756818
55.6, 50.7, 2.3, 8.9, 1652916798.176614
60.8, 56.6, 10.6, 17.0, 1652916798.677865
62.3, 56.6, 14.0, 20.4, 1652916799.1790638
60.3, 52.9, 6.7, 17.0, 1652916799.6800067
60.8, 56.0, 8.5, 22.0, 1652916800.1809082
61.5, 56.6, 12.5, 21.7, 1652916800.6821597
60.5, 56.0, 14.0, 21.6, 1652916801.183174
59.0, 52.7, 8.3, 14.9, 1652916801.683659
60.3, 54.7, 14.0, 18.4, 1652916802.1846182
61.0, 54.7, 12.2, 16.3, 1652916802.685918
9.4, 7.8, 3.9, 4.0, 1652916803.1868942
0.0, 0.0, 2.0, 0.0, 1652916803.6879053
3.9, 2.0, 2.0, 2.0, 1652916804.1888466
25.0, 22.8, 0.0, 2.1, 1652916804.6899514
64.0, 58.4, 10.4, 13.3, 1652916805.1909707
63.5, 58.7, 6.7, 23.4, 1652916805.6920245
64.5, 55.6, 8.7, 19.6, 1652916806.1930144
63.5, 56.2, 14.3, 23.4, 1652916806.6945715
63.5, 56.2, 12.8, 24.5, 1652916807.195563
63.6, 56.8, 8.7, 20.4, 1652916807.6965268
63.5, 56.8, 17.3, 22.0, 1652916808.1975744
62.2, 56.8, 10.4, 20.4, 1652916808.6989768
63.2, 55.4, 8.5, 17.4, 1652916809.199953
47.7, 43.1, 11.8, 19.2, 1652916809.7008781
0.0, 2.0, 2.0, 3.9, 1652916810.2018442
2.0, 0.0, 0.0, 0.0, 1652916810.7027786
0.0, 0.0, 0.0, 2.0, 1652916811.2034585
55.7, 50.0, 4.3, 7.3, 1652916811.7043843
64.4, 57.5, 6.7, 22.2, 1652916812.2054322
65.3, 59.2, 8.5, 22.2, 1652916812.7065403
64.4, 56.3, 8.7, 18.6, 1652916813.2076035
63.5, 58.4, 6.4, 14.3, 1652916813.708544
64.4, 58.3, 10.6, 25.5, 1652916814.2095675
63.0, 56.8, 15.7, 26.5, 1652916814.7108374
61.6, 57.5, 10.4, 21.7, 1652916815.2118042
64.0, 57.9, 6.4, 23.4, 1652916815.7127469
64.9, 58.1, 10.4, 26.0, 1652916816.214042
16.7, 15.1, 2.0, 4.2, 1652916816.7150562
2.0, 0.0, 0.0, 0.0, 1652916817.215968
0.0, 0.0, 3.8, 0.0, 1652916817.71691
21.8, 23.2, 4.2, 6.2, 1652916818.2180295
66.2, 60.5, 4.5, 22.2, 1652916818.7190423
63.0, 58.9, 10.9, 24.4, 1652916819.2200341
66.7, 60.6, 16.7, 22.7, 1652916819.72093
66.2, 61.1, 14.9, 24.4, 1652916820.2219515
65.3, 59.7, 12.5, 29.8, 1652916820.7230384
61.4, 60.3, 12.5, 25.0, 1652916821.2241077
64.0, 60.5, 6.5, 20.9, 1652916821.725009
64.4, 60.3, 8.5, 25.0, 1652916822.2260163
63.5, 60.5, 10.6, 15.9, 1652916822.727044
50.0, 46.3, 10.0, 11.1, 1652916823.2280097
0.0, 0.0, 0.0, 0.0, 1652916823.728962
0.0, 0.0, 2.0, 2.0, 1652916824.2299244
0.0, 2.0, 0.0, 0.0, 1652916824.7308552
52.5, 49.2, 4.7, 4.5, 1652916825.231796
66.2, 63.0, 15.6, 17.0, 1652916825.7327418
68.1, 62.5, 19.1, 20.4, 1652916826.2341173
65.7, 62.5, 15.2, 11.1, 1652916826.735135
68.1, 62.2, 15.2, 17.0, 1652916827.2357233
66.7, 63.5, 11.1, 18.0, 1652916827.7366931
65.8, 58.0, 13.3, 14.9, 1652916828.2377973
66.7, 61.6, 6.8, 14.6, 1652916828.7390497
66.2, 62.7, 11.1, 10.9, 1652916829.2401602
64.4, 60.8, 12.8, 14.6, 1652916829.7411199
22.6, 23.2, 8.0, 8.0, 1652916830.242209
3.9, 0.0, 2.0, 6.0, 1652916830.743138
0.0, 2.0, 0.0, 0.0, 1652916831.2440958
13.7, 16.7, 2.0, 0.0, 1652916831.7448974
67.7, 64.7, 9.1, 7.7, 1652916832.2455952
68.1, 63.9, 6.8, 15.6, 1652916832.7467716
66.7, 63.5, 8.7, 11.4, 1652916833.2478917
67.1, 62.0, 6.7, 15.2, 1652916833.7488604
67.1, 61.8, 10.6, 20.4, 1652916834.2500284
67.1, 62.5, 4.4, 18.4, 1652916834.7512734
65.2, 60.3, 10.6, 13.3, 1652916835.2522795
65.2, 62.0, 16.3, 20.0, 1652916835.7533457
68.6, 60.3, 10.6, 14.0, 1652916836.2542238
56.7, 53.7, 6.4, 14.6, 1652916836.7553291
0.0, 0.0, 2.0, 2.0, 1652916837.2562475
2.0, 2.0, 2.0, 2.0, 1652916837.7571898
0.0, 0.0, 0.0, 0.0, 1652916838.2581315
50.9, 47.5, 8.3, 8.9, 1652916838.7591574
69.2, 60.9, 16.0, 15.2, 1652916839.260306
69.2, 64.3, 23.1, 30.2, 1652916839.761325
66.7, 59.4, 10.4, 17.0, 1652916840.2625406
68.8, 63.0, 4.4, 12.2, 1652916840.7638218
70.8, 61.5, 8.7, 11.4, 1652916841.264744
67.7, 60.0, 4.3, 13.0, 1652916841.7658222
66.7, 59.4, 8.5, 7.0, 1652916842.2664714
68.2, 60.6, 6.4, 12.8, 1652916842.7676098
67.6, 61.4, 4.4, 13.0, 1652916843.2686858
27.3, 22.6, 2.0, 6.1, 1652916843.7695835
0.0, 0.0, 2.0, 2.0, 1652916844.2705615
2.0, 2.0, 0.0, 0.0, 1652916844.7715192
6.1, 8.0, 3.9, 2.1, 1652916845.2727847
70.3, 65.2, 11.6, 19.5, 1652916845.7739117
69.7, 61.8, 12.8, 16.7, 1652916846.2750654
67.7, 59.4, 14.6, 25.5, 1652916846.7761078
66.1, 58.1, 18.8, 26.1, 1652916847.277189
66.7, 62.3, 14.6, 20.5, 1652916847.7787104
69.2, 64.3, 12.8, 21.7, 1652916848.279903
69.6, 63.8, 10.9, 16.3, 1652916848.7809784
67.7, 62.3, 14.9, 30.6, 1652916849.282025
69.1, 63.2, 13.0, 24.4, 1652916849.7831054
60.9, 52.5, 10.9, 19.6, 1652916850.284072
0.0, 3.9, 0.0, 0.0, 1652916850.785012
2.0, 0.0, 0.0, 0.0, 1652916851.2859578
0.0, 0.0, 2.0, 2.0, 1652916851.7869432
44.2, 37.0, 12.5, 5.0, 1652916852.287709
71.4, 59.7, 2.3, 12.2, 1652916852.7888842
68.9, 56.7, 4.5, 10.3, 1652916853.2899847
71.4, 58.1, 6.8, 12.8, 1652916853.7913008
69.8, 58.1, 4.5, 14.3, 1652916854.292448
70.0, 61.5, 4.7, 16.7, 1652916854.7939136
69.8, 56.7, 8.7, 22.2, 1652916855.2953122
68.8, 59.7, 14.6, 20.5, 1652916855.7965798
70.3, 60.3, 10.9, 18.6, 1652916856.2978778
68.9, 57.4, 4.5, 20.5, 1652916856.7988167
33.3, 25.0, 15.4, 12.8, 1652916857.2998137
0.0, 2.0, 0.0, 2.0, 1652916857.8007534
0.0, 0.0, 0.0, 0.0, 1652916858.3016832
3.9, 2.0, 0.0, 0.0, 1652916858.8027458
68.5, 63.8, 8.5, 17.5, 1652916859.3037834
69.5, 62.1, 8.7, 23.3, 1652916859.8047054
69.1, 65.0, 6.5, 14.6, 1652916860.3057492
69.0, 63.3, 6.5, 20.5, 1652916860.8072348
69.5, 63.3, 10.4, 14.6, 1652916861.3084304
67.9, 63.2, 4.3, 26.1, 1652916861.809577
70.0, 62.7, 8.5, 12.8, 1652916862.310998
66.7, 61.1, 4.3, 20.5, 1652916862.812271
67.3, 60.0, 8.5, 16.7, 1652916863.3132944
66.7, 59.3, 8.5, 19.0, 1652916863.8141325
3.9, 3.8, 2.0, 0.0, 1652916864.3150628
0.0, 0.0, 0.0, 0.0, 1652916864.816024
2.0, 0.0, 0.0, 2.0, 1652916865.3165786
34.7, 30.0, 6.5, 14.0, 1652916865.8180103
70.2, 56.9, 8.9, 19.5, 1652916866.3193214
70.9, 53.8, 7.0, 15.0, 1652916866.8202689
71.9, 56.9, 15.2, 30.4, 1652916867.321238
71.4, 56.6, 7.0, 8.1, 1652916867.8224328
73.3, 58.9, 9.1, 15.4, 1652916868.3239045
70.4, 53.1, 4.7, 17.1, 1652916868.8255959
69.2, 57.4, 11.1, 15.0, 1652916869.3272388
70.0, 59.3, 11.4, 23.8, 1652916869.828553
71.4, 54.0, 13.0, 20.9, 1652916870.3296824
36.5, 31.5, 8.3, 15.6, 1652916870.830764
0.0, 0.0, 0.0, 0.0, 1652916871.331744
0.0, 0.0, 0.0, 2.0, 1652916871.832818
2.0, 0.0, 2.0, 2.0, 1652916872.3338504
68.8, 53.3, 9.5, 10.0, 1652916872.8348825
72.0, 60.0, 11.4, 5.1, 1652916873.3358612
70.6, 55.3, 7.3, 7.7, 1652916873.836921
72.5, 53.5, 11.4, 16.3, 1652916874.338075
70.2, 58.3, 4.9, 5.3, 1652916874.8393505
73.5, 60.4, 11.6, 14.3, 1652916875.3406632
65.3, 52.2, 2.4, 11.9, 1652916875.8418887
70.2, 54.5, 7.3, 10.3, 1652916876.343194
65.0, 57.4, 4.9, 14.3, 1652916876.8444228
69.6, 53.3, 13.6, 22.2, 1652916877.345473
3.9, 3.9, 0.0, 2.0, 1652916877.8459835
0.0, 0.0, 0.0, 2.0, 1652916878.3469322
0.0, 0.0, 0.0, 0.0, 1652916878.847898
33.3, 33.3, 4.2, 7.0, 1652916879.3488986
76.9, 63.0, 8.7, 22.0, 1652916879.8500037
71.1, 63.8, 4.3, 8.3, 1652916880.35114
76.0, 65.2, 0.0, 18.4, 1652916880.8522694
69.8, 63.8, 2.2, 11.4, 1652916881.353195
74.5, 63.3, 2.2, 11.4, 1652916881.8541746
79.6, 68.1, 6.4, 8.1, 1652916882.3553097
69.6, 55.8, 2.2, 5.4, 1652916882.8565698
70.8, 65.4, 2.2, 10.3, 1652916883.3580987
79.2, 71.4, 6.4, 8.3, 1652916883.8594813
41.5, 29.8, 2.1, 2.4, 1652916884.3605716
0.0, 0.0, 0.0, 0.0, 1652916884.8615577
0.0, 2.0, 2.0, 2.0, 1652916885.362504
0.0, 0.0, 0.0, 0.0, 1652916885.8634307
71.4, 59.6, 5.1, 10.3, 1652916886.3644302
78.7, 63.8, 0.0, 2.6, 1652916886.865467
78.0, 64.4, 14.3, 15.4, 1652916887.366281
74.5, 59.1, 7.5, 12.2, 1652916887.8675
76.0, 59.5, 7.5, 12.5, 1652916888.3685842
75.0, 60.5, 7.1, 10.0, 1652916888.8698556
74.5, 64.7, 5.0, 2.6, 1652916889.3709497
78.4, 64.4, 12.2, 12.8, 1652916889.8721225
70.8, 57.8, 7.1, 7.7, 1652916890.3732991
76.1, 63.3, 5.0, 2.9, 1652916890.874592
4.0, 4.1, 2.0, 0.0, 1652916891.3756444
2.0, 0.0, 2.0, 2.0, 1652916891.8766003
2.0, 0.0, 0.0, 0.0, 1652916892.3777895
36.0, 30.0, 0.0, 2.3, 1652916892.878964
74.5, 59.6, 4.7, 5.6, 1652916893.380219
80.0, 66.0, 2.4, 8.3, 1652916893.8812904
83.0, 70.4, 4.9, 17.5, 1652916894.3825114
81.8, 70.4, 2.4, 0.0, 1652916894.883755
84.6, 72.7, 10.9, 15.4, 1652916895.3849237
83.3, 71.7, 7.0, 16.7, 1652916895.8862011
82.7, 71.7, 4.7, 10.8, 1652916896.3874476
78.8, 59.1, 2.4, 5.6, 1652916896.8885777
79.2, 67.9, 9.1, 18.4, 1652916897.389935
47.1, 43.4, 4.3, 4.8, 1652916897.890987
0.0, 0.0, 0.0, 0.0, 1652916898.391904
2.0, 0.0, 0.0, 2.0, 1652916898.8928564
0.0, 0.0, 2.0, 0.0, 1652916899.3938887
60.4, 58.5, 7.1, 10.3, 1652916899.8948991
86.5, 78.4, 4.9, 10.5, 1652916900.3959477
81.5, 73.6, 7.1, 8.8, 1652916900.8969817
77.1, 68.8, 4.9, 12.8, 1652916901.3981204
84.9, 76.4, 7.1, 12.8, 1652916901.8994327
81.5, 73.6, 4.9, 8.1, 1652916902.4008145
77.6, 66.0, 4.8, 7.7, 1652916902.9020455
79.2, 73.1, 9.1, 5.4, 1652916903.4035916
83.6, 75.9, 11.4, 15.0, 1652916903.904664
86.8, 76.5, 7.1, 10.5, 1652916904.4057112
19.6, 21.2, 0.0, 2.1, 1652916904.9064975
2.0, 0.0, 0.0, 0.0, 1652916905.407507
0.0, 2.0, 0.0, 2.0, 1652916905.908479
0.0, 0.0, 0.0, 0.0, 1652916906.4094508
0.0, 0.0, 0.0, 0.0, 1652916906.9103775
3.9, 0.0, 0.0, 2.0, 1652916907.4113116