0.0, 2.0, 0.0, 0.0, 1652917421.9105556
0.0, 0.0, 2.0, 0.0, 1652917422.411534
0.0, 0.0, 0.0, 0.0, 1652917422.9124722
2.0, 2.0, 0.0, 0.0, 1652917423.4134407
2.0, 3.9, 0.0, 0.0, 1652917423.9140155
0.0, 0.0, 0.0, 2.0, 1652917424.4149306
0.0, 0.0, 0.0, 0.0, 1652917424.915895
0.0, 2.1, 0.0, 2.0, 1652917425.416812
4.2, 0.0, 0.0, 0.0, 1652917425.9177608
0.0, 2.1, 0.0, 2.1, 1652917426.418673
0.0, 0.0, 0.0, 0.0, 1652917426.91967
0.0, 0.0, 0.0, 0.0, 1652917427.420591
4.2, 6.1, 0.0, 0.0, 1652917427.9215016
0.0, 0.0, 4.1, 2.1, 1652917428.4221642
2.1, 4.2, 0.0, 2.1, 1652917428.9231167
2.0, 3.9, 2.0, 2.0, 1652917429.4240618
0.0, 0.0, 0.0, 0.0, 1652917429.9247997
0.0, 0.0, 0.0, 2.0, 1652917430.4257512
3.9, 3.9, 2.0, 0.0, 1652917430.9267302
4.3, 0.0, 0.0, 0.0, 1652917431.427776
0.0, 2.2, 2.1, 2.1, 1652917431.9287286
0.0, 2.2, 2.0, 0.0, 1652917432.429747
2.2, 0.0, 0.0, 0.0, 1652917432.9308183
0.0, 0.0, 0.0, 4.1, 1652917433.4317641
0.0, 2.2, 0.0, 0.0, 1652917433.9326694
2.2, 0.0, 0.0, 2.1, 1652917434.4336016
2.2, 2.2, 2.0, 4.1, 1652917434.9346328
2.2, 0.0, 4.1, 0.0, 1652917435.435804
4.3, 0.0, 0.0, 0.0, 1652917435.9367552
0.0, 0.0, 3.9, 0.0, 1652917436.4377532
0.0, 0.0, 0.0, 2.0, 1652917436.9387696
0.0, 0.0, 0.0, 0.0, 1652917437.4397507
2.1, 0.0, 2.0, 2.1, 1652917437.9406645
2.3, 0.0, 0.0, 4.3, 1652917438.4416142
0.0, 4.7, 2.1, 2.2, 1652917438.9428258
6.7, 0.0, 4.2, 2.2, 1652917439.4438055
4.7, 4.7, 8.2, 4.4, 1652917439.9447262
4.7, 8.9, 2.1, 4.3, 1652917440.4456654
0.0, 0.0, 0.0, 2.3, 1652917440.9468827
2.3, 0.0, 2.1, 0.0, 1652917441.4479687
2.3, 2.3, 0.0, 2.2, 1652917441.9488838
2.3, 4.4, 0.0, 0.0, 1652917442.4499574
0.0, 0.0, 0.0, 0.0, 1652917442.950943
0.0, 0.0, 2.0, 0.0, 1652917443.4518867
0.0, 2.0, 0.0, 0.0, 1652917443.9528441
3.9, 0.0, 0.0, 2.0, 1652917444.453851
0.0, 2.4, 0.0, 0.0, 1652917444.954985
0.0, 0.0, 2.1, 0.0, 1652917445.455911
0.0, 2.4, 0.0, 2.3, 1652917445.9568527
4.7, 0.0, 0.0, 2.2, 1652917446.4581869
2.4, 0.0, 2.1, 2.2, 1652917446.9593256
2.4, 4.7, 4.1, 0.0, 1652917447.4602757
4.8, 4.8, 0.0, 0.0, 1652917447.9611893
11.1, 7.0, 6.3, 6.7, 1652917448.4620585
10.9, 8.9, 7.8, 10.4, 1652917448.9630966
9.1, 4.8, 4.2, 12.0, 1652917449.464046
2.0, 4.0, 2.0, 2.0, 1652917449.9650261
2.0, 2.0, 2.0, 6.0, 1652917450.4660785
0.0, 0.0, 0.0, 0.0, 1652917450.9670105
2.1, 2.1, 2.0, 6.4, 1652917451.467953
13.3, 17.4, 11.8, 17.6, 1652917451.9688656
13.0, 22.4, 13.5, 14.0, 1652917452.4698493
17.0, 29.1, 18.2, 18.9, 1652917452.9709663
22.0, 32.8, 11.8, 18.9, 1652917453.4720259
22.0, 29.6, 21.4, 19.2, 1652917453.9729767
29.1, 36.1, 18.2, 23.2, 1652917454.4740956
28.6, 35.6, 13.5, 21.8, 1652917454.97511
27.8, 33.3, 18.2, 25.9, 1652917455.4760482
31.6, 39.7, 27.9, 28.8, 1652917455.9770374
24.6, 33.3, 11.5, 18.2, 1652917456.4779918
0.0, 0.0, 0.0, 0.0, 1652917456.979004
0.0, 0.0, 0.0, 0.0, 1652917457.4799807
0.0, 0.0, 0.0, 0.0, 1652917457.9809158
32.2, 33.3, 19.3, 24.1, 1652917458.4819968
44.9, 49.3, 16.4, 31.0, 1652917458.983122
45.6, 49.3, 18.2, 33.3, 1652917459.4840653
47.2, 48.6, 14.8, 27.3, 1652917459.9849737
48.6, 50.0, 11.8, 32.1, 1652917460.4861417
47.9, 47.9, 11.3, 25.5, 1652917460.9872117
48.6, 51.3, 19.6, 32.8, 1652917461.4881203
47.9, 47.9, 9.8, 29.8, 1652917461.989051
47.9, 49.3, 13.2, 28.1, 1652917462.4901295
47.9, 52.6, 16.4, 28.6, 1652917462.991077
22.4, 20.7, 11.1, 11.3, 1652917463.492018
0.0, 2.0, 0.0, 0.0, 1652917463.9929895
2.0, 0.0, 2.0, 3.9, 1652917464.4939525
13.0, 11.3, 2.0, 0.0, 1652917464.9949539
50.0, 52.1, 13.5, 22.4, 1652917465.4958882
52.1, 55.1, 16.4, 33.3, 1652917465.9968011
53.3, 53.3, 11.8, 26.9, 1652917466.4979208
53.3, 54.5, 9.8, 24.5, 1652917466.9990351
56.8, 57.3, 13.5, 29.3, 1652917467.4999735
54.5, 54.5, 16.7, 21.6, 1652917468.000899
58.0, 57.5, 16.7, 32.8, 1652917468.5020156
55.1, 56.3, 18.2, 28.6, 1652917469.0030677
54.4, 56.2, 4.2, 28.6, 1652917469.5039988
49.3, 51.3, 11.5, 23.6, 1652917470.0049474
2.0, 2.0, 0.0, 4.1, 1652917470.5059807
0.0, 2.0, 2.0, 2.0, 1652917471.0069878
2.0, 0.0, 0.0, 2.0, 1652917471.5079472
40.9, 44.1, 8.3, 10.4, 1652917472.008855
57.0, 57.7, 17.3, 19.2, 1652917472.510012
58.0, 59.0, 8.5, 12.8, 1652917473.0111527
58.0, 58.0, 16.0, 14.3, 1652917473.5123272
57.7, 59.0, 8.5, 19.6, 1652917474.0132415
58.5, 58.8, 12.2, 16.3, 1652917474.514592
58.5, 58.8, 10.6, 14.3, 1652917475.0155878
59.0, 59.0, 8.5, 16.3, 1652917475.5165007
58.8, 59.3, 10.4, 12.8, 1652917476.0174036
58.5, 59.5, 10.4, 13.0, 1652917476.518141
26.2, 25.0, 0.0, 2.1, 1652917477.0191119
0.0, 0.0, 0.0, 2.0, 1652917477.5200403
0.0, 0.0, 0.0, 0.0, 1652917478.0210068
14.8, 16.4, 4.1, 4.1, 1652917478.5222723
59.5, 60.8, 13.3, 7.3, 1652917479.0236254
61.3, 60.8, 20.4, 18.8, 1652917479.5246024
59.8, 60.5, 16.7, 11.4, 1652917480.0255163
61.3, 61.7, 13.6, 15.9, 1652917480.5269356
58.2, 60.0, 9.1, 9.8, 1652917481.0279648
60.0, 59.5, 4.9, 14.0, 1652917481.5289361
61.4, 61.7, 9.3, 11.4, 1652917482.0301225
59.3, 59.5, 9.1, 14.6, 1652917482.531349
59.0, 60.0, 2.4, 4.8, 1652917483.0323095
53.9, 53.9, 6.8, 10.9, 1652917483.533309
0.0, 2.0, 3.8, 0.0, 1652917484.0343301
2.0, 2.0, 0.0, 0.0, 1652917484.5352726
0.0, 0.0, 0.0, 0.0, 1652917485.0362148
43.9, 43.1, 2.2, 2.3, 1652917485.5371313
63.6, 62.3, 4.4, 7.1, 1652917486.038448
62.8, 61.0, 4.5, 4.9, 1652917486.5400064
63.3, 61.5, 4.3, 4.8, 1652917487.0409546
61.8, 61.0, 6.5, 7.0, 1652917487.542087
63.2, 62.8, 4.5, 4.9, 1652917488.043302
63.6, 60.0, 6.5, 15.2, 1652917488.5442572
61.0, 61.8, 4.4, 4.9, 1652917489.0451977
64.1, 62.3, 4.4, 4.8, 1652917489.5465097
62.7, 61.0, 6.7, 9.3, 1652917490.0476863
31.7, 32.8, 2.1, 4.4, 1652917490.5486288
0.0, 0.0, 0.0, 0.0, 1652917491.0495749
0.0, 0.0, 0.0, 2.0, 1652917491.5505416
3.9, 4.0, 0.0, 0.0, 1652917492.0521665
62.2, 63.0, 4.4, 7.1, 1652917492.5533402
63.5, 64.4, 4.5, 2.5, 1652917493.054444
61.1, 60.9, 0.0, 7.3, 1652917493.5554702
62.2, 63.6, 4.4, 7.3, 1652917494.0564928
63.5, 62.0, 10.4, 11.4, 1652917494.557392
62.7, 62.5, 0.0, 4.9, 1652917495.058393
62.0, 63.0, 6.5, 11.9, 1652917495.5593743
61.3, 62.7, 4.4, 2.6, 1652917496.0604014
61.6, 63.0, 2.3, 9.5, 1652917496.5613065
57.7, 58.9, 2.2, 2.4, 1652917497.062201
2.0, 0.0, 2.0, 0.0, 1652917497.563123
0.0, 2.0, 0.0, 0.0, 1652917498.0640528
0.0, 2.0, 0.0, 0.0, 1652917498.5649831
39.0, 37.3, 4.3, 8.9, 1652917499.0660472
64.3, 61.4, 14.9, 2.9, 1652917499.5670874
61.8, 59.1, 8.7, 12.5, 1652917500.0682573
64.8, 63.4, 11.1, 15.4, 1652917500.5692227
63.4, 61.1, 4.5, 7.9, 1652917501.070411
61.4, 61.1, 4.5, 7.7, 1652917501.5719583
60.9, 60.9, 6.5, 7.3, 1652917502.0729992
61.4, 59.4, 4.4, 5.1, 1652917502.5743268
61.6, 58.0, 4.4, 2.6, 1652917503.0753236
57.6, 60.6, 4.5, 12.2, 1652917503.5762842
33.3, 33.3, 2.1, 4.3, 1652917504.0772483
5.7, 2.0, 2.0, 0.0, 1652917504.5781868
0.0, 0.0, 0.0, 0.0, 1652917505.0791075
0.0, 0.0, 2.0, 0.0, 1652917505.5800164
59.7, 61.7, 4.9, 9.5, 1652917506.0809767
58.7, 60.7, 5.0, 7.5, 1652917506.5822368
57.8, 60.0, 0.0, 0.0, 1652917507.083393
59.7, 60.3, 8.9, 2.4, 1652917507.584424
59.7, 64.3, 7.0, 8.9, 1652917508.085513
62.9, 60.6, 4.7, 6.8, 1652917508.5861695
61.4, 63.8, 18.4, 11.6, 1652917509.087314
57.8, 59.4, 6.8, 8.9, 1652917509.5883403
58.2, 55.9, 6.8, 6.8, 1652917510.0892887
58.7, 60.0, 11.1, 13.6, 1652917510.5905044
3.9, 0.0, 2.0, 0.0, 1652917511.0914767
0.0, 0.0, 0.0, 0.0, 1652917511.5925202
0.0, 0.0, 0.0, 2.0, 1652917512.093499
25.5, 19.1, 2.2, 4.5, 1652917512.5945194
53.6, 55.4, 5.3, 5.4, 1652917513.095723
54.5, 51.9, 7.5, 7.9, 1652917513.5966446
53.4, 55.9, 7.3, 14.0, 1652917514.0980263
58.7, 55.7, 9.5, 7.5, 1652917514.5992756
46.2, 48.1, 2.4, 2.6, 1652917515.1001945
48.1, 40.4, 2.5, 9.5, 1652917515.6011317
52.7, 44.9, 2.6, 7.3, 1652917516.1021411
50.0, 50.9, 7.3, 5.4, 1652917516.6032112
51.7, 47.2, 7.0, 9.8, 1652917517.1041472
30.9, 26.9, 6.4, 2.2, 1652917517.6051548
0.0, 2.0, 0.0, 0.0, 1652917518.1061122
2.0, 2.0, 0.0, 2.0, 1652917518.6070602
2.0, 2.0, 5.8, 2.0, 1652917519.1079662
46.9, 51.1, 5.0, 10.5, 1652917519.6084282
55.4, 59.3, 13.0, 14.6, 1652917520.1095145
55.2, 57.4, 9.5, 22.0, 1652917520.6102607
49.0, 57.9, 11.1, 14.6, 1652917521.1114366
53.6, 57.4, 7.0, 16.3, 1652917521.6125355
49.1, 53.8, 9.1, 7.5, 1652917522.113598
42.6, 44.4, 4.7, 9.8, 1652917522.6148083
47.1, 52.1, 10.9, 5.1, 1652917523.1157904
51.9, 55.4, 4.8, 14.0, 1652917523.6167076
49.1, 58.6, 16.7, 21.7, 1652917524.117848
4.0, 4.1, 2.0, 0.0, 1652917524.6188204
2.0, 2.0, 0.0, 0.0, 1652917525.1197667
0.0, 0.0, 0.0, 2.1, 1652917525.6207974
27.5, 26.0, 4.3, 4.5, 1652917526.1220167
60.4, 60.0, 9.5, 15.0, 1652917526.623289
50.0, 51.1, 7.1, 11.9, 1652917527.1243434
52.0, 53.1, 4.8, 15.6, 1652917527.625538
54.0, 56.0, 11.1, 21.3, 1652917528.1266506
57.4, 50.0, 9.1, 15.9, 1652917528.6279435
53.1, 58.5, 17.0, 25.5, 1652917529.1290374
54.0, 57.7, 9.1, 7.3, 1652917529.6301327
48.9, 57.7, 14.9, 13.6, 1652917530.1313741
57.7, 58.5, 11.6, 20.9, 1652917530.6325681
36.5, 36.0, 10.4, 10.9, 1652917531.133478
0.0, 0.0, 0.0, 0.0, 1652917531.6344085
0.0, 2.0, 0.0, 2.0, 1652917532.1353996
0.0, 0.0, 0.0, 0.0, 1652917532.6363525
60.0, 57.9, 7.3, 2.5, 1652917533.1374028
64.3, 60.0, 9.5, 13.3, 1652917533.6384888
62.5, 60.0, 17.8, 17.4, 1652917534.1395943
59.6, 59.3, 15.6, 15.2, 1652917534.6406307
62.3, 61.4, 13.6, 17.4, 1652917535.1416771
61.8, 59.3, 15.6, 13.0, 1652917535.6428657
63.6, 61.8, 15.6, 15.6, 1652917536.1441762
65.0, 64.5, 7.3, 13.6, 1652917536.6451716
64.9, 65.0, 13.6, 15.6, 1652917537.1463614
61.8, 59.6, 9.5, 11.1, 1652917537.6474607
8.2, 8.0, 7.7, 6.0, 1652917538.1484747
2.0, 0.0, 0.0, 2.0, 1652917538.649391
2.0, 3.9, 2.0, 0.0, 1652917539.1502972
23.5, 20.0, 4.2, 2.3, 1652917539.651407
66.1, 60.7, 9.1, 17.1, 1652917540.1524498
67.2, 66.1, 10.9, 24.4, 1652917540.6536715
68.3, 66.1, 14.6, 21.1, 1652917541.155076
70.5, 67.2, 17.0, 28.6, 1652917541.6561494
68.3, 64.6, 12.8, 20.9, 1652917542.1574395
71.0, 65.6, 6.8, 22.2, 1652917542.6590774
68.3, 68.3, 12.8, 20.9, 1652917543.1604617
68.3, 66.7, 8.9, 22.7, 1652917543.6615555
67.7, 65.6, 18.4, 20.9, 1652917544.1627753
50.8, 42.9, 6.4, 16.7, 1652917544.6637158
0.0, 2.0, 2.0, 0.0, 1652917545.1646557
2.0, 0.0, 0.0, 0.0, 1652917545.6656005
0.0, 2.0, 3.9, 2.0, 1652917546.1665595
57.9, 58.3, 4.3, 12.5, 1652917546.6675441
74.2, 73.4, 12.5, 20.9, 1652917547.1685874
72.6, 70.5, 12.2, 17.1, 1652917547.6697257
72.1, 72.6, 8.7, 19.0, 1652917548.1710584
68.3, 68.9, 6.7, 20.9, 1652917548.6721425
71.2, 69.8, 16.3, 26.7, 1652917549.1733325
70.3, 70.1, 8.5, 16.7, 1652917549.674656
73.0, 73.4, 4.4, 19.0, 1652917550.1758957
73.8, 70.5, 10.6, 26.8, 1652917550.6770315
71.4, 73.0, 10.6, 19.5, 1652917551.1781085
17.3, 13.7, 2.0, 4.1, 1652917551.679071
2.0, 2.0, 0.0, 2.0, 1652917552.1800046
0.0, 0.0, 0.0, 0.0, 1652917552.6809368
25.9, 26.4, 2.1, 2.2, 1652917553.1821039
73.1, 73.0, 15.9, 20.5, 1652917553.6831977
71.4, 71.4, 27.5, 26.2, 1652917554.1842458
69.2, 72.3, 13.3, 23.8, 1652917554.6854904
71.6, 72.7, 15.9, 21.4, 1652917555.1869612
73.4, 74.6, 17.8, 27.5, 1652917555.6881516
68.7, 71.2, 19.1, 22.5, 1652917556.188854
69.8, 73.8, 15.6, 26.8, 1652917556.69036
71.9, 71.0, 11.6, 17.9, 1652917557.1918323
72.1, 73.8, 15.6, 13.2, 1652917557.6929014
53.3, 54.1, 10.9, 22.9, 1652917558.1938684
0.0, 2.0, 0.0, 0.0, 1652917558.6945248
2.0, 2.0, 4.0, 4.0, 1652917559.1955452
2.0, 0.0, 0.0, 0.0, 1652917559.6964598
62.1, 64.4, 9.5, 17.8, 1652917560.1975675
75.0, 77.4, 23.3, 26.8, 1652917560.6989162
75.0, 78.7, 16.7, 23.3, 1652917561.200262
72.7, 75.0, 9.5, 14.3, 1652917561.701493
72.3, 74.2, 17.8, 18.6, 1652917562.202624
73.8, 76.2, 7.3, 16.3, 1652917562.703627
72.6, 75.8, 14.0, 14.6, 1652917563.2046347
76.2, 78.0, 14.3, 18.6, 1652917563.705721
74.6, 75.8, 23.4, 18.6, 1652917564.2069795
73.4, 75.8, 17.8, 14.3, 1652917564.7082367
17.3, 20.4, 4.1, 9.8, 1652917565.2092316
0.0, 0.0, 0.0, 0.0, 1652917565.7101529
0.0, 0.0, 2.0, 2.0, 1652917566.210713
22.6, 19.6, 2.1, 0.0, 1652917566.7119193
78.7, 77.0, 7.5, 15.4, 1652917567.2130291
77.4, 75.4, 11.9, 10.8, 1652917567.7144828
76.3, 77.4, 20.0, 23.8, 1652917568.2158005
77.0, 74.2, 13.6, 15.4, 1652917568.716765
79.4, 79.0, 22.7, 33.3, 1652917569.218102
76.7, 76.2, 14.0, 15.4, 1652917569.7191982
79.0, 75.8, 14.0, 15.4, 1652917570.2203546
78.3, 76.7, 14.6, 28.2, 1652917570.7219408
76.3, 76.7, 10.0, 23.7, 1652917571.2233045
60.0, 60.0, 4.7, 12.5, 1652917571.7243602
0.0, 2.0, 0.0, 0.0, 1652917572.2252903
2.0, 0.0, 2.0, 0.0, 1652917572.7260573
0.0, 0.0, 0.0, 0.0, 1652917573.2270095
59.3, 60.3, 11.4, 7.3, 1652917573.7280242
78.7, 77.0, 17.1, 15.0, 1652917574.2290256
78.7, 76.3, 14.3, 17.1, 1652917574.7301118
78.3, 76.6, 7.7, 14.6, 1652917575.2315063
81.4, 80.0, 7.7, 12.8, 1652917575.732786
78.7, 77.0, 16.3, 16.7, 1652917576.2343032
80.3, 79.0, 7.7, 10.5, 1652917576.7357314
82.0, 79.7, 12.5, 13.2, 1652917577.2369704
78.3, 76.7, 5.3, 12.8, 1652917577.7382388
77.4, 75.4, 14.3, 20.9, 1652917578.239385
23.5, 25.9, 4.3, 2.2, 1652917578.7403507
2.0, 2.0, 2.0, 4.1, 1652917579.241343
2.0, 0.0, 0.0, 0.0, 1652917579.7420335
19.6, 22.6, 0.0, 2.1, 1652917580.243095
82.1, 81.8, 23.3, 34.2, 1652917580.7445605
80.4, 80.7, 12.2, 20.5, 1652917581.2462451
81.0, 81.0, 7.5, 20.5, 1652917581.7473414
77.0, 78.3, 12.2, 17.5, 1652917582.2485304
80.7, 80.7, 7.7, 8.6, 1652917582.7496052
80.0, 82.0, 15.9, 15.8, 1652917583.2508454
82.8, 83.1, 18.6, 18.4, 1652917583.7520964
84.5, 82.8, 16.3, 20.5, 1652917584.2532587
84.5, 86.4, 11.9, 16.7, 1652917584.7545989
64.3, 66.7, 11.4, 7.7, 1652917585.2555625
3.9, 0.0, 0.0, 0.0, 1652917585.7565308
0.0, 2.0, 3.8, 0.0, 1652917586.2576084
0.0, 2.0, 0.0, 0.0, 1652917586.758626
2.0, 0.0, 0.0, 2.0, 1652917587.2595806
0.0, 0.0, 0.0, 0.0, 1652917587.7605388
2.0, 0.0, 0.0, 0.0, 1652917588.2614903
0.0, 0.0, 0.0, 0.0, 1652917588.76252
0.0, 2.0, 0.0, 2.0, 1652917589.2634544