1652917422
#type       avg     std     min      p5     p10     p50     p67     p75     p80     p85     p90     p95     p99    p999   p9999      QPS   target       ts_start         ts_end
read      336.3   422.0   127.6   196.8   218.4   308.9   339.0   356.0   368.8   386.9   413.5   468.5   666.9  7864.2 15294.1   4859.4     5000  1652917423804  1652917429157
read      361.4   290.5   118.1   189.3   212.3   353.3   398.4   421.4   436.6   456.9   482.5   534.0   691.4  3295.9 11934.7  10055.0    10000  1652917430662  1652917435982
read      381.0   473.8   109.4   181.1   204.6   366.2   423.1   447.7   464.1   485.2   511.5   563.2   762.9  5052.5 25358.5  14962.6    15000  1652917437485  1652917442780
read      381.5   303.0   109.4   179.3   203.6   374.0   441.1   466.9   486.5   507.6   539.2   590.3   762.8  2486.8 12908.0  20064.9    20000  1652917444282  1652917449563
read      371.7   219.4   109.4   172.1   193.4   359.3   433.4   466.9   490.2   515.3   545.2   596.8   760.0  1868.1  8243.8  25035.4    25000  1652917451066  1652917456378
read      381.5   297.9   109.4   173.4   195.0   361.8   445.6   478.1   503.6   532.3   566.4   619.4   801.7  2597.4  9066.2  30076.6    30000  1652917457880  1652917463179
read      381.7   243.8   109.4   170.0   190.8   353.0   447.1   487.9   516.3   551.3   589.9   644.7   850.6  1706.4  8515.6  35062.8    35000  1652917464682  1652917469954
read      374.2   200.7   101.3   168.0   188.4   339.1   436.8   482.9   512.4   547.9   594.0   650.0   839.5  1333.8  6401.3  40001.2    40000  1652917471457  1652917476721
read      362.4   227.9   109.4   167.5   186.5   319.5   395.0   453.8   495.5   536.0   587.6   663.9   860.9  2000.7  7591.0  45092.6    45000  1652917478226  1652917483505
read      374.1   230.4   109.4   168.2   188.5   333.7   410.5   462.9   508.5   550.2   595.9   686.3   940.9  1987.3  8298.6  50040.6    50000  1652917485007  1652917490295
read      371.4   208.3   109.4   170.8   192.5   337.6   414.0   451.9   484.1   536.0   586.6   660.6   914.4  1606.3  7475.6  54869.8    55000  1652917491799  1652917497078
read      358.5   235.9   101.3   167.1   186.2   319.3   398.5   440.7   467.3   503.5   569.2   649.1   895.3  1934.9  9801.2  59897.1    60000  1652917498581  1652917503865
read      351.2   217.8   101.3   165.3   184.5   315.8   391.8   432.8   461.4   494.6   541.7   632.1   877.4  1541.0  7278.6  65076.0    65000  1652917505368  1652917510645
read      337.1   168.5   101.3   170.3   190.8   310.0   373.3   410.3   435.2   467.1   511.8   572.7   754.9  1157.8  5383.6  69868.2    70000  1652917512147  1652917517419
read      339.0   199.8   101.3   168.9   188.8   307.6   372.0   410.3   436.4   468.4   513.8   581.7   805.1  1820.6  7984.8  75169.8    75000  1652917518921  1652917524205
read      340.6   186.3   101.3   168.2   188.4   311.2   376.5   414.4   440.7   471.2   518.3   584.2   823.6  1483.7  5668.7  80162.0    80000  1652917525707  1652917530977
read      333.9   197.6   101.3   166.1   185.6   305.4   370.5   406.7   431.7   462.1   505.8   572.5   793.9  1367.6  7225.3  84940.5    85000  1652917532479  1652917537760
read      327.6   177.6   101.3   163.9   183.3   301.2   362.3   397.1   422.0   451.5   492.0   555.7   740.5  1560.7  6781.2  90091.0    90000  1652917539263  1652917544542
read      323.8   163.4   101.3   162.4   180.3   297.6   361.4   396.8   422.1   451.7   491.4   553.5   733.5  1185.9  5634.5  94996.2    95000  1652917546044  1652917551316
read      321.1   190.6   101.3   168.9   188.7   295.8   352.2   386.3   410.2   437.2   475.6   538.0   670.6  1096.1  8371.5  99865.8   100000  1652917552818  1652917558089
read      328.8   195.6   101.3   171.8   192.4   302.7   360.5   393.2   417.5   446.9   486.7   549.0   702.8  1342.1  6856.9 104901.6   105000  1652917559592  1652917564876
read      330.0   169.1   101.3   176.7   198.4   307.1   361.7   392.4   414.9   442.4   481.2   543.1   683.3  1261.7  5758.4 110091.4   110000  1652917566379  1652917571650
read      324.1   144.1   101.3   175.7   197.4   301.3   353.3   383.6   404.8   432.7   471.3   536.0   689.3  1157.9  4468.6 115162.2   115000  1652917573152  1652917578422
read      325.8   167.8   101.3   173.5   194.5   303.4   355.6   385.2   406.4   434.1   472.9   539.7   707.5  1209.1  6132.6 120081.4   120000  1652917579926  1652917585203