1652916741
#type       avg     std     min      p5     p10     p50     p67     p75     p80     p85     p90     p95     p99    p999   p9999      QPS   target       ts_start         ts_end
read      311.9   303.7   118.1   191.4   213.2   290.1   317.4   333.6   344.4   361.0   383.6   432.4   615.8  5411.7 10674.0   4973.4     5000  1652916743130  1652916748470
read      343.8   255.1   109.4   184.7   208.2   337.8   383.1   402.9   417.4   432.2   455.7   495.4   638.1  3073.2 13433.7   9995.0    10000  1652916749973  1652916755291
read      351.8   221.2   109.4   175.2   196.9   344.8   399.7   423.4   438.7   459.2   485.8   534.6   708.6  3423.7  6883.6  15095.8    15000  1652916756793  1652916762082
read      359.4   259.7   109.4   174.5   196.3   348.2   412.0   438.8   457.2   477.5   505.1   552.7   722.3  3863.6 11069.0  20020.4    20000  1652916763584  1652916768884
read      365.3   210.8   101.3   167.6   190.3   350.6   421.9   454.7   476.7   503.0   537.8   596.1   791.7  1864.8  8969.3  24945.0    25000  1652916770386  1652916775673
read      362.1   259.5   101.3   166.8   188.0   342.3   413.7   446.8   469.2   497.2   532.3   588.1   788.4  2909.3  9493.5  30002.6    30000  1652916777175  1652916782462
read      368.9   261.9   101.3   162.1   181.6   341.3   422.4   461.3   490.3   524.6   568.7   644.7   915.3  1558.3 10742.3  34876.0    35000  1652916783964  1652916789240
read      367.6   210.9   101.3   163.2   181.8   337.0   424.4   464.1   494.3   529.9   574.6   648.5   921.9  1511.7  7901.3  39946.0    40000  1652916790742  1652916796014
read      368.2   239.2   101.3   164.1   182.9   329.1   419.2   461.3   493.5   530.9   575.5   651.8   986.7  2198.3  7728.7  45060.6    45000  1652916797516  1652916802803
read      361.5   235.3   101.3   159.4   175.7   311.9   408.2   455.5   490.1   531.1   580.6   673.9  1054.1  1848.6  8050.6  50057.4    50000  1652916804306  1652916809583
read      355.8   198.1   109.4   160.0   176.6   308.6   400.6   448.4   482.3   524.5   575.6   662.2  1021.4  1682.4  4839.2  55154.0    55000  1652916811085  1652916816363
read      349.0   205.5   101.3   162.2   179.5   309.9   392.3   434.8   466.5   504.9   549.4   620.2   919.8  1674.5  6049.3  59767.9    60000  1652916817866  1652916823138
read      354.0   204.3   101.3   164.3   183.4   316.6   399.6   440.0   468.0   505.8   549.8   619.3   952.3  1761.8  6729.9  64880.0    65000  1652916824641  1652916829926
read      344.8   197.4   101.3   159.7   177.4   305.7   387.7   432.0   461.2   496.2   543.4   618.0   918.1  1619.6  6230.0  69864.0    70000  1652916831428  1652916836706
read      339.8   242.0   101.3   156.1   173.1   291.2   369.6   417.2   449.3   485.2   535.8   628.6  1031.8  2035.3  7900.6  75166.0    75000  1652916838209  1652916843482
read      328.8   205.9   101.3   157.2   174.1   288.7   359.6   403.2   433.1   466.7   517.0   593.1   891.1  1669.1  7531.8  80143.4    80000  1652916844985  1652916850277
read      327.7   209.5   101.3   159.1   175.8   284.7   351.2   395.5   427.0   463.5   515.2   599.5   935.3  1756.6  6441.6  84979.5    85000  1652916851779  1652916857055
read      330.2   188.5   101.3   166.6   186.5   298.5   362.8   399.4   425.4   456.0   499.8   568.2   796.3  1494.7  5920.8  90072.8    90000  1652916858559  1652916863849
read      319.6   205.1   101.3   161.8   179.3   282.3   342.4   381.3   409.8   444.2   491.2   566.5   852.5  1659.1  7570.4  94753.6    95000  1652916865351  1652916870623
read      328.7   182.7   101.3   170.5   190.3   296.0   353.8   390.2   417.0   449.3   493.5   567.0   824.3  1635.6  6413.0  99809.8   100000  1652916872125  1652916877400
read      321.4   204.6   101.3   161.8   180.0   286.1   345.1   382.5   410.4   444.7   490.5   564.6   837.1  1599.3  7715.5 105081.2   105000  1652916878902  1652916884179
read      323.3   177.3   101.3   168.8   189.2   292.1   347.1   381.9   406.2   436.1   480.2   548.3   801.3  1530.3  6405.9 110153.6   110000  1652916885681  1652916890956
read      328.8   187.3   101.3   172.0   192.6   294.7   349.5   383.9   410.2   444.3   489.4   573.7   846.7  1755.7  7058.2 115114.0   115000  1652916892458  1652916897792
read      329.4   203.9   101.3   170.3   191.3   299.3   354.3   387.3   411.6   441.7   482.3   565.3   826.6  1645.3  6720.5 119947.0   120000  1652916899295  1652916904562