1652917045
#type       avg     std     min      p5     p10     p50     p67     p75     p80     p85     p90     p95     p99    p999   p9999      QPS   target       ts_start         ts_end
read      343.1   491.1   109.4   194.4   215.1   306.1   341.6   361.9   375.7   396.7   427.5   485.8   710.2  7916.9 17256.6   4968.6     5000  1652917047015  1652917052353
read      359.7   344.0   118.1   186.9   211.8   351.8   395.2   416.6   431.2   449.4   469.8   516.4   665.9  4151.7 16714.1   9954.0    10000  1652917053859  1652917059174
read      371.7   262.3   109.4   178.8   201.7   365.3   431.4   458.2   475.4   495.6   520.5   564.9   734.9  2462.5 12229.5  14869.6    15000  1652917060676  1652917065970
read      371.7   310.3   109.4   175.3   196.8   352.7   417.2   455.2   483.4   513.4   546.8   610.1   789.2  3033.0  7740.6  19966.4    20000  1652917067472  1652917072762
read      373.1   264.8   109.4   172.0   193.9   355.1   425.9   458.1   480.2   505.9   545.4   621.5   828.2  2881.3 11848.0  25003.2    25000  1652917074265  1652917079561
read      379.3   301.6   109.4   169.4   190.7   353.6   430.1   466.9   493.6   524.0   562.5   637.4   887.9  3298.1 13814.6  29822.4    30000  1652917081064  1652917086342
read      381.7   264.9   101.3   171.7   193.1   362.3   438.1   474.4   501.9   533.6   572.7   634.0   894.1  2038.0  9590.4  34979.8    35000  1652917087845  1652917093123
read      385.3   302.2   101.3   169.5   191.6   362.2   439.4   477.0   506.5   540.2   579.6   643.9   943.2  2436.4  8562.7  40097.5    40000  1652917094627  1652917099919
read      381.1   238.5   101.3   172.3   193.7   352.5   437.6   476.7   506.9   543.7   584.8   645.6   898.2  1998.7  7999.3  44812.0    45000  1652917101421  1652917106695
read      379.9   234.5   101.3   171.1   193.3   352.1   434.9   472.6   502.3   538.6   582.3   646.0   879.5  2319.3  6938.0  49702.0    50000  1652917108197  1652917113474
read      369.9   238.6   101.3   170.6   190.1   329.5   414.7   459.1   491.8   531.0   579.9   656.2   939.3  1835.8  8923.5  54969.4    55000  1652917114976  1652917120249
read      364.8   229.7   109.4   170.6   191.3   334.0   413.3   451.9   478.8   514.6   563.2   629.3   863.0  1502.5  9881.0  59918.0    60000  1652917121751  1652917127021
read      355.9   198.2   101.3   170.1   190.1   322.4   401.3   442.5   469.5   505.0   550.7   615.2   831.4  1908.1  5590.5  65076.2    65000  1652917128523  1652917133804
read      352.9   200.4    93.8   167.1   187.7   322.0   399.6   440.3   466.7   500.0   544.6   610.4   826.0  1414.8  7793.4  70028.0    70000  1652917135306  1652917140582
read      349.1   190.9   101.3   166.4   186.3   316.1   391.1   434.0   463.0   497.3   543.4   614.0   826.7  1529.1  5722.1  75053.2    75000  1652917142084  1652917147350
read      339.5   165.2   101.3   169.7   189.7   310.7   377.3   416.0   443.4   474.8   520.1   586.0   763.6  1295.9  4903.6  79933.2    80000  1652917148855  1652917154132
read      337.5   204.6    93.8   167.3   187.7   309.2   374.4   411.2   436.7   468.2   512.7   581.4   763.7  1227.3  6729.2  84888.4    85000  1652917155635  1652917160905
read      329.7   180.9    93.8   166.5   185.9   299.5   363.1   399.9   426.8   458.4   501.0   570.2   768.3  1358.5  5906.7  90054.0    90000  1652917162408  1652917167694
read      338.3   181.5   101.3   173.8   194.3   312.4   373.6   407.2   431.9   461.2   501.2   568.0   746.2  1456.1  6775.7  95130.6    95000  1652917169196  1652917174470
read      343.0   163.2   101.3   177.7   199.8   321.8   381.2   412.7   435.3   463.5   502.6   567.1   744.5  1315.7  5217.0 100143.2   100000  1652917175972  1652917181247
read      336.9   182.4   101.3   169.1   189.7   313.3   374.2   406.7   430.9   459.7   499.5   565.7   764.0  1514.7  7196.9 104941.8   105000  1652917182749  1652917188023
read      338.6   208.9   101.3   177.0   199.7   319.2   373.1   401.7   423.4   449.7   487.2   547.9   732.0  1357.4  7414.4 109927.6   110000  1652917189525  1652917194800
read      342.2   210.3    86.8   180.0   203.8   322.6   376.2   403.7   425.7   452.4   490.2   551.7   726.7  1510.8  7747.4 115095.6   115000  1652917196301  1652917201580
read      353.6   158.9   101.3   195.0   220.7   342.1   389.2   414.2   432.8   458.3   493.3   549.2   725.3  1188.3  5394.1 120125.0   120000  1652917203083  1652917208354