Wed May 25 18:32:33 UTC 2022
Random waveform, supplied seed
Total number of intervals = 300 (5031, 54838, 74868, 30015, 40743, 23648, 97712, 53672, 55395, 29425, 15173, 82475, 90555, 47944, 28313, 28504, 22886, 35717, 14828, 81704, 55771, 85226, 75020, 12441, 56208, 17446, 86943, 49138, 49839, 47752, 27181, 6170, 7187, 99387, 91970, 79658, 59230, 78081, 64242, 37702, 40686, 30376, 38416, 65892, 39560, 10016, 55224, 19982, 48114, 36283, 23315, 11150, 98724, 56880, 13467, 99368, 46206, 71651, 22741, 56654, 99570, 23047, 70008, 42943, 46704, 75970, 21917, 82027, 81583, 14259, 7821, 17727, 65559, 41133, 28693, 53141, 54512, 14835, 98446, 38117, 77994, 30209, 68315, 91940, 49308, 46880, 92540, 49396, 97841, 35404, 80451, 87228, 75554, 57964, 83546, 55468, 34203, 37629, 34577, 47426, 58845, 66993, 10977, 51529, 48344, 5902, 71602, 41886, 47456, 93939, 16890, 45689, 32790, 44044, 28149, 39739, 72475, 93882, 6692, 50406, 83055, 55609, 16968, 43031, 17236, 82183, 42212, 12244, 61777, 36984, 29093, 41715, 34838, 63574, 24401, 32025, 98971, 23657, 67877, 53849, 79536, 17081, 39024, 26125, 33388, 20979, 95865, 73949, 60987, 54175, 51484, 39771, 32864, 42033, 43808, 45785, 35582, 38504, 15320, 74264, 43890, 5962, 38365, 55971, 23217, 87681, 91728, 96668, 80475, 27150, 53444, 23737, 87776, 82175, 98548, 37704, 64701, 69089, 89785, 16676, 69604, 99682, 97693, 17381, 40069, 8841, 56576, 21599, 53003, 19831, 80340, 28765, 25572, 37071, 75819, 44359, 95960, 59630, 47930, 65545, 94038, 51806, 48712, 13115, 76569, 19372, 59331, 62597, 37702, 41975, 26100, 82500, 50756, 66696, 53364, 10413, 64876, 69079, 19447, 81182, 25265, 9699, 48659, 75126, 96559, 55885, 9039, 66378, 41225, 52371, 39873, 41176, 85357, 85391, 91890, 57558, 9972, 74636, 29773, 63494, 7201, 49507, 65454, 88537, 36982, 88964, 96479, 47883, 50650, 89242, 7374, 8507, 50676, 57069, 43520, 56720, 68155, 60444, 63997, 17315, 78596, 81548, 97254, 46135, 13379, 46993, 98274, 97056, 43434, 36406, 99121, 80708, 40517, 34168, 11754, 93304, 64697, 92626, 75618, 85805, 18930, 50153, 10377, 33112, 28777, 45709, 74458, 73596, 28031, 45754, 80138, 64350, 51870, 81106, 82064, 30534, 25449, 67525, 27070, 41133)
Average QPS expected = 51692
Timestamp start: 1653503555095
Timestamp end: 1653505055552

#type       avg     std     min      p5     p10     p50     p67     p75     p80     p85     p90     p95     p99    p999   p9999      QPS   target
read      376.2   730.6   101.3   184.4   209.7   315.6   356.3   381.5   401.7   426.7   459.8   528.7  1281.8  8037.5 31926.8   4975.8     5031
read      468.2   438.4    80.4   160.6   183.4   337.1   448.9   537.6   625.9   761.3   962.5  1252.7  1732.1  4005.4 10534.6  54566.4    54838
read      487.3   516.2    86.8   169.0   193.6   340.9   448.6   539.0   634.6   781.1   986.3  1326.3  1965.4  5008.7 12425.3  75127.4    74868
read      387.9   438.6    86.8   155.3   175.8   328.8   422.0   471.4   506.7   546.4   601.6   739.5  1193.3  4764.9 20076.8  30071.2    30015
read      465.7   404.3    80.4   158.5   180.6   338.8   465.9   569.1   672.9   800.4   945.3  1131.6  1545.0  4155.8  8664.7  40771.6    40743
read      483.8   711.6    86.8   161.7   183.4   373.4   502.6   594.6   663.5   738.3   824.3   952.0  1578.0  9482.0 31149.5  23695.0    23648
read      408.7   456.7    80.4   164.9   188.9   329.9   400.8   446.8   483.8   533.2   608.9   826.8  1736.8  5376.5 11655.6  97482.0    97712
read      457.9   471.9    86.8   159.7   181.3   333.0   441.6   522.9   597.7   718.6   907.0  1180.4  1730.1  4881.2 11775.4  53732.8    53672
read      446.2   375.6    80.4   157.9   180.1   323.8   429.2   515.2   598.5   733.4   914.5  1175.1  1654.9  3309.2  7653.2  55671.8    55395
read      493.8   694.8    86.8   160.1   182.7   362.0   510.1   618.8   703.0   792.5   894.4  1044.3  1677.5  8621.9 31301.2  29383.0    29425
read      487.4   978.3    93.8   160.6   183.8   385.8   495.9   557.3   597.3   644.4   710.3   813.0  2067.5 14472.3 35785.0  15062.2    15173
read      423.1   477.0    86.8   165.3   188.8   338.5   419.5   469.2   509.0   562.4   639.5   848.8  1890.7  5520.9 12894.3  82225.0    82475
read      503.2   742.4    86.8   176.5   203.9   362.5   450.5   511.7   566.5   646.6   816.8  1351.8  2399.7  8749.7 30782.8  90280.8    90555
read      443.0   382.1    86.8   160.1   181.8   333.4   435.1   510.1   577.1   677.5   859.0  1140.5  1646.9  3704.0  9502.8  47902.0    47944
read      478.8   435.8    86.8   162.6   186.0   371.6   522.3   627.8   707.6   793.6   891.2  1029.4  1384.0  5650.9 12758.5  28328.8    28313
read      499.9   692.6    86.8   159.2   182.3   373.4   517.3   619.1   700.3   785.8   883.9  1035.5  1901.2  7508.5 30856.2  28616.4    28504
read      489.8   816.0    86.8   156.1   177.9   374.9   510.8   602.4   666.6   736.4   818.6   946.2  1738.0 10856.4 32201.4  23091.8    22886
read      485.3   479.3    93.8   158.7   181.0   356.2   503.9   622.4   728.1   839.3   966.1  1136.1  1557.6  4791.5 20575.4  35708.8    35717
read      470.5   780.8    93.8   156.9   180.4   385.9   498.2   559.4   601.0   646.9   707.4   807.7  1926.6  9086.0 31704.5  14888.6    14828
read      432.7   573.7    86.8   162.4   186.2   335.3   416.4   467.2   507.8   562.1   644.1   902.0  2035.0  7268.7 15780.5  81688.4    81704
read      475.3   534.5    80.4   161.0   183.8   335.3   445.2   533.2   617.3   759.3   973.3  1274.6  1854.0  5462.4 17940.7  55900.8    55771
read      424.1   511.7    80.4   163.5   187.0   335.3   414.2   464.7   504.7   557.4   637.2   865.3  1841.2  7020.9 15358.5  85077.4    85226
read      446.5   492.0    86.8   164.3   187.7   338.8   427.3   487.0   536.5   605.9   727.8  1104.9  2036.6  5682.3 14390.6  75008.0    75020
read      459.0   916.3    93.8   159.6   183.4   377.0   463.6   514.2   553.6   595.8   655.4   758.3  1457.0 12523.9 32090.2  12448.0    12441
read      471.1   437.8    86.8   159.4   181.5   328.1   434.9   529.7   631.2   800.7  1027.2  1315.7  1798.2  3137.3 12558.0  56244.2    56208
read      524.2   931.6    93.8   163.9   188.3   406.9   539.1   618.6   672.7   734.1   807.9   938.7  2564.5 12649.6 32262.8  17426.0    17446
read      442.0   548.0    86.8   170.4   195.1   345.8   428.2   482.6   527.2   586.1   682.2   959.9  1894.8  7345.9 16068.6  87035.4    86943
read      471.3   425.3    86.8   161.5   184.3   344.1   461.0   548.3   628.8   762.1   962.1  1228.8  1717.8  3828.6 12312.3  49140.6    49138
read      473.9   502.2    86.8   157.6   180.1   334.8   451.1   543.8   641.4   804.9  1000.9  1232.0  1713.2  4283.3 15672.1  49940.6    49839
read      509.0   654.8    86.8   160.0   182.7   346.1   473.3   583.7   703.7   876.3  1075.4  1327.7  1858.6  7109.2 29454.1  47777.8    47752
read      476.2   425.2    86.8   160.4   183.0   376.0   517.8   625.2   705.6   793.4   884.1  1019.6  1443.5  4692.7 12558.2  27233.8    27181
read      504.4  1291.3    93.8   181.3   218.5   378.2   447.4   485.8   512.7   547.2   593.5   683.7  3458.7 28721.3 32421.2   6224.8     6170
read      495.0  1270.5    93.8   176.5   209.5   380.4   452.8   493.0   522.5   557.9   604.1   700.5  3116.9 30120.8 35917.2   7185.2     7187
read      454.8   557.8    86.8   175.8   203.3   371.6   457.3   509.4   550.6   605.2   686.1   869.1  1841.4  8077.6 20213.8  99114.2    99387
read      380.0   385.9    86.8   163.7   186.1   324.0   396.4   440.7   475.0   518.0   578.5   688.4  1357.7  4445.5 13223.6  92130.0    91970
read      418.9   509.3    86.8   162.8   186.2   338.0   421.4   470.9   509.8   559.6   630.4   794.3  1804.9  6898.6 13913.9  79675.6    79658
read      476.4   480.5    86.8   162.8   185.8   335.3   445.7   541.5   636.2   794.3  1007.2  1294.9  1775.0  3790.4 15733.9  59119.6    59230
read      442.1   594.0    86.8   165.5   189.2   345.0   431.7   485.6   527.8   581.4   662.9   889.3  2116.1  7950.8 25190.6  77912.0    78081
read      480.8   497.8    86.8   168.6   193.2   343.2   449.4   537.1   624.5   768.0   968.7  1267.1  1864.7  5097.5 15657.7  64230.6    64242
read      507.9   585.3    86.8   168.8   193.4   372.0   516.9   635.1   738.8   852.2   983.3  1161.6  1614.7  6198.2 29836.7  37746.8    37702
read      492.6   482.9    86.8   162.9   187.0   359.4   497.4   612.1   726.9   857.1   996.1  1181.1  1579.0  4605.1 15761.9  40748.0    40686
read      550.6   823.3    93.8   166.4   190.8   388.2   544.2   671.4   776.9   885.4  1006.9  1173.9  2338.6 12527.6 31596.4  30472.6    30376
read      503.4   584.2    86.8   164.3   187.8   364.8   508.7   627.0   747.8   880.8  1017.0  1186.7  1593.0  6041.6 29660.8  38407.2    38416
read      488.2   429.0    86.8   175.8   201.1   360.0   471.0   563.3   648.2   790.0   971.0  1244.4  1808.7  3721.1 11244.9  66061.8    65892
read      509.7   527.9    86.8   170.0   194.8   370.4   506.9   622.6   742.7   884.7  1040.0  1230.1  1647.4  5934.5 14868.8  39406.6    39560
read      511.7  1179.3   101.3   172.7   204.7   395.2   489.3   539.8   574.2   612.3   661.7   758.9  3171.7 16228.8 35612.4   9923.8    10016
read      496.1   532.6    86.8   170.2   195.8   358.3   473.7   566.3   658.8   805.4  1004.7  1276.9  1823.6  4515.1 16242.0  55122.8    55224
read      525.5   816.1    86.8   168.7   193.8   414.3   554.1   646.2   710.9   781.7   861.4   984.9  1873.1 11175.5 31658.4  19969.0    19982
read      484.1   548.9    86.8   163.5   187.1   346.2   469.3   570.8   676.8   827.0   994.0  1207.6  1636.7  6081.7 16268.2  48032.6    48114
read      508.2   522.4    86.8   163.8   188.1   372.9   516.0   634.6   748.5   875.6  1011.1  1192.3  1679.6  5492.5 19240.4  36268.6    36283
read      498.9   665.0    86.8   160.0   183.3   391.9   537.7   643.0   716.4   793.3   874.1   996.0  1532.8  8495.2 31001.8  23485.0    23315
read      490.3   938.7    93.8   168.1   196.6   401.3   510.6   565.3   602.6   642.9   697.5   803.2  1949.8 10727.1 32029.7  11084.4    11150
read      405.4   475.6    86.8   166.0   190.3   337.2   412.0   458.3   493.8   538.7   604.9   746.2  1701.3  6054.7 13420.4  98280.2    98724
read      488.0   529.7    86.8   164.0   187.9   346.6   460.7   548.9   635.0   783.0   990.5  1289.1  1866.8  5660.1 15771.4  56966.2    56880
read      474.8   788.2    93.8   161.8   186.4   389.0   502.5   566.1   607.1   650.9   706.5   798.2  2007.6 10990.3 31923.3  13487.4    13467
read      431.0   613.5    86.8   171.5   197.3   350.5   428.3   475.9   513.5   561.9   632.0   781.8  1807.4  8468.3 30271.8  99186.0    99368
read      481.1   569.3    86.8   161.2   184.4   347.1   464.2   554.7   642.6   792.0   983.8  1228.0  1628.8  6037.8 28867.1  46237.6    46206
read      407.6   419.0    86.8   159.9   182.0   332.1   416.6   468.7   509.8   562.8   637.4   809.6  1733.6  4853.6 12391.6  71532.4    71651
read      504.6   845.1    93.8   159.2   183.0   383.3   522.0   621.6   690.4   766.6   854.8   987.6  1529.4 11281.9 32148.7  22729.0    22741
read      494.5   510.8    86.8   162.3   186.1   342.0   455.9   555.4   663.7   840.1  1067.3  1363.3  1885.6  4296.1 12564.4  56611.8    56654
read      419.9   473.9    86.8   168.6   193.6   344.4   423.5   471.5   509.4   559.5   634.0   815.6  1699.5  5737.5 15370.4  99493.2    99570
read      485.0   736.2    86.8   160.0   183.4   375.2   502.6   601.6   674.1   752.1   841.1   969.9  1603.3  9450.3 31589.4  23073.8    23047
read      490.8   533.9    86.8   166.0   190.3   337.7   439.3   529.0   626.5   794.6  1043.1  1380.5  1973.8  5214.6 16519.9  70082.0    70008
read      488.3   507.5    86.8   160.2   184.2   352.3   478.7   588.8   703.8   846.9   992.5  1176.4  1680.0  5510.6 13563.1  42988.8    42943
read      498.1   532.8    86.8   165.0   189.3   353.7   474.9   579.3   688.2   848.2  1028.2  1259.8  1750.4  5449.3 19297.8  46625.0    46704
read      491.7   691.8    86.8   174.5   200.0   357.5   450.9   515.1   572.8   657.1   827.7  1254.3  2295.9  8315.1 30647.9  75845.2    75970
read      446.3   560.9    86.8   163.0   186.1   372.4   475.8   538.7   589.9   657.2   747.6   886.1  1255.0  7290.7 15811.3  21807.6    21917
read      427.9   590.6    80.4   166.2   190.3   341.4   421.9   471.2   510.6   561.7   634.4   799.5  1903.2  8255.9 23155.2  81937.6    82027
read      446.8   462.3    86.8   167.0   192.1   346.8   432.0   489.9   537.8   603.3   716.5  1109.4  1914.5  4319.9 12005.3  81613.4    81583
read      479.9   936.7    93.8   162.7   187.5   382.0   484.1   551.0   597.6   648.7   716.1   821.7  1657.0 11638.9 32208.7  14286.2    14259
read      448.5  1036.9    93.8   173.2   203.0   352.9   413.5   453.1   484.7   523.2   573.5   659.6  2575.7 15008.5 32152.7   7860.8     7821
read      511.6   879.8    93.8   162.2   186.0   392.5   526.7   618.6   680.8   744.6   825.5   935.2  1839.8 12033.9 32114.8  17777.8    17727
read      459.1   428.0    86.8   160.4   183.3   327.1   427.7   512.6   601.1   746.3   957.5  1241.8  1776.8  3738.3 12736.7  65618.0    65559
read      469.9   748.0    86.8   153.8   175.4   327.5   439.8   531.1   621.1   742.7   894.8  1091.4  1661.8 12393.5 25329.1  41168.8    41133
read      469.7   654.8    93.8   155.8   177.7   346.9   475.2   583.0   670.0   762.5   866.9  1008.2  1385.6  8626.3 23738.0  28760.4    28693
read      467.0   544.3    86.8   160.7   183.1   335.4   439.2   530.1   615.9   751.0   934.1  1182.1  1701.3  6165.1 20104.5  53215.8    53141
read      457.0   624.3    80.4   153.6   175.5   321.0   425.7   515.6   606.1   744.9   932.8  1171.1  1636.4  5913.6 25511.3  54501.8    54512
read      485.4   954.4    86.8   156.4   179.0   371.9   479.7   550.1   597.9   650.7   720.2   833.8  2952.4 14404.2 35329.5  14842.2    14835
read      404.4   768.3    86.8   160.7   182.6   315.2   382.6   424.7   458.6   501.8   564.7   690.9  1652.2 15224.4 24886.8  98467.0    98446
read      450.5   568.9    86.8   152.8   173.9   329.5   438.1   529.0   613.7   733.0   884.9  1078.1  1482.2  7600.3 19961.4  38223.4    38117
read      433.1   561.7    80.4   162.1   185.5   335.9   421.0   477.5   524.7   587.9   693.8   967.1  1843.0  7977.3 20467.1  78113.4    77994
read      474.7   528.7    86.8   159.1   181.6   359.6   482.3   579.4   670.7   788.7   915.9  1080.8  1486.9  5339.2 16171.1  30303.4    30209
read      487.7   499.2    86.8   168.6   192.9   342.9   444.9   536.3   631.8   792.0  1011.4  1325.5  1903.0  5130.3 13391.8  68157.2    68315
read      410.4   504.7    86.8   163.2   186.8   332.8   407.1   453.9   490.3   537.4   608.3   776.0  1863.7  6044.5 15879.6  91889.6    91940
read      481.0   597.3    86.8   159.7   182.5   336.8   439.6   525.0   613.4   782.7  1009.3  1273.8  1788.0  7162.3 19985.7  49359.6    49308
read      489.4   529.5    80.4   162.9   186.6   349.7   467.1   568.9   676.4   832.7  1019.4  1251.9  1702.8  5006.3 16165.6  46868.2    46880
read      405.3   465.0    86.8   161.4   184.8   329.0   402.9   448.7   484.9   533.6   607.3   797.6  1742.1  5330.3 13915.7  92387.2    92540
read      468.3   485.6    86.8   158.9   181.3   339.6   446.1   533.9   620.1   763.4   978.2  1238.7  1669.5  3935.0 15644.4  49422.8    49396
read      434.0   700.9    80.4   168.5   193.8   345.1   420.7   467.6   504.5   550.8   619.1   753.0  1867.7  8907.7 30932.6  97953.8    97841
read      506.0   623.2    86.8   162.0   185.5   362.1   491.2   597.0   708.5   852.9  1007.4  1192.1  1730.5  7335.0 30546.9  35547.0    35404
read      438.6   553.9    86.8   164.4   188.8   346.3   428.4   480.3   523.6   579.6   663.3   878.2  2100.1  6344.2 18669.6  80438.2    80451
read      421.4   546.0    86.8   164.9   189.0   340.9   420.8   469.5   508.7   559.3   633.0   791.2  1843.6  6705.2 25413.3  87272.0    87228
read      389.3   442.7    86.8   159.1   180.5   324.5   403.5   451.4   490.1   538.7   605.2   732.5  1553.3  4464.8 17178.7  75437.2    75554
read      479.6   506.1    86.8   164.6   188.8   343.4   445.7   531.9   618.2   767.6   992.7  1295.2  1814.8  4446.7 15751.6  58024.2    57964
read      442.8   606.7    86.8   166.8   191.6   342.5   419.4   466.7   505.5   558.2   643.5   990.2  1980.2  7361.7 29679.2  83516.8    83546
read      472.7   423.6    86.8   165.1   189.5   341.8   443.2   527.7   613.5   762.4   988.4  1260.0  1801.4  3745.0  8971.9  55416.8    55468
read      489.0   605.0    86.8   158.3   181.6   352.6   483.1   604.2   722.7   851.3   978.7  1145.0  1508.5  7344.6 30462.1  34254.4    34203
read      500.7   597.0    86.8   164.3   188.7   358.6   486.2   603.7   715.4   850.6   986.5  1164.5  1724.9  7546.7 20276.8  37731.0    37629
read      492.0   512.4    86.8   166.3   191.0   364.3   498.0   616.3   717.0   835.2   958.0  1121.8  1518.6  5791.2 11892.3  34603.4    34577
read      488.1   521.2    86.8   165.2   189.5   351.8   466.8   571.1   675.5   827.3  1005.4  1227.2  1717.4  4512.0 18795.2  47556.8    47426
read      489.2   587.0    86.8   163.6   187.6   341.7   449.4   546.8   647.8   812.3  1013.2  1293.7  1806.5  6293.5 16227.9  58631.8    58845
read      409.7   415.0    86.8   162.4   185.0   341.0   424.3   473.6   512.5   564.7   637.7   788.0  1725.7  4488.8 12587.3  67047.6    66993
read      454.3   802.7    93.8   166.2   195.1   379.6   463.5   517.9   556.2   601.2   658.6   755.1  1637.9  8747.4 31855.3  10997.8    10977
read      495.1   520.7    86.8   164.7   189.1   349.5   463.0   566.3   670.5   831.2  1038.2  1307.3  1827.3  5136.8 17933.2  51429.6    51529
read      477.6   446.0    86.8   162.1   186.3   349.1   463.8   560.5   659.4   812.5   994.6  1211.0  1623.8  3925.2 12260.2  48335.2    48344
read      480.7  1492.7   101.3   182.6   209.1   335.1   387.8   416.6   438.7   468.9   514.1   611.9  4011.0 30595.3 35855.3   5924.2     5902
read      412.6   410.2    86.8   161.3   183.7   332.8   413.6   461.5   499.7   549.4   629.2   857.1  1890.5  4528.9 12081.3  71401.6    71602
read      497.5   589.2    86.8   164.2   188.4   356.9   477.2   577.3   683.5   852.8  1030.0  1240.5  1651.9  5811.3 28067.4  41835.8    41886
read      486.8   526.9    80.4   159.9   183.2   343.3   455.5   551.7   656.5   830.4  1030.1  1266.0  1742.4  6382.9 14674.9  47398.4    47456
read      421.3   561.4    80.4   171.7   197.1   350.0   426.3   471.3   508.4   556.8   627.6   761.3  1701.1  8190.1 28218.2  93904.2    93939
read      427.6   522.0    86.8   163.5   187.2   374.7   446.3   489.7   528.5   584.9   674.4   840.4  1179.9  7023.2 27473.7  16795.2    16890
read      502.1   526.4    86.8   163.3   187.2   357.2   481.4   592.9   700.9   864.1  1048.9  1294.4  1804.2  5666.4 19045.2  45643.8    45689
read      494.5   629.1    86.8   161.8   185.4   369.2   497.0   601.5   697.3   825.1   963.4  1149.5  1548.0  7742.3 31263.2  32843.0    32790
read      496.1   488.3    86.8   161.5   185.2   354.5   479.1   589.5   699.4   865.9  1051.3  1279.2  1735.4  3929.5 12421.5  44133.8    44044
read      479.7   398.9    86.8   158.8   181.5   371.5   510.4   630.2   725.6   832.9   936.5  1081.9  1400.9  3641.0 12104.9  28171.0    28149
read      515.2   684.8    86.8   162.0   185.8   361.5   494.0   612.0   727.8   881.7  1047.1  1260.2  1753.5  8331.4 28683.6  39550.6    39739
read      412.5   414.7    86.8   163.1   185.8   335.9   419.7   470.2   511.8   568.7   656.1   872.2  1668.1  4049.2 10916.7  72579.2    72475
read      373.4   347.2    80.4   164.4   187.6   328.9   401.5   444.7   476.7   519.0   577.1   675.1   970.9  4042.6 11403.6  93862.2    93882
read      404.8   973.7   101.3   175.3   200.1   320.9   376.6   407.3   430.6   459.3   499.3   578.9  1910.4 12889.5 31903.5   6699.0     6692
read      504.5   536.6    86.8   158.8   182.0   343.5   461.5   573.2   695.1   883.5  1100.2  1362.8  1926.4  5655.5 15816.5  50283.0    50406
read      412.4   497.0    80.4   161.5   184.4   334.2   413.9   461.4   498.9   546.9   620.9   794.8  1826.7  5111.4 20147.4  83177.8    83055
read      492.8   527.9    86.8   163.2   186.7   346.2   456.5   548.6   644.6   807.5  1053.9  1360.7  1892.8  4287.6 19962.8  55510.4    55609
read      492.3   935.5    93.8   159.7   183.2   382.1   493.7   567.2   624.8   687.9   768.6   886.4  2111.9 11393.7 32472.7  16940.4    16968
read      509.9   780.4    86.8   158.4   181.4   347.8   469.8   576.7   686.8   853.7  1034.5  1253.2  1773.1 10513.2 31916.9  43091.4    43031
read      503.4   987.7    93.8   159.5   182.8   386.8   497.1   570.7   626.9   690.9   773.8   898.5  2290.4 14900.8 31930.8  17241.4    17236
read      432.7   600.3    86.8   164.2   188.1   346.0   427.1   475.2   515.0   567.9   644.2   812.8  1969.8  8328.4 28899.6  81807.0    82183
read      500.4   676.9    86.8   159.8   182.9   350.1   471.7   576.3   686.3   854.4  1042.4  1251.3  1687.0  7257.0 31529.6  42201.2    42212
read      494.1  1262.8    93.8   165.1   192.2   376.9   460.9   510.3   546.6   589.8   648.5   742.9  2589.3 20246.8 37441.0  12229.6    12244
read      496.6   622.5    86.8   164.7   188.7   342.7   452.3   545.0   637.1   785.4  1008.1  1320.4  1940.5  7378.8 28057.1  61831.4    61777
read      477.8   437.3    86.8   160.8   183.6   352.6   476.9   586.2   690.7   830.1   980.4  1146.9  1506.8  3883.0 12692.5  37001.4    36984
read      475.5   462.5    86.8   157.8   180.1   359.8   490.6   600.7   706.7   824.9   939.4  1090.2  1418.9  4695.7 10918.8  29129.4    29093
read      486.6   442.5    86.8   162.0   185.1   354.6   482.0   585.5   688.3   834.2  1012.1  1217.2  1661.8  4295.0 12581.6  41588.8    41715
read      482.6   462.1    86.8   164.1   187.3   360.8   490.3   595.8   694.1   816.3   963.9  1143.7  1500.9  5483.2 15388.9  34774.6    34838
read      484.7   489.1    80.4   164.9   189.1   341.1   450.8   544.5   642.0   799.9  1021.9  1328.2  1826.8  4170.1 13451.1  63494.0    63574
read      473.7   572.9    86.8   159.6   182.4   377.0   501.2   595.5   667.4   746.6   850.1   986.8  1339.4  6389.2 29620.7  24443.2    24401
read      499.1   518.7    86.8   161.6   184.8   368.1   505.5   620.8   726.9   854.6   992.4  1172.3  1639.2  5208.0 15032.8  32115.4    32025
read      445.6   513.3    86.8   177.3   204.3   366.9   450.7   501.6   542.6   596.5   681.4   857.9  1791.6  6254.6 16747.4  98867.4    98971
read      499.5   770.3    93.8   164.3   187.9   381.1   499.3   587.2   664.8   756.7   869.4  1018.8  2040.8 10728.4 31603.7  23577.0    23657
read      511.5   562.8    80.4   168.8   193.4   349.5   464.0   568.9   681.5   852.6  1089.4  1414.3  2003.5  5349.1 16087.7  67994.0    67877
read      493.4   475.7    86.8   162.5   186.3   345.7   463.5   561.7   662.8   823.0  1052.4  1337.1  1903.5  4617.6 12232.6  53998.4    53849
read      420.6   476.9    86.8   161.5   184.3   334.7   415.4   464.6   503.9   557.8   643.0   887.1  1833.2  5034.3 15884.2  79531.6    79536
read      513.2  1121.1    93.8   164.0   188.2   389.5   494.6   565.5   615.5   678.5   756.3   888.3  2876.7 17246.6 32095.1  17099.2    17081
read      492.9   714.3    86.8   160.3   183.4   349.0   470.5   575.0   682.0   830.8   992.7  1175.5  1581.5  8094.5 32314.9  38866.2    39024
read      513.9   843.8    86.8   162.4   186.5   383.7   508.6   609.5   685.3   774.6   889.0  1051.3  2241.2 12267.2 31763.7  26203.4    26125
read      497.4   800.5    86.8   157.4   180.0   354.5   481.6   588.2   683.6   803.8   946.1  1128.1  1574.2  9030.1 31664.6  33258.4    33388
read      499.1   936.2    86.8   160.2   184.1   380.2   492.2   572.0   626.9   690.1   775.0   912.2  2760.4 13936.9 32032.6  21018.8    20979
read      386.9   387.1    80.4   163.8   187.3   330.4   402.9   446.2   478.7   521.3   581.3   699.0  1617.8  4038.9 15013.5  95937.2    95865
read      468.3   682.2    86.8   165.9   190.3   343.0   434.9   498.2   554.8   641.3   797.1  1158.2  2003.7  8657.9 31052.7  73870.4    73949
read      402.3   415.4    86.8   156.6   178.7   328.3   412.6   463.1   503.7   556.4   641.5   867.1  1536.0  4085.6 14389.8  60840.2    60987
read      481.8   524.5    86.8   161.3   184.8   339.9   454.6   547.2   642.3   787.1  1003.7  1272.2  1798.7  5283.9 17345.3  54348.0    54175
read      469.1   412.8    86.8   161.7   185.1   342.0   453.4   545.2   634.7   772.5   978.3  1239.4  1677.0  3175.6 12042.1  51569.6    51484
read      501.4   556.2    86.8   163.3   187.6   363.1   495.0   608.5   716.0   856.3  1016.1  1208.5  1653.1  6078.8 17182.1  39796.6    39771
read      469.9   494.1    86.8   160.2   183.4   367.6   495.4   594.3   674.5   766.1   880.9  1047.6  1374.8  4786.2 17100.3  32898.0    32864
read      482.0   444.2    86.8   164.7   188.9   357.2   478.0   577.9   674.8   805.8   977.0  1189.1  1570.1  5137.7 11656.7  42048.4    42033
read      491.1   583.2    86.8   162.9   186.2   347.2   467.3   567.8   673.3   828.5  1021.5  1246.0  1685.7  6382.9 16196.4  43715.4    43808
read      483.9   487.6    93.8   162.9   185.9   344.9   460.6   552.1   649.8   814.0  1038.9  1291.9  1708.6  3691.0 15727.6  45904.8    45785
read      479.4   465.9    86.8   159.9   182.7   352.9   479.3   586.3   694.2   835.6   994.1  1171.1  1489.4  4297.7 17130.5  35390.4    35582
read      499.8   555.4    86.8   163.7   187.8   363.1   493.2   598.4   702.0   840.6  1006.2  1198.0  1691.7  6366.0 17495.6  38468.8    38504
read      471.7   919.8    93.8   162.4   186.5   375.9   473.8   541.9   590.4   639.7   705.2   819.2  1578.5 12310.5 32442.4  15290.2    15320
read      436.5   593.1    86.8   163.3   186.8   342.2   424.9   474.3   512.7   564.9   643.6   902.2  2120.9  6821.9 23854.2  74235.2    74264
read      499.1   687.3    86.8   160.0   183.3   349.7   471.0   570.6   669.5   825.2  1022.0  1248.0  1750.7  6948.3 31459.8  43997.4    43890
read      480.6  1441.7   109.4   178.3   201.7   332.6   390.5   421.5   444.0   469.3   509.0   591.0  4566.1 30404.0 36825.7   5952.2     5962
read      499.3   723.0    86.8   162.1   186.2   355.1   478.6   579.6   676.5   812.9   989.0  1184.8  1601.7  9245.1 31297.0  38412.8    38365
read      500.6   642.4    86.8   166.3   190.5   347.4   461.9   558.9   654.6   803.1  1021.7  1320.5  1861.3  8014.0 24655.4  56166.0    55971
read      507.1   886.4    93.8   163.0   186.4   387.7   510.7   603.8   670.5   750.0   852.7   999.2  1607.2 12603.7 31874.7  23187.2    23217
read      406.7   546.0    86.8   162.8   186.0   333.0   410.0   455.8   490.3   534.1   594.3   726.6  1777.0  8211.3 23423.9  87634.4    87681
read      409.6   441.4    86.8   165.6   189.5   337.7   413.7   458.9   494.0   539.6   607.4   763.7  1765.6  5433.8 13814.6  91904.2    91728
read      456.2   704.7    86.8   171.8   197.8   356.1   435.7   485.0   524.4   577.7   662.5   880.8  1903.6  9147.7 30817.1  96860.2    96668
read      415.5   446.9    86.8   165.5   189.1   335.5   414.6   462.2   499.1   547.7   625.2   845.5  1817.8  4746.0 14385.4  80526.6    80475
read      491.9   547.6    86.8   162.5   185.9   380.7   514.4   619.5   699.0   795.2   918.1  1083.5  1601.3  7068.6 28115.2  27172.0    27150
read      460.0   573.4    80.4   161.0   183.2   338.8   436.3   504.8   565.2   660.7   851.5  1204.4  1811.1  6868.3 28134.1  53328.2    53444
read      389.7   273.6    93.8   169.5   194.0   370.2   450.8   489.4   515.1   544.9   586.3   652.1   850.0  3628.7  8991.1  23715.8    23737
read      362.8   216.9    86.8   164.1   187.0   329.8   402.2   444.0   474.4   513.4   566.6   653.9   894.1  1889.1  7450.1  87852.0    87776
read      363.5   225.8    80.4   165.4   188.5   329.4   401.6   443.5   474.0   512.3   564.9   652.4   889.6  2198.6  7391.7  82071.2    82175
read      355.4   228.8    80.4   170.6   194.1   325.2   391.2   429.8   458.9   494.0   540.8   622.2   835.6  1581.5  8032.0  98488.6    98548
read      384.1   242.7    80.4   165.1   189.3   357.4   438.7   482.6   512.3   546.2   591.7   671.1   897.3  1937.1  9033.4  37925.4    37704
read      379.5   308.7    80.4   164.6   188.3   341.2   423.2   467.6   500.0   540.0   593.0   683.2   929.6  3123.3 10557.7  64800.0    64701
read      366.6   225.7    86.8   166.5   190.3   332.8   407.5   450.6   481.1   519.1   572.8   661.8   890.1  1710.4  8721.9  69050.6    69089
read      354.4   208.3    80.4   163.9   186.7   321.7   390.5   430.2   460.9   499.2   551.3   638.5   864.5  1842.2  6372.2  89944.8    89785
read      379.8   273.2    93.8   168.3   191.3   369.9   435.0   467.0   490.7   518.2   555.7   620.0   794.3  2957.9 12118.0  16671.0    16676
read      369.6   270.5    80.4   166.0   189.9   334.1   409.8   453.6   485.2   523.4   575.7   663.5   898.6  1959.2  9772.9  69585.2    69604
read      356.9   235.8    80.4   169.7   193.3   326.6   391.9   430.1   459.4   495.1   543.1   625.3   831.0  1791.8  9357.4  99871.8    99682
read      350.2   200.3    80.4   168.7   192.1   321.0   385.5   423.4   452.0   486.5   533.9   612.8   815.5  1503.4  7609.6  97862.2    97693
read      385.0   367.7    86.8   166.6   189.6   369.9   440.6   470.4   493.8   520.0   551.6   617.4   801.9  5637.4 12855.7  17382.2    17381
read      382.4   241.2    80.4   164.1   188.3   356.0   435.9   477.5   507.8   543.3   591.0   668.6   867.0  2547.6  8792.4  39963.4    40069
read      378.2   335.9   101.3   182.1   207.5   365.9   409.2   431.8   449.7   469.8   501.9   557.8   783.3  5735.5 12208.5   8957.4     8841
read      382.6   272.7    80.4   165.1   189.1   350.6   431.4   473.5   505.3   543.4   593.0   678.5   926.2  1992.7 10223.7  56540.0    56576
read      394.1   260.3    93.8   172.4   197.1   376.1   452.0   489.3   514.7   544.3   586.7   662.2   893.0  3900.4  8065.0  21475.8    21599
read      377.7   240.5    80.4   164.4   188.1   348.5   429.8   472.6   504.0   540.9   589.9   671.0   866.4  1627.2  9068.7  53076.4    53003
read      430.3   432.5    86.8   166.6   190.9   382.6   473.8   528.5   572.1   626.5   697.4   806.9  1065.2  5486.6 15497.0  19849.2    19831
read      529.6   853.5    86.8   178.3   205.0   358.4   444.7   507.8   567.3   660.6   866.8  1426.3  3407.9  8628.6 31309.8  80374.0    80340
read      470.0   447.9    93.8   164.0   188.2   376.8   501.0   590.9   663.7   749.3   863.4  1018.5  1363.4  5256.7 15216.0  28747.4    28765
read      464.5   553.4    86.8   161.9   185.1   374.0   493.8   580.0   647.3   724.4   820.6   962.6  1327.9  5872.9 19834.6  25742.0    25572
read      492.6   656.5    86.8   161.9   184.6   359.3   484.9   584.5   676.9   797.0   949.5  1168.7  1609.6  6585.9 30386.7  37068.6    37071
read      506.2   679.3    86.8   175.2   200.4   347.7   437.0   505.6   573.6   686.5   930.5  1396.3  3064.9  7336.1 29318.8  75711.0    75819
read      498.2   553.2    93.8   166.6   190.7   359.1   477.2   574.4   664.8   794.6   980.9  1252.0  1867.5  5749.0 16094.1  44185.2    44359
read      497.9   810.2    86.8   178.6   206.4   358.6   435.9   488.1   531.8   592.1   697.2  1058.9  3479.9  8849.9 31326.5  95637.4    95960
read      483.1   521.5    80.4   163.4   186.4   341.1   446.8   534.1   619.8   756.3   981.9  1324.7  1900.7  5083.4 15587.6  59592.8    59630
read      483.6   518.1    86.8   164.5   187.1   344.6   454.3   541.8   627.6   763.0   966.2  1256.7  1850.9  5667.5 15663.7  48026.2    47930
read      491.2   667.3    86.8   170.7   194.5   343.8   439.9   513.0   583.5   692.6   911.5  1311.3  2588.2  7333.9 28498.5  65594.4    65545
read      515.2   868.9    86.8   187.8   216.6   371.8   449.8   499.8   541.9   602.0   704.6  1054.2  3757.6  9296.6 31486.6  94049.6    94038
read      496.9   554.9    86.8   165.8   189.3   351.4   460.4   548.6   633.9   766.7   981.7  1296.4  2357.5  5979.4 15324.2  51698.8    51806
read      490.8   536.1    86.8   164.5   187.6   349.8   460.7   549.8   637.9   774.5   976.2  1271.1  1985.3  5825.1 15691.8  48719.4    48712
read      463.1  1054.0    93.8   166.8   190.5   374.4   457.1   509.0   549.2   597.4   654.6   747.3  1291.5 16387.3 32310.6  13094.2    13115
read      496.5   697.7    86.8   170.2   194.7   342.2   429.3   492.6   551.6   649.9   866.1  1381.5  3079.1  7428.1 28922.7  76414.0    76569
read      439.1   469.5    93.8   162.4   184.6   375.2   476.6   543.8   598.2   658.3   730.7   848.2  1184.6  5175.1 14681.2  19375.6    19372
read      474.7   575.5    86.8   163.6   186.2   333.8   433.1   513.7   594.9   724.2   944.9  1279.8  1861.3  6079.0 17191.5  59259.6    59331
read      486.9   606.6    80.4   164.3   188.0   340.2   435.6   508.8   583.0   706.3   936.6  1312.3  2620.3  7140.3 16573.1  62603.6    62597
read      475.3   488.1    93.8   161.1   183.7   352.9   471.9   568.7   656.8   772.0   923.1  1137.6  1621.6  5184.8 16654.4  37638.6    37702
read      492.1   571.6    86.8   164.2   187.7   361.0   480.6   572.7   659.7   775.3   937.6  1195.8  1857.5  6357.6 16261.4  42205.8    41975
read      493.0   492.6    86.8   167.6   191.8   399.3   529.5   618.1   688.9   770.4   882.7  1055.1  1559.0  5358.0 17126.5  26052.8    26100
read      534.2   855.1    86.8   182.8   210.4   364.7   451.7   513.4   573.5   668.1   864.6  1440.2  3415.2  8219.3 31931.1  82496.8    82500
read      490.8   507.0    80.4   168.0   192.1   353.6   465.4   551.3   633.8   754.5   954.3  1273.8  2010.8  5393.0 13254.4  50722.8    50756
read      497.0   541.7    86.8   171.0   195.4   350.6   453.6   532.7   612.0   744.6   978.4  1359.9  2317.0  5098.0 14928.1  66490.6    66696
read      489.8   541.4    86.8   170.0   194.0   353.4   460.2   544.5   628.0   749.2   946.5  1260.7  1963.4  5534.0 16056.9  53415.8    53364
read      458.7  1065.9    93.8   173.6   198.6   366.7   440.1   483.3   516.2   555.4   605.9   686.6  2009.3 14566.8 36777.1  10475.0    10413
read      476.8   476.0    86.8   168.8   192.8   340.7   439.5   517.8   596.1   724.4   936.8  1287.4  1962.1  5544.8 12201.9  64862.8    64876
read      478.3   501.5    86.8   171.1   194.8   341.9   436.3   510.6   586.9   703.9   920.1  1297.5  2074.5  5278.5 13389.6  69249.0    69079
read      458.2   631.4    93.8   168.0   191.5   387.3   488.0   551.9   603.3   661.6   730.2   847.2  1327.5  6159.3 30835.5  19627.0    19447
read      545.0   830.5    86.8   186.3   214.4   368.5   456.1   519.6   579.2   678.0   916.0  1514.1  3465.1  8220.4 31644.6  81207.8    81182
read      452.8   594.5    93.8   164.8   188.4   373.3   479.1   544.0   602.0   674.5   764.8   906.2  1291.9  5894.5 31464.4  25355.2    25265
read      387.9   621.0   101.3   179.2   205.0   362.7   410.8   436.0   455.9   478.4   509.7   576.5   806.4  6781.9 31461.6   9703.6     9699
read      426.0   446.3    86.8   176.5   201.2   372.7   457.7   506.2   544.2   592.6   663.6   782.0  1285.9  4370.3 19922.6  48530.2    48659
read      380.4   268.3    86.8   177.4   201.4   337.7   411.5   457.0   491.4   533.5   589.4   692.1  1009.7  2221.5  9834.0  75172.2    75126
read      364.3   195.4    86.8   182.3   206.6   332.9   395.3   433.6   463.3   499.7   549.1   637.9   870.6  1744.2  5855.3  96592.8    96559
read      392.1   279.1    80.4   176.1   200.5   350.9   432.6   479.9   513.7   553.8   611.9   712.3  1024.5  2374.4  9268.9  55832.6    55885
read      370.8   331.2   101.3   189.7   215.3   355.9   400.2   425.6   443.9   466.3   499.1   553.6   747.6  4568.8 13169.0   9020.0     9039
read      457.1   373.6    86.8   175.1   199.3   348.7   453.0   532.2   603.0   706.0   862.8  1132.7  1653.0  2926.7  8778.9  66280.4    66378
read      486.8   471.8    86.8   170.1   195.0   368.0   491.2   587.8   672.4   782.9   940.1  1162.1  1657.4  4981.9 11829.4  41171.0    41225
read      456.2   389.4    86.8   166.4   189.9   344.6   457.9   542.8   623.8   731.9   882.6  1135.2  1556.5  3266.6 12152.7  52333.4    52371
read      518.0   634.4    86.8   168.3   192.7   367.5   498.2   604.3   709.0   844.4  1023.2  1254.6  2130.9  5755.4 30488.1  39664.6    39873
read      468.3   448.1    86.8   163.4   187.4   355.9   478.1   573.3   659.1   768.7   914.0  1130.0  1475.3  3572.1 11608.4  41167.0    41176
read      403.4   489.8    80.4   165.1   188.3   328.1   400.8   445.7   479.8   524.5   592.5   755.8  1801.7  5726.1 15831.3  85310.2    85357
read      411.0   482.3    86.8   166.1   189.8   330.9   407.9   457.3   495.9   546.3   628.0   834.9  1691.5  6228.0 15492.1  85291.2    85391
read      434.5   679.0    86.8   169.5   194.2   338.2   412.6   460.0   498.8   549.8   633.8   865.4  1850.8  9416.2 30660.3  91892.8    91890
read      456.0   399.6    86.8   166.0   189.6   338.3   439.6   514.3   587.5   703.5   893.6  1208.7  1722.7  3468.3 12193.1  57597.4    57558
read      449.1   939.2    93.8   165.8   190.4   355.5   436.7   480.6   510.2   546.4   600.4   689.8  3006.9 15279.0 32308.5   9970.0     9972
read      471.8   600.7    86.8   166.2   190.2   342.0   441.4   515.6   584.3   691.4   878.5  1248.8  1843.2  5798.9 29461.8  74442.0    74636
read      417.4   481.9    86.8   158.2   180.5   342.8   435.7   489.8   532.1   595.3   711.8   916.0  1290.1  4692.0 17208.2  29676.2    29773
read      461.0   402.5    80.4   164.6   188.2   334.6   442.3   532.0   620.3   749.0   934.1  1233.7  1703.3  3265.7  9252.7  63478.2    63494
read      414.1   932.8   101.3   171.7   195.3   328.8   388.2   422.3   446.1   471.4   509.4   595.0  2151.8 11670.2 31906.9   7174.2     7201
read      482.7   478.4    86.8   164.4   188.9   350.1   468.9   566.0   660.0   791.4   973.2  1240.5  1717.5  4853.1 12789.6  49385.2    49507
read      455.1   433.1    80.4   161.8   185.4   329.4   431.2   514.8   602.0   731.7   920.3  1212.0  1714.3  3509.0 12681.2  65395.0    65454
read      419.6   498.8    86.8   162.1   185.7   334.1   411.3   458.4   495.3   543.5   620.9   842.9  1889.1  5620.5 13417.9  88337.2    88537
read      488.3   572.5    86.8   160.5   183.6   354.2   481.8   583.5   684.1   805.7   961.3  1169.6  1686.9  6289.2 30175.3  37099.4    36982
read      410.0   531.5    80.4   161.5   185.0   335.9   412.6   458.7   494.0   539.1   605.1   740.0  1798.9  7506.6 24179.5  88857.0    88964
read      405.1   465.9    80.4   163.8   187.6   336.2   411.4   457.4   492.8   538.4   607.5   763.4  1690.0  5820.5 15252.9  96440.6    96479
read      463.6   438.3    80.4   156.8   179.3   333.9   446.2   533.0   623.7   757.2   961.5  1239.7  1725.4  3815.1 10285.1  47843.6    47883
read      461.7   438.0    86.8   154.7   176.6   324.8   434.3   522.6   617.3   768.6   997.1  1285.6  1698.1  3346.8 12265.3  50477.4    50650
read      416.3   525.6    80.4   161.7   184.8   327.3   402.7   450.7   488.7   539.2   623.9   884.7  1833.0  7048.5 18551.1  89034.0    89242
read      419.3  1070.6   101.3   167.6   190.7   325.2   383.8   416.6   439.3   468.4   509.1   587.0  2632.4 15903.8 35346.5   7372.8     7374
read      453.4  1151.0   101.3   169.0   194.0   346.1   420.7   462.5   491.4   525.3   575.3   659.3  2623.6 23386.2 32499.6   8552.4     8507
read      484.4   612.4    86.8   164.2   188.6   344.0   454.2   540.8   626.7   753.0   945.6  1256.3  1823.9  7335.6 25759.6  50619.2    50676
read      386.8   349.3    86.8   163.2   186.4   328.1   406.3   454.5   490.7   534.8   596.4   739.2  1417.7  3345.4  9326.9  56947.6    57069
read      380.2   429.6    80.4   162.4   185.2   337.5   418.5   463.2   495.7   532.4   578.5   658.2   972.7  4699.1 15860.6  43399.0    43520
read      370.4   219.9    80.4   163.2   186.6   338.5   418.8   463.5   495.7   533.1   580.8   661.1   868.4  1736.7  7704.6  56648.4    56720
read      374.7   364.8    86.8   159.2   181.8   327.8   404.7   449.3   482.2   522.5   576.2   675.4  1076.4  4413.3  9493.2  68019.8    68155
read      372.6   251.7    86.8   163.1   186.7   338.2   419.4   464.0   496.5   534.3   583.2   666.1   887.5  2300.9  7593.8  60664.0    60444
read      375.0   264.8    80.4   160.8   183.5   339.0   421.7   467.6   501.9   542.3   595.5   686.0   908.9  1742.8 12150.2  64004.8    63997
read      383.0   432.7    93.8   166.8   189.8   365.4   436.9   470.7   494.4   521.5   556.7   622.1   806.3  4316.3 21074.3  17294.4    17315
read      356.7   213.5    80.4   163.6   186.4   322.1   394.0   435.8   468.0   505.8   555.9   642.6   869.0  1958.3  7831.9  78427.2    78596
read      360.5   218.4    80.4   168.5   191.9   327.0   396.1   437.3   468.4   506.3   558.1   645.0   877.4  1825.8  7290.5  81760.6    81548
read      363.4   220.5    80.4   173.5   197.2   330.0   396.2   435.9   466.6   504.9   557.9   649.5   894.0  1551.6  8700.4  97038.6    97254
read      377.2   274.1    80.4   165.9   189.7   344.7   425.2   469.4   501.1   536.5   581.9   660.6   901.6  2198.7  8704.4  46223.2    46135
read      354.0   269.9    86.8   166.3   189.0   351.8   405.0   429.7   448.3   469.5   499.4   548.3   692.2  2125.8 13345.0  13507.6    13379
read      377.2   326.2    86.8   159.4   182.4   344.1   422.5   465.1   495.9   531.4   578.1   660.7   950.7  3374.3  9397.6  47002.0    46993
read      390.4   356.3    80.4   170.3   194.6   343.7   421.2   467.2   503.0   546.8   608.6   712.4  1014.3  4207.2 10745.0  98402.6    98274
read      385.2   376.8    86.8   168.2   192.2   340.7   417.3   462.3   496.6   538.8   595.1   690.0   976.4  4125.3 12663.2  97123.6    97056
read      386.5   421.1    86.8   156.0   176.5   338.3   422.5   467.1   500.6   540.6   594.0   683.4  1254.8  4925.9 15992.2  43384.0    43434
read      402.4   431.4    86.8   159.7   181.9   357.1   443.0   490.1   525.0   568.3   625.3   718.5  1170.7  5102.4 12556.7  36252.2    36406
read      374.6   341.9    86.8   179.9   203.9   331.0   395.1   434.7   465.8   504.9   561.0   660.2  1001.2  3525.1 12637.1  98897.6    99121
read      385.4   362.5    86.8   175.3   199.3   337.8   408.8   452.2   485.1   526.7   583.9   683.2  1060.2  4606.9 11065.8  80708.0    80708
read      387.6   360.6    86.8   166.5   191.2   341.0   420.9   467.6   500.7   540.1   594.1   685.7  1134.8  4126.5 10901.3  40515.6    40517
read      398.6   499.1    86.8   165.0   188.9   346.4   431.8   478.5   510.9   548.2   603.1   695.7  1127.3  6311.1 28213.4  34229.8    34168
read      368.9   319.2    93.8   172.6   194.2   355.4   406.0   430.6   449.7   471.4   505.6   571.5   929.3  4057.4 12038.1  11834.8    11754
read      365.3   310.7    86.8   173.4   196.7   326.6   390.4   429.1   459.1   496.0   546.6   637.9   958.9  3201.8 12123.2  93080.4    93304
read      399.2   404.2    93.8   171.2   195.0   343.4   426.1   474.6   511.0   555.8   620.2   729.6  1273.2  4365.0 13893.6  64752.2    64697
read      386.3   398.2    93.8   181.4   206.5   341.6   408.9   450.4   481.4   520.7   576.8   673.1   965.8  5107.1 14714.4  92734.8    92626
read      388.6   357.8    93.8   166.0   188.7   337.3   419.2   466.6   502.3   546.4   609.0   712.1  1153.0  3850.1  9238.5  75626.0    75618
read      386.0   383.0    86.8   168.5   192.1   336.9   413.0   458.4   492.3   534.0   590.7   687.1  1012.8  5137.8 10609.5  85654.2    85805
read      380.7   293.8    86.8   166.0   187.8   347.5   425.5   464.6   491.7   523.7   567.3   638.1   988.3  4101.4  9940.2  18942.8    18930
read      416.8   557.6    86.8   168.8   193.2   359.4   443.0   491.6   528.3   574.7   637.7   742.6  1253.2  6515.7 24865.2  49978.0    50153
read      387.3   487.8   101.3   179.8   203.4   360.5   407.9   433.1   453.3   476.5   508.8   587.2  1262.4  5289.7 30988.8  10373.0    10377
read      437.7   518.8    93.8   178.8   205.6   377.1   464.7   515.1   551.2   598.8   666.0   787.6  1418.3  5754.0 27532.5  33022.0    33112
read      461.1   395.9    93.8   178.2   204.0   380.1   483.4   548.1   608.8   694.0   814.8  1009.4  1436.8  3778.3 10692.5  28641.4    28777
read      474.5   427.7    86.8   175.6   200.3   361.5   468.6   549.4   626.9   738.9   913.0  1177.6  1649.6  4059.6 12745.8  45598.6    45709
read      500.7   463.7    93.8   190.1   217.7   371.9   472.7   555.5   635.6   751.3   943.4  1284.4  1956.7  4349.6 10934.7  74364.4    74458
read      472.2   536.8    93.8   176.6   203.6   365.1   454.7   512.4   563.7   634.3   756.5  1082.3  2237.4  6109.9 15854.7  73447.8    73596
read      465.9   586.2    86.8   165.4   188.9   365.8   472.1   541.1   609.5   706.2   825.1   999.1  1471.1  7740.8 23902.0  28029.2    28031
read      497.0   487.7    86.8   167.9   191.0   353.7   475.3   573.5   671.6   822.6  1051.6  1343.3  1758.3  3830.4 16287.6  45759.0    45754
read      429.2   509.9    86.8   171.3   195.8   346.0   425.9   475.1   514.8   569.4   651.9   841.2  1954.7  5705.2 15815.8  80065.8    80138
read      547.8   719.1    93.8   182.1   209.8   380.5   494.4   586.5   678.7   823.3  1050.4  1460.2  2450.7  7942.2 30684.5  64181.2    64350
read      482.5   452.9    86.8   169.2   193.9   355.6   467.6   550.5   631.7   752.3   943.7  1263.3  1799.7  4639.9 11672.4  51884.2    51870
read      360.8   207.7    80.4   168.9   192.9   331.0   398.4   437.4   467.4   503.7   549.6   632.9   851.5  1885.2  7486.7  81421.0    81106
read      358.0   211.2    86.8   168.9   192.8   327.5   394.5   433.8   464.0   500.8   548.9   632.8   845.2  1525.5  6834.1  82021.4    82064
read      379.2   237.7    86.8   169.2   193.8   354.3   435.1   476.0   503.6   536.5   580.3   654.6   839.5  1702.9  8967.5  30472.8    30534
read      380.9   263.7    86.8   169.3   193.1   356.3   438.3   476.0   501.9   533.6   576.3   642.0   816.0  3258.1  9990.4  25457.4    25449
read      367.7   191.5    86.8   167.3   191.8   337.2   411.2   454.8   486.7   524.7   575.4   659.3   863.9  1343.5  6237.9  67865.8    67525
read      389.1   274.6    86.8   171.9   196.6   364.2   446.9   487.0   512.8   544.2   588.1   663.0   839.3  3079.4  9195.8  27080.2    27070
read      389.3   263.9    86.8   172.1   196.5   357.6   440.8   484.7   515.5   549.5   599.0   682.6   911.3  1863.3 12231.0  41179.4    41133

Total QPS = 51682.1 (77523088 / 1500.0s)

Total connections = 64
Misses = 0 (0.0%)
Skipped TXs = 0 (0.0%)

RX 19148203477 bytes :   12.2 MB/s
TX          0 bytes :    0.0 MB/s
Warning! Detected max cpu usage > 95%
CPU Usage Stats (avg/min/max): 99.97%,48.74%,100.00%