Wed May 25 18:02:29 UTC 2022
Random waveform, supplied seed
Total number of intervals = 300 (5031, 54838, 74868, 30015, 40743, 23648, 97712, 53672, 55395, 29425, 15173, 82475, 90555, 47944, 28313, 28504, 22886, 35717, 14828, 81704, 55771, 85226, 75020, 12441, 56208, 17446, 86943, 49138, 49839, 47752, 27181, 6170, 7187, 99387, 91970, 79658, 59230, 78081, 64242, 37702, 40686, 30376, 38416, 65892, 39560, 10016, 55224, 19982, 48114, 36283, 23315, 11150, 98724, 56880, 13467, 99368, 46206, 71651, 22741, 56654, 99570, 23047, 70008, 42943, 46704, 75970, 21917, 82027, 81583, 14259, 7821, 17727, 65559, 41133, 28693, 53141, 54512, 14835, 98446, 38117, 77994, 30209, 68315, 91940, 49308, 46880, 92540, 49396, 97841, 35404, 80451, 87228, 75554, 57964, 83546, 55468, 34203, 37629, 34577, 47426, 58845, 66993, 10977, 51529, 48344, 5902, 71602, 41886, 47456, 93939, 16890, 45689, 32790, 44044, 28149, 39739, 72475, 93882, 6692, 50406, 83055, 55609, 16968, 43031, 17236, 82183, 42212, 12244, 61777, 36984, 29093, 41715, 34838, 63574, 24401, 32025, 98971, 23657, 67877, 53849, 79536, 17081, 39024, 26125, 33388, 20979, 95865, 73949, 60987, 54175, 51484, 39771, 32864, 42033, 43808, 45785, 35582, 38504, 15320, 74264, 43890, 5962, 38365, 55971, 23217, 87681, 91728, 96668, 80475, 27150, 53444, 23737, 87776, 82175, 98548, 37704, 64701, 69089, 89785, 16676, 69604, 99682, 97693, 17381, 40069, 8841, 56576, 21599, 53003, 19831, 80340, 28765, 25572, 37071, 75819, 44359, 95960, 59630, 47930, 65545, 94038, 51806, 48712, 13115, 76569, 19372, 59331, 62597, 37702, 41975, 26100, 82500, 50756, 66696, 53364, 10413, 64876, 69079, 19447, 81182, 25265, 9699, 48659, 75126, 96559, 55885, 9039, 66378, 41225, 52371, 39873, 41176, 85357, 85391, 91890, 57558, 9972, 74636, 29773, 63494, 7201, 49507, 65454, 88537, 36982, 88964, 96479, 47883, 50650, 89242, 7374, 8507, 50676, 57069, 43520, 56720, 68155, 60444, 63997, 17315, 78596, 81548, 97254, 46135, 13379, 46993, 98274, 97056, 43434, 36406, 99121, 80708, 40517, 34168, 11754, 93304, 64697, 92626, 75618, 85805, 18930, 50153, 10377, 33112, 28777, 45709, 74458, 73596, 28031, 45754, 80138, 64350, 51870, 81106, 82064, 30534, 25449, 67525, 27070, 41133)
Average QPS expected = 51692
Timestamp start: 1653501751214
Timestamp end: 1653503251678

#type       avg     std     min      p5     p10     p50     p67     p75     p80     p85     p90     p95     p99    p999   p9999      QPS   target
read      429.3  1169.2   109.4   195.3   222.4   341.1   386.1   411.5   431.8   457.2   491.7   561.6  1882.3 20416.8 41511.8   5010.4     5031
read      490.6   516.4    86.8   179.4   205.0   363.1   470.7   556.7   645.0   770.5   940.9  1219.9  1776.4  5101.9 18055.8  54557.4    54838
read      439.2   488.2    86.8   175.3   199.9   342.5   421.7   474.0   519.4   586.4   718.3  1047.7  1859.9  4633.0 15018.7  75079.2    74868
read      475.2   526.1    86.8   170.2   194.5   373.1   483.8   561.3   635.9   734.9   859.8  1031.6  1545.5  5888.4 17346.1  30080.6    30015
read      508.0   624.9    86.8   175.2   199.2   369.2   490.2   583.5   676.3   810.3   991.9  1242.7  1791.1  7187.2 30727.4  40782.6    40743
read      494.2   744.3    93.8   172.8   196.8   389.2   502.7   591.0   662.7   745.4   846.1   989.4  1383.1 10464.8 31065.0  23747.6    23648
read      458.4   697.1    86.8   182.2   209.3   361.7   434.0   479.7   516.8   569.4   654.1   916.3  1963.7  8530.7 31491.3  97732.2    97712
read      495.3   503.1    86.8   175.5   200.7   366.4   478.1   559.6   638.8   760.2   948.3  1261.2  1950.5  4888.0 15722.3  53636.8    53672
read      483.6   420.3    93.8   173.7   199.1   358.8   467.7   553.8   637.5   758.7   945.0  1247.4  1842.4  3873.3 10706.7  55404.2    55395
read      499.1   663.5    93.8   171.8   196.4   385.3   506.0   597.0   676.9   770.2   888.0  1074.7  1703.9  6873.0 30686.4  29462.4    29425
read      478.5   864.5   101.3   170.3   194.0   386.6   481.9   546.5   594.4   647.5   710.6   814.3  1666.3 11732.9 31776.7  15170.2    15173
read      423.1   563.1    86.8   172.7   196.0   332.5   402.6   446.9   482.5   529.7   606.0   881.8  2024.6  6311.1 25769.2  82362.8    82475
read      394.5   447.9    86.8   173.7   196.7   332.9   400.5   441.4   471.7   511.4   570.3   697.1  1654.0  5489.8 13821.4  90741.4    90555
read      459.5   517.3    86.8   173.5   197.1   355.2   453.1   518.3   574.4   657.5   798.4  1093.5  1722.6  4932.9 16673.2  48142.2    47944
read      489.0   396.9    93.8   175.1   199.7   396.8   527.3   626.1   704.4   793.3   901.6  1060.1  1415.5  3993.0 10544.9  28170.2    28313
read      488.4   466.4    93.8   173.2   196.7   390.0   512.3   603.1   676.7   762.3   878.6  1057.0  1592.1  5151.3 11309.6  28399.0    28504
read      513.4   966.9    86.8   172.5   197.1   390.6   496.8   570.3   630.9   700.8   794.1   951.2  2868.3 14314.5 32029.6  22835.2    22886
read      498.2   584.5    86.8   171.6   195.3   371.9   494.3   584.2   674.0   801.0   959.5  1184.3  1671.1  7068.1 30307.2  35767.0    35717
read      473.0   758.8    93.8   173.1   198.6   396.4   493.1   557.4   602.6   653.7   715.5   820.8  1596.6  8602.1 31903.4  14823.4    14828
read      466.9   723.6    93.8   176.6   202.2   356.1   434.8   485.7   527.3   583.9   684.2  1018.1  2265.6  8496.7 31483.9  81455.6    81704
read      490.7   467.1    86.8   177.0   202.7   360.9   469.5   553.0   633.6   757.0   956.0  1280.4  1883.6  4099.5 16270.1  56001.4    55771
read      432.9   636.1    86.8   172.3   196.4   341.1   414.4   459.3   495.2   542.4   621.9   849.6  1973.2  8358.9 30993.4  85187.4    85226
read      378.1   343.5    86.8   164.2   186.4   323.0   395.8   437.2   469.5   511.0   571.4   691.8  1475.2  4264.0  8682.7  74920.4    75020
read      467.7   932.3    93.8   170.4   195.6   373.1   449.9   498.9   539.0   587.2   655.8   769.5  2817.0 11424.8 32120.9  12371.4    12441
read      488.5   486.1    93.8   173.2   197.9   357.8   465.1   549.0   634.4   761.3   964.7  1279.3  1894.4  4723.4 11801.3  56136.8    56208
read      508.6  1018.0    93.8   167.8   192.4   391.9   498.4   571.3   623.1   681.9   755.2   890.9  2315.9 13660.9 32333.0  17398.6    17446
read      426.1   661.5    86.8   170.5   194.5   342.9   417.2   460.9   495.4   540.2   608.5   767.9  1954.0  8205.1 31278.3  87094.8    86943
read      486.0   490.1    86.8   166.7   190.7   356.0   471.6   563.2   653.2   782.8   973.7  1250.9  1763.0  5134.1 15484.8  49213.2    49138
read      482.4   464.5    86.8   167.4   191.1   349.5   460.6   543.7   630.0   770.0   981.0  1280.8  1842.4  4185.1 13967.5  49769.2    49839
read      489.8   527.2    86.8   168.6   193.9   363.0   478.8   567.6   650.6   771.2   944.6  1210.0  1778.3  5400.4 15743.5  47748.0    47752
read      473.3   547.2    86.8   162.9   185.8   374.7   495.2   585.8   660.0   745.7   852.5  1015.5  1447.4  6350.5 24824.1  27200.8    27181
read      439.2  1095.2   109.4   178.3   205.4   336.8   391.5   423.1   447.2   475.7   521.0   609.1  3119.3 14581.8 32369.8   6179.4     6170
read      436.7   989.8    93.8   175.4   202.6   348.4   407.2   440.3   464.3   494.5   539.7   629.9  2703.4 11421.7 36448.2   7177.2     7187
read      381.6   459.1    80.4   167.5   191.1   328.3   394.5   433.5   464.4   503.8   560.5   668.8  1418.4  5661.3 15637.6  99348.6    99387
read      440.0   749.7    80.4   168.1   192.9   343.3   417.0   461.1   497.0   543.7   616.7   791.9  2015.6  8677.3 31562.2  91923.4    91970
read      444.1   686.1    93.8   165.4   189.6   339.8   417.7   466.7   507.2   563.9   660.6  1018.9  1959.2  8404.5 31658.1  79546.0    79658
read      444.1   638.5    86.8   161.0   183.1   332.3   419.7   476.9   527.1   598.3   736.8  1067.2  1831.3  8555.0 30490.6  59086.4    59230
read      545.8   772.3    86.8   176.7   204.9   371.4   467.4   541.3   616.7   759.6  1089.6  1586.2  2790.1  7283.3 31800.4  78044.4    78081
read      455.1   451.5    86.8   165.5   189.0   341.0   435.4   503.0   565.6   662.4   842.7  1203.1  1839.7  3997.3 13902.3  64181.0    64242
read      486.5   506.6    86.8   162.5   185.7   356.4   486.7   592.0   692.8   822.5   973.9  1183.0  1666.4  3817.5 21434.1  37698.8    37702
read      488.8   592.4    93.8   162.7   185.7   354.3   477.4   576.1   670.4   805.5   976.9  1200.4  1673.1  6327.5 30203.9  40745.2    40686
read      467.7   385.3    86.8   161.9   185.2   367.7   494.4   591.5   674.6   776.2   892.1  1051.5  1398.1  4178.3 11022.8  30245.8    30376
read      506.0   616.9    86.8   164.7   188.2   361.6   493.9   600.7   708.4   848.0  1010.7  1233.3  1746.2  6147.6 24592.1  38565.6    38416
read      502.3   580.8    86.8   178.3   204.3   363.3   472.2   561.2   644.6   771.0   969.7  1279.0  2015.8  6069.4 22821.2  65803.8    65892
read      487.4   594.3    86.8   164.3   187.8   355.9   478.1   575.8   670.5   803.5   964.8  1176.6  1675.7  6002.3 29778.5  39620.2    39560
read      459.1   982.5    93.8   170.4   196.3   372.1   450.5   496.8   531.6   572.2   622.4   714.4  1715.2 14571.6 32138.6  10002.4    10016
read      489.1   458.9    86.8   168.3   193.0   352.5   460.1   548.1   635.0   778.8  1002.4  1326.5  1883.9  4000.6 11263.2  55142.2    55224
read      480.1   623.1    93.8   167.0   190.6   391.3   506.7   588.1   649.9   724.2   812.6   942.0  1484.8  7844.8 31599.9  20138.4    19982
read      506.0   711.0    86.8   166.1   189.9   351.5   463.8   553.3   643.3   795.7  1020.5  1340.3  1946.3  7545.7 30898.6  48194.2    48114
read      487.7   532.4    86.8   163.8   187.0   360.5   484.4   580.6   674.9   798.9   948.6  1155.9  1671.1  5851.0 15917.3  36342.6    36283
read      485.2   714.9    93.8   167.2   191.2   387.0   508.6   596.1   662.9   738.3   832.2   963.8  1395.8 10081.4 32227.8  23445.2    23315
read      471.8   957.4    93.8   169.0   194.0   375.1   457.0   505.5   543.0   590.2   650.4   775.4  2645.8 12295.0 32103.6  11238.2    11150
read      402.9   584.8    86.8   171.8   195.7   336.8   404.8   446.6   478.1   519.6   579.7   699.1  1631.5  8405.6 30807.2  98419.2    98724
read      491.0   569.1    86.8   164.0   187.2   343.4   446.6   529.0   610.9   754.8   997.6  1354.9  2028.2  6249.1 14611.0  56882.6    56880
read      473.2   955.1    86.8   161.9   185.5   374.5   465.2   524.2   565.4   613.6   672.3   783.5  2724.4 11059.9 32344.6  13429.2    13467
read      430.5   645.9    86.8   171.3   197.2   349.0   423.2   467.7   504.3   551.1   625.9   781.5  1809.1  8504.5 31048.5  99378.8    99368
read      474.1   517.0    80.4   163.0   186.6   349.9   464.1   549.1   631.0   755.9   936.9  1188.9  1667.6  5493.8 21582.8  46067.2    46206
read      421.0   595.2    86.8   164.7   188.0   335.8   414.4   462.9   501.9   552.0   634.3   869.8  1817.0  6621.9 30442.7  71840.2    71651
read      432.4   660.6    93.8   162.5   184.2   359.5   449.9   498.7   539.4   598.9   697.0   860.8  1265.6  7749.0 32415.5  22812.0    22741
read      503.6   552.8    86.8   174.5   200.1   367.4   486.6   582.9   671.2   795.8   980.7  1290.2  1823.6  5974.6 15864.7  56729.0    56654
read      419.9   616.3    86.8   176.3   201.4   342.8   411.2   453.8   487.1   530.7   595.9   751.0  1764.7  8601.0 30814.2  99561.2    99570
read      497.6   755.5    86.8   166.4   190.3   383.5   502.8   587.2   658.7   745.0   847.3  1004.2  2165.6  8414.4 33304.4  23001.6    23047
read      427.3   546.0    86.8   167.8   191.4   335.4   413.5   463.4   504.3   562.6   667.2   956.1  1849.3  5459.0 28462.9  69849.6    70008
read      500.2   749.0    86.8   165.1   189.1   359.8   481.0   574.0   662.9   788.1   958.7  1199.7  1715.6  8859.9 31185.3  43123.0    42943
read      476.9   554.0    86.8   161.5   184.7   345.6   459.9   544.9   629.6   762.4   949.7  1219.2  1689.0  6198.7 21982.1  46748.0    46704
read      448.2   665.7    86.8   166.8   190.6   339.2   418.2   468.6   511.7   575.1   692.2  1092.4  2022.1  7285.4 31319.8  75994.4    75970
read      504.7   825.8    86.8   165.3   188.8   390.2   507.4   594.3   664.7   746.4   842.7   987.7  2079.9 12425.9 31613.4  21926.6    21917
read      435.3   702.4    86.8   163.4   187.0   336.4   412.9   459.5   497.6   548.2   634.4   915.0  1916.0  8421.8 31603.9  82022.4    82027
read      422.2   543.7    86.8   164.3   187.7   334.5   408.4   454.5   491.7   542.2   626.5   908.1  1865.3  6293.0 29073.7  81469.2    81583
read      493.7  1123.7    93.8   161.9   185.0   370.6   461.9   521.7   561.8   607.1   666.8   785.4  3013.5 13917.9 32518.2  14175.0    14259
read      417.3   816.4   101.3   170.9   196.0   342.2   403.3   438.3   464.0   497.0   541.2   624.0  2093.7  9226.1 30953.2   7825.0     7821
read      496.2   868.5    93.8   166.3   190.1   384.5   498.7   576.3   634.7   703.9   789.1   920.6  1966.3 10744.0 32048.0  17488.8    17727
read      478.7   442.2    86.8   172.3   197.4   351.9   459.1   545.5   629.4   758.3   948.2  1252.0  1798.2  3218.4 12006.2  65508.0    65559
read      487.4   602.7    80.4   164.3   188.4   361.7   488.1   584.0   670.8   786.6   934.8  1150.0  1592.4  7655.8 30193.3  41089.8    41133
read      453.6   411.5    86.8   159.9   181.8   361.1   479.9   569.9   645.7   735.5   840.6   985.7  1317.5  4954.9 11619.2  28767.4    28693
read      473.5   477.4    80.4   165.7   189.8   346.8   455.1   539.7   619.1   749.2   950.2  1243.0  1735.4  4041.6 16483.4  53051.4    53141
read      490.3   460.4    86.8   166.8   191.6   355.1   464.8   552.2   635.7   779.3   995.3  1337.4  1880.3  4472.1 10067.9  54521.2    54512
read      450.9   867.6    93.8   160.0   182.4   365.3   454.4   511.7   552.9   592.7   651.2   745.9  2047.6 12638.0 32164.7  14864.6    14835
read      412.4   682.2    86.8   167.7   192.6   336.0   403.4   445.3   477.3   520.3   583.6   717.2  1692.9  8514.5 31395.2  98295.0    98446
read      462.7   557.8    86.8   157.7   180.2   343.1   459.2   544.8   627.8   744.6   892.8  1091.0  1546.9  5954.2 23886.4  38045.0    38117
read      400.5   567.2    86.8   160.4   181.2   314.9   387.9   434.1   472.0   526.9   616.5   862.6  1658.7  6345.5 19581.9  78078.0    77994
read      462.8   584.1    80.4   154.8   176.0   348.8   470.4   561.0   637.1   736.9   852.7  1028.3  1620.4  5874.9 23521.2  30174.6    30209
read      482.3   752.5    80.4   166.7   190.0   336.5   438.0   519.1   593.4   710.4   891.8  1206.8  1920.8 15257.4 25457.2  68318.2    68315
read      356.2   605.8    80.4   158.4   178.6   301.1   362.7   399.2   427.5   462.3   509.3   595.0   924.0  9911.3 20404.5  92209.6    91940
read      438.9   539.3    86.8   153.1   173.7   316.5   415.6   490.4   558.2   670.1   864.1  1135.7  1643.8  5053.8 18654.9  49213.6    49308
read      466.7   546.4    86.8   156.1   178.1   330.2   439.1   528.9   619.0   767.4   969.9  1226.9  1728.3  4704.7 19551.3  46930.0    46880
read      391.5   746.1    86.8   161.1   182.2   312.1   376.5   415.3   444.8   483.0   540.1   655.9  1681.8 15116.7 30614.1  92383.6    92540
read      442.8   481.1    86.8   157.0   178.5   328.3   429.9   504.1   575.0   677.7   849.4  1113.8  1636.1  5228.0 16579.2  49352.8    49396
read      392.8   688.9    80.4   164.0   185.8   312.9   374.9   414.1   444.8   485.0   545.5   686.7  1676.9 15200.0 21856.0  97704.0    97841
read      452.5   629.3    86.8   152.5   173.3   332.0   445.2   525.6   602.3   708.8   842.6  1041.4  1559.6  7246.8 30155.7  35392.0    35404
read      470.1   940.9    86.8   163.4   186.5   331.8   407.9   458.3   499.5   557.7   665.5  1090.1  2616.2 16188.3 32238.4  80543.0    80451
read      469.3   939.2    86.8   167.0   191.0   335.9   410.5   458.5   498.1   554.4   656.9  1052.3  2317.8 16003.5 31223.4  87272.2    87228
read      468.5   864.8    86.8   163.0   186.3   334.9   416.1   469.5   516.3   585.3   715.5  1084.5  2403.2 15773.0 31131.2  75509.8    75554
read      469.3   563.9    86.8   161.1   183.9   334.6   440.8   529.2   615.7   750.0   938.0  1212.6  1771.6  5400.0 17447.3  58121.6    57964
read      398.1   709.8    86.8   159.4   180.1   312.3   381.2   423.1   456.4   499.6   566.3   725.7  1708.1  9755.4 30300.6  83530.8    83546
read      448.1   492.6    86.8   157.6   179.2   322.8   422.8   497.9   569.1   687.2   888.3  1199.9  1732.8  4665.0 16779.7  55474.6    55468
read      456.8   642.6    80.4   154.3   175.8   339.9   454.5   537.1   611.4   711.1   838.3  1025.7  1618.1  7516.8 25683.7  34118.4    34203
read      454.2   513.1    74.4   153.6   174.9   333.1   449.7   536.0   615.0   730.1   885.5  1097.5  1593.0  5468.6 16873.5  37657.8    37629
read      452.3   525.8    86.8   153.6   174.5   334.5   455.0   543.6   626.5   737.8   875.3  1080.8  1548.8  5077.4 20295.8  34634.6    34577
read      445.9   468.7    80.4   154.4   176.0   327.0   435.7   519.3   598.0   717.6   882.3  1123.1  1584.4  4476.0 16068.5  47348.0    47426
read      462.7   572.0    86.8   160.8   183.7   332.9   438.8   521.3   598.9   714.7   886.2  1167.6  1784.8  5691.1 18580.4  58825.4    58845
read      489.4   771.4    86.8   168.9   193.3   345.3   450.5   531.5   607.7   718.7   886.7  1169.1  1887.2 15265.0 25039.7  66962.2    66993
read      370.8   493.6    93.8   159.1   179.5   328.0   384.0   415.8   440.8   477.6   538.4   636.3  1059.0  4728.8 30319.4  10982.0    10977
read      456.8   503.8    80.4   156.2   178.4   326.8   433.3   513.7   589.3   716.6   911.8  1210.4  1738.2  4818.3 17018.0  51616.8    51529
read      463.2   522.5    86.8   156.8   178.4   328.8   436.5   520.6   601.2   732.8   931.1  1236.8  1815.3  5001.2 17340.3  48624.0    48344
read      452.3  1494.6   101.3   173.8   197.6   315.9   365.9   394.1   416.0   444.0   483.5   567.7  3499.5 30985.9 32370.4   5874.4     5902
read      413.3   765.5    86.8   156.1   177.2   310.7   383.2   429.8   468.2   522.0   616.2   901.1  1728.7 13914.8 31230.4  71258.6    71602
read      448.0   496.3    86.8   151.9   173.5   326.7   438.4   524.8   607.2   724.1   875.0  1088.5  1613.7  5113.0 16064.2  42152.2    41886
read      449.2   459.3    86.8   154.9   176.4   323.8   432.4   517.7   602.4   732.3   906.9  1155.6  1660.0  4492.5 15893.5  47376.6    47456
read      412.3   729.0    86.8   164.3   187.5   324.5   391.5   432.3   465.2   508.1   576.5   736.6  1783.3 15228.3 25589.5  94075.4    93939
read      352.2   320.6    86.8   158.1   178.3   333.2   397.8   427.2   448.5   473.0   506.6   571.6   800.4  4412.0 13037.3  16824.0    16890
read      486.1   642.0    86.8   157.0   178.4   338.6   455.7   547.4   639.8   785.0   988.2  1275.6  1830.6  8136.5 29093.0  45832.6    45689
read      457.7   439.2    86.8   157.7   179.2   349.6   470.9   551.4   627.9   731.8   872.1  1084.7  1560.7  4648.2 14192.3  32692.4    32790
read      474.1   599.1    86.8   161.4   183.9   344.0   458.5   543.4   624.8   741.7   914.7  1174.6  1727.3  6251.9 22086.4  44059.8    44044
read      460.9   504.4    93.8   155.7   176.9   350.4   476.5   566.5   647.5   747.7   865.5  1036.7  1528.3  5189.2 18986.3  27977.0    28149
read      479.5   528.5    86.8   159.4   181.3   346.8   470.9   565.1   655.2   786.6   961.4  1200.7  1731.2  5661.6 17164.9  39752.0    39739
read      488.4   872.2    86.8   164.0   187.2   338.9   423.1   481.0   533.4   615.3   805.0  1393.7  2179.4 15909.5 31022.7  72558.4    72475
read      424.5   865.9    86.8   167.3   190.6   329.4   399.0   441.5   474.4   519.6   584.3   720.0  1747.9 15723.0 30745.6  93918.6    93882
read      417.8  1093.1    93.8   167.4   193.0   322.2   373.9   406.5   430.8   460.5   500.7   576.3  2542.7 16865.1 36365.3   6708.6     6692
read      484.2   829.9    86.8   159.5   181.9   334.8   442.9   523.1   599.3   723.2   904.2  1180.5  1772.3 11567.5 31352.7  50368.2    50406
read      437.4   781.6    86.8   162.6   184.8   321.6   394.1   441.3   480.8   536.0   632.1   983.9  2067.6 15393.1 29763.2  82838.6    83055
read      405.2   580.6    86.8   153.4   173.5   312.1   390.5   438.7   478.0   533.0   620.1   901.5  1798.1  6729.0 19550.3  55700.2    55609
read      462.6   816.4    86.8   157.6   178.8   361.5   467.9   537.8   588.8   646.6   722.6   842.9  2155.8  9173.7 31924.9  16965.2    16968
read      501.5   927.2    86.8   160.5   182.2   340.5   457.0   543.7   631.5   755.0   920.9  1170.9  1834.0 15106.8 31822.6  43121.8    43031
read      484.8  1049.6    93.8   159.5   181.8   367.1   470.0   535.6   582.7   638.9   714.4   842.2  2607.2 14777.8 35605.4  17271.2    17236
read      399.7   754.1    80.4   159.3   180.3   308.8   375.6   418.0   451.9   497.3   567.3   743.1  1770.2 12397.9 30914.0  82162.6    82183
read      405.3   495.8    86.8   152.3   172.4   311.6   401.4   459.5   505.8   567.6   681.7   956.1  1571.9  5778.9 19589.0  42361.8    42212
read      470.2  1097.0    86.8   159.2   182.0   356.7   448.1   503.1   540.2   583.4   641.0   748.8  2632.4 14585.2 32262.9  12292.0    12244
read      501.2   789.4    86.8   163.3   186.9   337.5   447.6   540.5   632.5   768.5   965.7  1293.8  2002.4 15104.3 28943.9  61749.4    61777
read      462.5   490.4    86.8   156.4   177.8   339.1   459.3   549.1   637.3   760.9   916.8  1128.7  1606.2  5005.3 17384.8  36862.2    36984
read      454.2   541.1    86.8   153.3   174.6   348.3   467.7   548.9   623.1   719.4   839.4  1012.9  1530.2  5686.5 24466.2  29072.2    29093
read      449.6   451.2    86.8   153.2   174.2   325.3   437.7   520.7   599.1   729.2   924.7  1178.3  1618.6  4042.9 15593.1  41618.2    41715
read      456.4   512.1    86.8   155.2   177.1   341.6   464.8   551.9   638.3   754.1   888.2  1071.1  1502.6  4755.7 25401.6  34872.6    34838
read      488.5   685.2    86.8   166.0   189.9   342.3   453.6   541.5   625.5   750.5   935.5  1240.2  1870.1 12634.8 20009.3  63844.8    63574
read      458.1   758.7    86.8   150.7   170.9   343.5   457.2   537.8   608.5   690.9   794.1   946.1  1598.5 10741.5 31550.1  24469.2    24401
read      451.5   599.0    86.8   152.1   172.9   336.9   457.2   541.5   618.9   721.8   843.2  1018.6  1438.0  6357.0 28626.2  32009.2    32025
read      403.1   829.4    86.8   162.4   184.8   317.6   382.8   423.0   454.7   495.5   552.4   670.8  1596.0 15630.8 30971.3  99038.6    98971
read      456.5   794.9    86.8   150.3   170.6   342.1   451.8   527.2   594.8   680.4   783.8   934.3  1502.5 10883.6 30752.6  23648.2    23657
read      507.0   785.1    86.8   166.7   191.0   342.3   452.8   546.1   640.5   779.3   990.8  1309.6  1983.3 15632.0 20219.3  67832.6    67877
read      465.3   547.7    86.8   159.7   182.5   335.5   448.0   532.4   615.1   739.7   929.3  1189.4  1679.9  5722.2 20769.8  53994.6    53849
read      395.7   677.2    86.8   157.5   177.9   313.2   385.5   429.0   462.9   507.2   572.9   714.2  1801.4 10904.1 27358.0  79567.4    79536
read      450.6   960.5    86.8   152.2   173.1   350.0   449.4   513.8   555.6   608.1   678.7   787.6  1896.9 13604.0 33145.2  17136.2    17081
read      470.1   667.6    86.8   151.9   172.5   331.4   452.3   540.8   628.9   760.5   929.7  1140.7  1650.6  7550.2 30861.5  38986.6    39024
read      450.4   642.5    86.8   154.1   175.1   349.0   463.0   542.1   611.5   692.0   793.2   940.6  1377.8  8291.5 30048.5  26178.8    26125
read      470.0   710.6    86.8   152.8   174.5   341.0   462.3   548.6   633.9   739.2   873.3  1059.6  1576.0 10257.4 30291.8  33359.0    33388
read      467.6   799.8    86.8   154.3   175.2   359.8   472.7   552.0   617.1   691.5   781.1   918.0  1559.2 10502.2 31677.0  20880.8    20979
read      457.9   946.8    86.8   168.8   193.6   337.8   409.0   454.5   491.1   540.3   620.4   832.3  2160.5 16090.7 31509.4  95922.4    95865
read      407.3   680.0    86.8   159.0   179.7   315.2   389.9   436.5   474.5   526.9   606.9   805.7  1777.3  9493.2 25818.4  74003.6    73949
read      477.4   619.0    86.8   165.9   190.2   342.9   449.8   532.2   610.1   725.2   904.6  1213.9  1861.4  6194.2 24044.4  60988.8    60987
read      462.6   556.8    86.8   156.2   178.6   325.8   432.3   516.0   596.6   725.1   921.3  1239.8  1795.3  5886.4 17265.0  54258.4    54175
read      463.0   569.1    86.8   159.0   180.8   329.4   436.1   516.8   593.5   717.6   917.4  1212.7  1742.6  6036.8 18760.0  51548.0    51484
read      463.5   565.5    86.8   157.3   179.4   340.5   457.7   542.6   623.6   735.4   898.8  1137.7  1612.9  6594.7 20137.5  39888.0    39771
read      449.4   435.7    80.4   153.9   175.5   335.6   455.4   539.5   620.7   739.0   894.6  1088.7  1457.2  4841.0 15346.2  32868.0    32864
read      473.7   579.8    86.8   159.8   182.2   342.1   462.2   549.5   634.5   755.8   926.3  1157.9  1677.9  7240.3 18274.2  42002.6    42033
read      464.3   506.9    86.8   160.3   182.1   338.5   453.6   535.3   615.7   741.0   921.8  1190.9  1670.7  4942.1 16295.6  43726.8    43808
read      475.4   652.1    86.8   161.3   183.8   338.6   455.9   540.5   620.7   737.1   916.0  1183.1  1731.3  8027.0 29459.8  45874.6    45785
read      465.3   527.7    93.8   160.5   181.7   342.2   461.1   545.8   630.3   753.3   909.9  1125.5  1563.6  6022.8 19583.9  35609.8    35582
read      467.3   627.6    86.8   159.9   181.6   341.8   458.8   540.2   619.5   730.5   888.6  1111.1  1598.8  7131.9 29910.8  38366.2    38504
read      462.9   853.0    93.8   161.8   184.0   364.0   465.1   526.4   570.2   623.5   691.9   811.5  2112.9 10424.9 31659.8  15329.2    15320
read      431.1   763.4    86.8   163.2   185.1   322.4   396.8   444.5   483.2   534.8   624.9   909.8  2031.9 15205.0 30347.2  74025.8    74264
read      407.8   495.6    80.4   157.8   178.6   321.4   409.8   465.9   508.5   564.6   661.9   905.9  1563.0  5501.6 18153.7  43860.6    43890
read      437.1  1239.3    93.8   174.4   197.8   323.7   375.1   405.0   428.3   457.4   498.5   574.9  3449.4 23488.4 36279.9   5894.4     5962
read      490.0   836.9    86.8   159.1   180.7   338.7   459.7   542.6   627.4   749.0   917.2  1165.8  1745.6 11239.2 31588.6  38175.2    38365
read      514.4   891.7    86.8   168.1   191.8   347.7   461.0   547.4   631.3   752.7   939.1  1273.2  2234.7 14856.9 31946.3  56068.4    55971
read      444.6   545.4    86.8   154.5   175.4   352.2   463.4   540.5   606.5   684.2   777.8   916.0  1569.2  6516.7 26598.5  23245.0    23217
read      423.5   814.2    86.8   164.6   187.2   321.1   389.6   432.2   467.3   513.3   587.6   786.8  1967.2 15336.7 30721.9  87847.6    87681
read      365.5   600.2    86.8   163.2   184.3   310.6   373.4   411.1   439.7   476.3   527.4   617.3   962.5  9790.3 20357.4  91653.0    91728
read      361.1   621.4    80.4   164.5   185.8   305.8   365.1   400.6   428.6   462.9   508.9   593.4   907.5 12177.1 19794.8  96472.4    96668
read      415.3   702.4    80.4   161.8   183.3   318.6   389.6   433.7   470.1   519.3   599.3   842.3  1857.7 12339.8 29649.5  80504.2    80475
read      460.9   540.4    86.8   158.5   180.8   354.0   473.9   555.4   629.7   724.4   836.3   997.4  1736.6  5607.9 19193.0  27148.8    27150
read      452.6   516.3    86.8   160.5   182.4   328.2   432.5   510.1   586.5   705.3   890.7  1179.6  1677.4  4566.3 19872.0  53396.0    53444
read      455.3   533.7    86.8   160.2   181.9   359.1   470.6   538.0   598.3   678.9   781.7   952.8  1812.2  5821.8 16747.3  23801.0    23737
read      353.2   495.6    80.4   167.0   189.2   312.6   373.0   408.4   434.9   468.5   512.6   590.5   821.3  5172.6 17506.4  87933.2    87776
read      351.2   395.9    86.8   166.7   188.9   313.8   376.6   413.2   440.5   475.3   522.4   601.4   827.3  4019.4 16490.8  82477.0    82175
read      360.2   578.3    80.4   170.3   192.6   316.4   374.6   409.4   435.5   468.3   511.3   589.1   785.2 15111.7 19246.8  98522.0    98548
read      364.4   299.9    80.4   162.5   183.1   325.3   408.3   455.9   487.7   523.1   569.9   640.8   840.5  3809.9  9879.4  37871.2    37704
read      344.5   236.6    80.4   162.0   182.8   313.1   382.2   421.8   451.9   488.0   533.4   604.1   798.9  1614.7 11256.9  64756.0    64701
read      349.7   294.5    80.4   164.3   185.8   314.8   381.7   421.6   451.3   487.0   534.2   611.8   834.1  2284.5 15600.7  69111.0    69089
read      351.7   483.5    86.8   175.2   196.4   311.8   368.3   402.0   428.4   461.3   504.6   580.8   804.0  4569.6 17183.4  89844.2    89785
read      367.9   345.4    86.8   165.5   186.6   348.7   415.9   445.2   467.0   491.6   522.2   580.7   815.7  4638.5 13130.0  16756.2    16676
read      342.6   273.0    86.8   160.8   181.0   309.5   376.7   416.2   445.7   481.1   526.0   598.9   802.0  2084.6 14990.2  69744.0    69604
read      364.3   621.8    86.8   171.1   193.4   316.6   374.3   408.6   434.8   467.5   509.6   587.5   804.8 15199.6 20071.2  99898.0    99682
read      347.9   533.9    80.4   164.6   186.2   306.9   364.8   398.9   425.3   457.9   501.4   577.9   796.2  8459.3 17985.3  97646.8    97693
read      371.6   357.5    86.8   165.0   186.8   351.3   424.5   457.7   480.1   504.4   539.1   596.3   775.8  4726.2 15109.9  17403.6    17381
read      369.7   283.1    86.8   162.7   184.4   332.3   415.4   462.0   494.5   532.0   580.8   662.4   881.7  2566.2 13928.5  40198.8    40069
read      370.3   407.0   101.3   180.6   207.5   348.5   391.6   414.6   431.5   454.3   484.7   541.7   868.8  5034.5 15984.3   8847.0     8841
read      366.3   292.2    86.8   165.1   187.4   326.6   401.5   445.4   478.5   516.6   571.1   663.2   913.2  2468.0 14736.8  56470.0    56576
read      376.7   372.4    74.4   166.5   188.2   347.9   431.0   470.0   495.5   525.8   567.0   635.4   834.2  3485.3 18447.1  21509.4    21599
read      346.7   306.6    74.4   156.8   177.1   313.8   386.6   427.6   458.5   493.6   537.4   612.4   806.3  2595.2 15154.6  53027.8    53003
read      378.5   393.2    93.8   162.0   182.3   346.6   423.4   460.3   486.3   515.6   560.1   652.9   942.9  4635.8 15113.1  19920.2    19831
read      541.3  1278.9    86.8   173.7   198.4   341.6   417.5   467.9   509.7   576.6   712.8  1275.1  4337.1 17536.0 32461.7  80405.2    80340
read      454.5   574.9    86.8   159.6   180.9   354.2   470.8   543.6   608.1   693.1   799.3   957.6  1650.0  5959.4 18717.1  28593.6    28765
read      465.5   674.7    93.8   165.8   188.7   372.3   486.3   553.6   616.0   694.9   790.4   941.6  1347.0  7843.1 30984.7  25560.6    25572
read      471.8   628.6    86.8   159.5   180.8   342.2   460.3   540.2   616.4   723.2   865.7  1093.9  2521.7  6959.0 29483.8  37131.8    37071
read      532.5  1198.5    86.8   169.5   193.6   341.7   423.8   478.5   527.3   604.3   765.0  1294.6  3859.0 17231.9 32488.6  75757.8    75819
read      477.0   650.2    86.8   160.0   181.5   337.1   446.2   524.7   603.2   726.5   909.2  1185.1  2601.3  6468.9 28225.9  44468.4    44359
read      512.7  1238.9    86.8   182.2   209.1   353.9   423.2   466.4   501.6   547.6   625.4   823.6  4333.0 17515.5 35212.1  96166.2    95960
read      465.6   659.6    93.8   164.6   187.7   334.0   428.9   498.0   561.0   660.3   831.2  1146.7  2272.8  6970.0 20620.9  59694.8    59630
read      468.0   643.6    86.8   163.0   185.0   335.5   440.9   517.7   588.4   698.9   868.6  1136.5  2333.5  6569.3 27880.4  48019.0    47930
read      502.1   918.6    86.8   170.2   194.3   344.6   435.9   501.6   562.6   664.0   846.4  1189.1  2818.2 15903.3 31598.8  65497.8    65545
read      548.2  1355.1    86.8   189.7   218.4   367.7   438.2   483.9   521.2   573.2   654.8   897.2  4785.0 19996.6 34290.6  93926.8    94038
read      472.6   661.9    93.8   162.4   184.5   334.8   437.3   513.2   584.9   697.7   878.6  1191.5  2187.7  6909.5 30387.7  51888.8    51806
read      464.4   538.3    86.8   163.7   186.3   339.3   446.2   526.0   601.3   715.4   883.3  1148.7  1812.9  5421.1 18820.3  48671.4    48712
read      436.6   705.7    86.8   163.9   187.5   368.8   454.1   502.1   537.8   583.5   639.7   733.5  1572.6  8652.0 31750.3  13212.4    13115
read      505.5  1043.8    86.8   171.0   194.7   335.3   415.9   471.5   524.8   611.4   800.7  1252.1  2904.4 16559.1 32102.0  76743.6    76569
read      446.5   761.2    93.8   158.2   179.4   366.3   466.5   527.2   579.5   641.2   715.4   828.6  1376.6  7560.1 31985.9  19384.2    19372
read      475.6   741.9    86.8   163.6   186.2   332.2   427.7   498.0   565.6   675.8   868.7  1190.6  2566.6  9103.2 31091.4  59304.8    59331
read      480.4   789.8    86.8   165.6   189.0   335.0   430.6   500.8   567.3   675.0   854.7  1161.9  2630.3 12522.5 30969.0  62478.0    62597
read      469.3   736.0    86.8   159.7   180.8   339.9   455.0   536.8   614.7   727.0   874.3  1081.1  1760.0  6788.6 30934.9  37665.8    37702
read      490.8   747.2    86.8   161.6   183.6   340.4   452.4   534.4   614.8   734.8   898.9  1166.2  2694.2  8674.6 30872.8  42048.0    41975
read      474.1   828.2    86.8   158.1   179.7   358.8   472.5   546.6   615.7   700.7   807.2   970.2  1888.9 10804.1 32066.7  26153.2    26100
read      413.3   792.4    86.8   162.7   184.2   318.6   389.1   431.6   464.8   507.3   574.8   732.8  1971.4 15431.3 30484.2  82338.8    82500
read      474.5   614.0    86.8   163.1   185.3   338.7   445.3   524.8   599.3   715.9   890.6  1179.2  2314.5  6235.3 23761.7  50653.2    50756
read      530.8  1036.8    86.8   173.9   198.3   354.2   449.9   520.1   588.0   700.7   907.0  1293.4  2888.7 16447.1 31966.0  66656.4    66696
read      479.7   689.2    86.8   162.7   184.8   336.9   439.7   514.4   590.6   714.3   899.5  1200.6  2595.0  6925.6 29206.5  53403.6    53364
read      435.6   916.6    93.8   167.0   192.3   356.0   429.2   471.5   502.8   542.0   598.8   703.9  1682.3 10012.9 38314.2  10505.8    10413
read      487.0   877.2    93.8   167.7   191.2   336.1   426.4   491.4   549.3   643.9   825.9  1183.7  2720.5 15449.9 32076.2  65018.8    64876
read      495.3   933.9    86.8   169.5   193.2   337.3   426.4   489.5   545.3   637.7   813.4  1179.5  2758.5 15767.8 31791.7  69189.6    69079
read      430.1   613.6    86.8   158.2   179.2   362.6   460.9   520.9   571.0   632.3   706.4   806.3  1177.2  6502.6 29779.6  19503.8    19447
read      528.7  1250.3    86.8   174.8   199.5   340.9   416.6   467.9   513.9   583.3   722.7  1167.6  4148.9 17471.3 36084.1  81274.4    81182
read      465.5   610.9    93.8   163.7   186.0   375.5   487.2   561.7   625.8   702.1   796.6   942.8  1424.4  8794.6 30196.9  25184.0    25265
read      436.6   702.8    93.8   176.8   203.1   369.7   435.3   469.8   498.8   535.2   587.3   679.9  2310.7  7867.6 31138.6   9751.2     9699
read      385.4   208.3    86.8   171.2   195.3   355.1   434.9   477.6   509.1   546.6   597.1   684.9   924.0  1914.7  5292.1  48848.4    48659
read      364.9   278.5    86.8   165.7   189.0   328.8   401.0   443.1   473.0   510.7   562.9   650.3   881.1  2544.3  9814.0  75090.0    75126
read      360.8   238.0    86.8   168.6   192.0   326.5   391.3   430.4   460.0   496.5   546.2   636.1   908.2  2762.8  6438.0  96604.4    96559
read      374.9   257.3    86.8   168.8   192.2   341.4   418.6   461.4   492.6   529.9   579.4   662.2   890.0  2832.7  8345.6  56097.6    55885
read      348.6   311.5    93.8   177.5   203.5   340.2   379.9   400.1   416.8   435.9   462.9   506.2   663.3  3694.1 14483.6   9126.2     9039
read      370.1   258.9    80.4   166.5   190.2   335.8   410.0   453.0   484.3   523.2   574.1   661.3   895.2  2281.8  8881.1  66192.4    66378
read      433.2   335.1    86.8   162.1   184.6   345.6   448.7   508.7   559.9   634.8   777.0  1078.9  1526.5  2729.8  9397.5  41092.6    41225
read      497.4   609.4    86.8   163.7   188.0   350.5   465.7   554.8   641.7   781.7  1000.4  1356.8  1935.9  6269.2 25064.6  52366.2    52371
read      472.0   395.4    86.8   161.8   184.4   352.9   474.5   561.3   648.6   780.3   968.7  1205.1  1598.1  3100.0  9526.5  39739.4    39873
read      483.8   492.5    86.8   163.0   186.7   357.6   478.7   568.9   654.4   773.4   958.2  1220.6  1726.9  4841.3 14265.2  41167.0    41176
read      501.9   733.4    86.8   174.2   200.9   360.6   445.1   502.9   557.2   645.6   856.1  1446.5  2420.2  8431.1 31366.9  85312.2    85357
read      405.3   516.0    86.8   164.7   187.8   327.1   399.3   444.4   479.1   527.8   604.7   831.2  1751.0  4717.8 27939.2  85507.6    85391
read      393.9   621.0    86.8   164.4   187.5   325.2   394.1   435.1   466.6   506.7   567.5   688.1  1630.9  8524.7 31191.0  91844.6    91890
read      433.1   551.4    86.8   157.8   180.2   329.2   418.3   476.0   525.8   594.4   733.2  1069.5  1771.8  6595.4 19274.8  57693.0    57558
read      422.3   811.3    93.8   160.9   185.1   352.8   431.7   471.4   504.2   543.6   594.5   683.2  1325.1  8933.3 36741.4   9952.6     9972
read      438.3   591.8    80.4   166.6   190.4   339.3   420.5   471.6   515.5   576.8   683.8   999.2  1947.7  6115.4 30471.7  74525.2    74636
read      405.9   522.4    93.8   155.9   176.5   333.4   428.2   475.2   512.0   559.8   636.6   813.6  1260.7  7396.9 15729.0  29796.2    29773
read      470.4   436.1    80.4   168.1   192.4   347.2   457.5   542.0   623.9   745.3   922.0  1216.8  1759.9  3420.5 15258.7  63429.0    63494
read      437.1  1190.2    93.8   168.4   192.5   331.0   392.3   424.5   447.4   471.8   516.1   600.2  3276.9 26413.0 36485.6   7227.4     7201
read      464.3   436.4    86.8   159.6   182.6   340.7   452.7   532.8   612.3   736.0   936.3  1227.1  1711.8  3776.5 12589.4  49458.6    49507
read      469.4   425.8    86.8   166.1   190.1   339.3   446.0   532.2   617.9   745.6   947.3  1267.2  1815.2  2938.9 12587.1  65435.4    65454
read      457.9   720.5    86.8   174.3   199.3   346.5   421.1   467.5   507.0   562.5   655.9  1000.4  2276.5  8617.9 30998.1  88411.6    88537
read      431.8   509.8    86.8   162.0   184.7   344.6   445.1   501.2   543.8   601.5   713.0   991.8  1559.7  5217.5 18718.2  37107.2    36982
read      445.7   763.4    80.4   168.5   192.6   339.4   413.1   458.9   495.8   545.9   632.0   921.2  2129.5  8584.9 31766.2  88857.6    88964
read      394.9   487.9    86.8   165.3   188.7   324.5   391.2   432.2   464.0   505.3   570.1   721.4  1725.0  5534.3 16144.0  96283.4    96479
read      420.1   383.1    86.8   163.4   185.8   336.0   426.7   482.1   526.8   587.1   694.8   995.1  1589.5  3984.1  9927.5  47999.2    47883
read      463.8   503.8    86.8   162.0   185.0   340.6   450.7   530.1   606.2   722.6   906.1  1204.7  1681.5  4827.7 17371.9  50614.4    50650
read      465.3   665.6    86.8   168.2   193.3   345.2   423.6   473.1   517.8   585.5   728.0  1346.2  2101.9  7839.0 31304.4  89493.8    89242
read      398.8  1138.7    93.8   172.2   195.8   313.0   358.3   385.2   404.4   433.9   469.6   550.2  1529.8 11954.3 38830.3   7410.8     7374
read      434.9  1044.8    93.8   167.2   191.4   341.2   410.0   448.0   471.8   506.3   556.1   639.9  2422.0 13774.3 35810.7   8538.4     8507
read      485.6   689.8    86.8   157.5   179.8   331.8   437.5   513.4   590.4   732.6   995.3  1377.2  1936.5  9022.5 30836.7  50626.4    50676
read      478.9   469.1    86.8   165.8   190.2   347.1   457.7   542.4   625.5   753.3   966.9  1289.5  1839.7  3655.6 13179.5  56895.6    57069
read      412.9   416.9    93.8   163.2   186.0   332.6   424.1   477.3   518.1   570.6   661.1   952.8  1512.2  5073.0 10286.6  43590.4    43520
read      360.6   273.5    86.8   165.0   188.5   322.3   394.5   436.6   467.5   503.2   548.4   626.2   945.5  3401.8  6973.0  56578.4    56720
read      361.7   280.0    86.8   163.2   186.2   327.3   397.7   438.9   469.3   504.9   552.4   635.9   882.3  3646.5  9777.8  68257.0    68155
read      354.9   203.5    86.8   161.9   184.1   326.8   399.7   439.4   469.4   503.4   546.9   622.7   817.8  1610.7  6971.0  60271.0    60444
read      364.7   281.5    80.4   163.6   186.0   330.8   405.5   448.9   480.7   517.6   567.5   647.8   861.9  2204.3  9563.1  64168.6    63997
read      389.1   326.2    86.8   167.4   190.2   370.4   438.4   471.8   493.1   517.6   554.9   627.0   982.0  4575.0 10396.7  17299.0    17315
read      355.3   228.8    86.8   163.5   186.2   324.3   394.3   434.7   465.3   501.6   549.6   633.2   833.2  1570.2  9039.1  78584.6    78596
read      354.0   202.0    80.4   164.8   187.9   324.1   391.6   430.4   460.0   495.4   542.4   625.8   852.6  1887.8  7460.6  81625.6    81548
read      354.0   280.8    86.8   172.2   195.8   325.8   386.7   422.4   450.0   483.7   529.1   606.0   807.5  1661.4 11916.1  97456.4    97254
read      373.7   251.1    80.4   166.5   190.5   343.4   421.0   466.4   498.7   533.4   577.4   647.0   852.9  1944.2 12104.0  46182.4    46135
read      367.2   468.5    93.8   169.0   191.7   357.8   407.8   432.5   451.1   471.0   502.5   550.3   732.2  4545.3 31502.7  13392.0    13379
read      378.5   217.2    86.8   166.6   191.1   350.6   426.4   468.8   502.0   538.7   586.2   668.1   893.9  1856.6  7727.4  46829.4    46993
read      346.5   216.2    86.8   167.9   190.5   318.8   379.8   415.9   443.2   476.9   524.2   601.3   801.0  1720.0  8462.5  98055.4    98274
read      349.3   247.3    80.4   169.8   193.0   321.5   381.8   417.1   443.6   476.2   522.3   594.8   796.3  1954.8 10603.3  97166.4    97056
read      392.7   405.1    86.8   171.6   194.9   344.0   431.0   479.8   516.4   553.8   606.0   688.4  1065.1  3952.8 12840.8  43606.0    43434
read      391.4   293.5    93.8   173.6   195.8   343.8   433.4   485.2   520.5   555.2   603.5   691.2  1089.0  3862.2  8760.3  36460.6    36406
read      395.6   471.5    86.8   177.6   203.1   347.2   415.7   456.9   489.0   529.6   585.9   686.0  1044.1  5554.8 17188.4  99178.4    99121
read      377.2   322.8    86.8   166.5   189.3   331.1   403.5   446.7   479.4   521.3   577.7   680.3  1051.2  4295.5 10118.2  80613.8    80708
read      383.1   421.0    86.8   162.2   183.5   335.6   415.2   461.0   495.2   536.2   587.7   679.8  1074.9  3948.4 14848.2  40491.2    40517
read      377.9   296.7    93.8   165.0   186.6   332.8   410.3   456.7   490.2   529.2   578.7   666.8  1110.0  3982.5  9368.7  34130.6    34168
read      381.3   662.8    93.8   173.8   196.4   338.7   388.5   414.8   433.4   458.1   491.0   552.3  1084.6 10488.8 31189.2  11757.8    11754
read      391.5   330.9    86.8   188.9   213.9   347.3   412.7   453.7   485.3   525.0   580.5   683.0  1101.8  3843.9 11877.1  93110.2    93304
read      383.1   332.7    86.8   166.9   189.4   334.2   410.2   454.9   487.8   529.5   585.3   684.4  1190.7  4887.5 10787.5  64722.0    64697
read      392.4   351.4    93.8   180.9   206.5   347.8   416.4   458.1   490.5   531.3   587.3   690.8  1123.6  3686.0 14014.0  92628.4    92626
read      395.4   362.4    80.4   178.9   203.7   348.0   421.7   466.1   500.2   543.3   599.0   701.7  1089.8  4561.9 12959.2  75748.2    75618
read      382.8   292.9    86.8   182.5   207.6   342.8   407.7   447.7   478.3   516.4   569.8   661.9  1064.9  3434.8  7757.0  85606.2    85805
read      388.6   460.7    86.8   167.5   190.5   361.9   429.4   461.1   483.8   509.7   550.0   628.4  1047.7  5651.9 23113.7  18895.2    18930
read      400.8   410.8    93.8   176.2   200.7   350.5   432.0   477.8   514.3   556.9   610.4   708.3  1162.8  4497.0 15657.5  50100.8    50153
read      406.8   617.3    93.8   180.5   206.7   379.3   425.2   449.6   467.7   492.6   527.8   596.7   987.0  7682.9 31502.6  10481.2    10377
read      410.1   342.4    93.8   175.1   200.4   367.1   449.6   496.1   530.4   569.6   619.8   712.6  1200.8  4509.7 11198.3  33153.0    33112
read      400.6   503.4    93.8   171.3   194.7   352.3   439.5   485.7   518.3   554.3   599.9   681.8  1053.0  6928.9 30370.5  28818.2    28777
read      415.2   468.3    93.8   173.8   198.0   357.8   441.4   490.3   527.4   572.0   630.7   740.0  1430.4  5481.3 17645.5  45790.4    45709
read      486.0   602.5    80.4   179.3   205.4   356.6   435.8   491.2   540.0   615.6   777.5  1317.0  2676.6  6746.8 18632.3  74456.4    74458
read      420.5   422.5    86.8   169.5   193.1   339.8   416.1   463.3   501.8   553.1   637.8   884.3  1955.2  4964.8 10577.0  73680.6    73596
read      457.7   509.1    86.8   165.5   188.4   367.1   483.6   565.4   637.8   727.6   833.6   979.5  1291.2  5352.0 16269.9  28001.0    28031
read      482.1   402.5    93.8   165.1   188.3   349.6   465.9   557.3   648.7   795.9  1002.4  1294.9  1796.2  3125.4  8475.5  45735.0    45754
read      530.4   778.9    86.8   178.9   206.0   362.3   448.3   509.2   570.6   679.6   969.2  1564.6  2946.9  7632.0 31625.2  80091.8    80138
read      440.9   381.7    86.8   167.3   190.7   337.8   426.8   489.7   544.8   631.2   800.2  1135.9  1779.0  3436.1  9807.3  64216.0    64350
read      524.9   612.7    86.8   170.2   194.4   359.4   476.2   575.3   672.1   831.2  1088.1  1455.8  2103.1  6557.3 24501.5  52132.6    51870
read      576.5   946.0    86.8   184.2   215.6   397.6   488.1   549.9   609.2   700.0   920.9  1627.0  3641.4  9717.3 31879.0  81133.6    81106
read      421.7   485.6    86.8   167.7   191.4   340.9   417.1   463.7   501.4   551.5   632.5   843.6  1921.7  5609.6 12914.2  82192.6    82064
read      428.8   383.1    93.8   164.2   187.5   356.0   453.2   505.3   548.7   612.1   722.1   940.5  1390.7  4286.4 12761.1  30529.2    30534
read      376.6   234.0    86.8   169.1   192.4   360.4   438.8   474.4   497.9   525.3   560.7   624.4   795.6  2143.8  9020.2  25384.6    25449
read      362.0   237.4    86.8   164.5   187.8   333.2   406.2   446.3   474.3   508.6   555.8   633.1   840.6  1930.1  8281.4  67632.0    67525
read      381.9   222.3    86.8   170.1   194.2   364.6   443.9   480.4   504.0   534.6   574.4   639.1   814.5  2149.4  7458.9  27109.0    27070
read      381.9   291.0    80.4   170.8   195.3   353.6   432.2   473.8   503.6   537.3   581.4   655.7   868.1  2356.6 12345.6  41152.6    41133

Total QPS = 51699.3 (77549024 / 1500.0s)

Total connections = 64
Misses = 0 (0.0%)
Skipped TXs = 0 (0.0%)

RX 19154608434 bytes :   12.2 MB/s
TX          0 bytes :    0.0 MB/s
Warning! Detected max cpu usage > 95%
CPU Usage Stats (avg/min/max): 99.96%,47.72%,100.00%