Wed May 25 19:00:42 UTC 2022
Random waveform, supplied seed
Total number of intervals = 300 (5031, 54838, 74868, 30015, 40743, 23648, 97712, 53672, 55395, 29425, 15173, 82475, 90555, 47944, 28313, 28504, 22886, 35717, 14828, 81704, 55771, 85226, 75020, 12441, 56208, 17446, 86943, 49138, 49839, 47752, 27181, 6170, 7187, 99387, 91970, 79658, 59230, 78081, 64242, 37702, 40686, 30376, 38416, 65892, 39560, 10016, 55224, 19982, 48114, 36283, 23315, 11150, 98724, 56880, 13467, 99368, 46206, 71651, 22741, 56654, 99570, 23047, 70008, 42943, 46704, 75970, 21917, 82027, 81583, 14259, 7821, 17727, 65559, 41133, 28693, 53141, 54512, 14835, 98446, 38117, 77994, 30209, 68315, 91940, 49308, 46880, 92540, 49396, 97841, 35404, 80451, 87228, 75554, 57964, 83546, 55468, 34203, 37629, 34577, 47426, 58845, 66993, 10977, 51529, 48344, 5902, 71602, 41886, 47456, 93939, 16890, 45689, 32790, 44044, 28149, 39739, 72475, 93882, 6692, 50406, 83055, 55609, 16968, 43031, 17236, 82183, 42212, 12244, 61777, 36984, 29093, 41715, 34838, 63574, 24401, 32025, 98971, 23657, 67877, 53849, 79536, 17081, 39024, 26125, 33388, 20979, 95865, 73949, 60987, 54175, 51484, 39771, 32864, 42033, 43808, 45785, 35582, 38504, 15320, 74264, 43890, 5962, 38365, 55971, 23217, 87681, 91728, 96668, 80475, 27150, 53444, 23737, 87776, 82175, 98548, 37704, 64701, 69089, 89785, 16676, 69604, 99682, 97693, 17381, 40069, 8841, 56576, 21599, 53003, 19831, 80340, 28765, 25572, 37071, 75819, 44359, 95960, 59630, 47930, 65545, 94038, 51806, 48712, 13115, 76569, 19372, 59331, 62597, 37702, 41975, 26100, 82500, 50756, 66696, 53364, 10413, 64876, 69079, 19447, 81182, 25265, 9699, 48659, 75126, 96559, 55885, 9039, 66378, 41225, 52371, 39873, 41176, 85357, 85391, 91890, 57558, 9972, 74636, 29773, 63494, 7201, 49507, 65454, 88537, 36982, 88964, 96479, 47883, 50650, 89242, 7374, 8507, 50676, 57069, 43520, 56720, 68155, 60444, 63997, 17315, 78596, 81548, 97254, 46135, 13379, 46993, 98274, 97056, 43434, 36406, 99121, 80708, 40517, 34168, 11754, 93304, 64697, 92626, 75618, 85805, 18930, 50153, 10377, 33112, 28777, 45709, 74458, 73596, 28031, 45754, 80138, 64350, 51870, 81106, 82064, 30534, 25449, 67525, 27070, 41133)
Average QPS expected = 51692
Timestamp start: 1653505244110
Timestamp end: 1653506744557

#type       avg     std     min      p5     p10     p50     p67     p75     p80     p85     p90     p95     p99    p999   p9999      QPS   target
read      387.0   577.2   101.3   190.7   217.9   339.8   385.1   410.5   429.5   453.9   488.9   563.5  1520.1  6073.4 27362.6   5010.2     5031
read      513.9   539.0    86.8   180.6   207.8   381.6   498.7   588.4   670.5   790.2   982.5  1339.2  1890.6  4440.7 18046.1  54528.6    54838
read      414.5   488.7    93.8   168.7   191.9   338.7   415.9   463.1   500.9   549.8   629.8   826.8  1794.3  4151.7 16064.3  74733.4    74868
read      531.7   721.4    86.8   177.1   204.3   416.5   542.3   633.5   713.7   808.7   932.4  1148.9  1682.7  8984.9 31498.0  30114.2    30015
read      508.5   481.5    86.8   174.8   200.6   382.3   504.2   593.4   685.2   814.0   993.0  1264.0  1750.4  5292.7 13265.1  40647.8    40743
read      507.2   610.0    93.8   176.1   202.8   415.2   527.6   610.1   676.6   750.7   848.6  1009.8  1662.2  7993.9 28284.7  23641.0    23648
read      412.6   492.8    86.8   173.9   197.7   341.1   414.0   458.3   492.9   537.9   606.5   746.6  1807.3  6778.7 14134.8  97670.0    97712
read      480.0   478.3    86.8   173.5   198.4   361.1   461.2   532.5   600.1   710.2   894.1  1240.8  1927.8  4298.4 15396.3  53602.0    53672
read      515.6   587.1    86.8   176.8   202.8   368.3   481.3   571.4   660.0   799.4  1012.8  1368.1  2010.4  7185.9 19384.2  55321.4    55395
read      502.2   511.3    86.8   175.7   202.3   414.0   535.6   625.7   700.8   787.7   896.3  1064.0  1478.1  4918.0 30166.8  29355.4    29425
read      504.0   927.3    93.8   176.3   202.3   404.6   501.0   568.0   620.0   675.0   741.0   854.7  2093.2 11766.1 32109.1  15237.8    15173
read      431.1   651.2    93.8   176.9   200.6   339.6   411.5   455.6   490.6   536.3   606.9   775.6  2201.8  8500.8 30243.6  82477.2    82475
read      412.9   496.4    80.4   177.6   202.1   339.8   409.4   453.4   487.2   531.9   600.1   756.3  1734.6  5674.6 14918.2  90159.2    90555
read      501.5   520.4    93.8   178.6   203.9   368.6   476.9   555.8   633.1   753.3   956.1  1323.7  1999.3  5944.3 15725.9  47742.0    47944
read      526.6   769.6    93.8   176.3   203.2   413.3   536.7   626.6   700.4   792.5   907.5  1092.2  1661.3 10762.4 32004.7  28351.6    28313
read      525.2   688.2    86.8   172.6   198.3   402.5   524.2   623.6   709.6   810.1   940.8  1153.8  1773.7 10693.4 29145.6  28430.2    28504
read      517.9   818.5    93.8   175.3   201.8   411.7   521.9   608.4   676.0   751.1   846.6   997.2  1959.8  8828.5 31788.9  22924.0    22886
read      520.4   613.9    93.8   168.3   193.0   382.2   509.7   616.5   721.5   855.2  1023.7  1273.1  1779.6  6144.1 30136.8  35692.4    35717
read      491.4   877.8    86.8   168.2   193.3   398.2   495.2   567.1   621.2   680.1   747.8   861.8  1691.3 15378.6 31766.1  14811.2    14828
read      416.7   431.6    86.8   171.4   194.5   334.8   407.3   454.3   491.9   543.7   633.8   919.5  1767.3  4433.8 12400.9  81534.2    81704
read      511.1   496.6    86.8   175.8   202.1   374.3   488.8   579.1   666.3   796.6   999.5  1348.0  1995.1  4500.0 12799.7  55824.8    55771
read      482.0   755.7    86.8   176.2   202.6   362.3   443.5   496.0   538.7   600.0   710.8  1053.2  2408.4  8706.2 31189.2  85415.0    85226
read      402.1   438.7    86.8   167.9   190.9   330.0   403.7   450.2   486.2   533.2   602.6   755.5  1749.7  5073.5 11851.9  75017.4    75020
read      461.2   748.5    93.8   176.3   203.0   385.9   465.6   514.4   556.5   610.6   683.5   792.8  1601.2  8885.8 31453.3  12447.0    12441
read      513.9   606.3    86.8   182.9   209.9   377.7   488.7   577.4   662.3   784.4   970.4  1300.2  1964.4  6175.8 29414.4  56165.6    56208
read      506.7   822.2   101.3   180.9   208.0   415.2   518.1   593.5   649.0   714.4   791.7   915.2  1635.2  9695.7 32300.1  17535.0    17446
read      423.5   549.9    86.8   176.7   200.6   341.1   413.1   457.4   492.8   539.8   614.4   795.5  1850.2  8130.0 25609.1  86657.8    86943
read      511.4   540.4    93.8   175.5   201.2   371.7   490.4   582.1   673.9   807.7  1008.7  1348.9  1935.2  4864.1 17914.3  49076.2    49138
read      515.7   558.3    86.8   176.5   202.0   374.2   493.7   586.0   676.0   809.8  1010.7  1370.1  1954.8  5161.0 19381.2  49873.2    49839
read      505.8   462.5    80.4   173.6   199.1   375.9   496.8   588.8   678.4   810.3   999.9  1305.9  1838.3  4150.2 12572.7  47738.8    47752
read      506.8   567.4    93.8   175.1   201.2   409.1   532.9   624.0   702.9   796.3   914.6  1090.3  1486.2  6313.3 30383.4  27103.6    27181
read      450.2   985.1   109.4   185.1   213.3   358.1   415.8   449.1   471.6   503.0   547.1   639.4  2912.7 11401.3 32107.1   6155.6     6170
read      469.6  1305.6   101.3   178.8   205.0   355.5   413.6   444.8   469.7   501.0   546.3   638.1  2910.2 30515.7 32486.0   7269.4     7187
read      398.2   429.3    86.8   174.7   198.6   338.0   407.7   451.0   484.3   528.9   593.3   726.5  1571.4  4754.1 13013.5  99244.0    99387
read      420.3   501.9    86.8   175.0   199.3   344.8   417.8   462.2   497.9   545.3   621.1   799.2  1738.2  6001.8 13746.7  91958.2    91970
read      409.8   545.1    86.8   170.2   192.9   333.6   406.5   450.6   485.1   530.5   597.9   741.3  1854.7  6678.2 28217.8  79607.6    79658
read      455.2   497.3    86.8   171.9   196.0   346.9   438.8   500.2   551.8   632.7   784.8  1133.4  1852.0  5834.2 15815.4  59283.2    59230
read      406.1   443.9    93.8   171.7   194.7   332.8   405.9   451.9   487.8   535.3   609.3   784.0  1797.3  5145.9 12739.0  78065.8    78081
read      511.1   423.7    86.8   183.2   210.2   376.3   490.5   582.3   675.2   812.9  1013.0  1348.9  1982.0  3407.5  8290.3  64287.2    64242
read      527.2   657.7    86.8   173.7   199.4   391.0   520.0   614.9   704.1   825.0   987.1  1252.1  1909.6  8496.9 26208.7  37734.4    37702
read      507.7   477.2    86.8   175.6   201.0   384.4   508.4   602.3   690.0   819.4   997.4  1275.0  1740.7  4305.8 16154.5  40767.8    40686
read      532.8   715.0    93.8   178.3   204.4   411.1   539.3   635.9   724.4   837.1   973.9  1180.0  1671.1  7336.7 31488.5  30374.6    30376
read      520.2   494.9    86.8   177.5   203.7   391.1   520.7   619.7   712.7   849.4  1015.5  1292.8  1766.9  4260.3 16139.4  38387.6    38416
read      534.0   570.5    93.8   192.8   220.5   388.0   501.5   595.1   684.4   813.8  1008.4  1349.0  2167.5  6538.1 16927.5  65940.6    65892
read      521.7   622.8    93.8   174.8   200.8   389.9   518.1   615.2   704.9   834.1  1010.2  1277.4  1743.8  7953.8 30391.2  39414.8    39560
read      518.1  1347.3    93.8   179.0   205.7   391.4   470.3   518.6   556.3   604.6   668.9   776.1  2819.2 30188.7 37196.4  10004.4    10016
read      506.0   523.4    86.8   174.1   200.2   369.2   483.5   571.9   660.8   796.3   995.2  1337.5  1962.2  5036.7 17042.5  55253.4    55224
read      511.1   764.9    93.8   171.3   197.8   407.8   515.3   597.2   667.7   748.2   845.2   989.4  2064.8  9312.7 31837.2  19977.0    19982
read      517.2   615.3    86.8   175.6   200.8   371.5   487.3   574.0   664.0   805.2  1017.7  1361.4  1978.9  7036.3 27179.3  48047.8    48114
read      515.9   565.2    93.8   179.5   205.7   401.7   524.5   612.7   692.2   800.4   948.6  1185.9  1743.2  6298.1 26310.4  36095.8    36283
read      517.8   766.3    93.8   179.0   205.3   418.4   531.2   617.3   687.8   769.3   869.8  1011.9  1483.1  9608.8 32006.9  23435.8    23315
read      545.4  1376.2   101.3   177.6   204.7   402.1   483.6   532.5   570.7   618.0   684.2   805.5  3990.0 30514.0 36107.3  11112.0    11150
read      438.9   596.1    86.8   182.2   207.1   349.1   423.3   469.4   506.6   559.0   645.7   876.7  1857.7  7199.8 28962.1  98471.4    98724
read      416.3   451.9    86.8   169.0   192.0   343.8   426.8   474.7   511.4   559.6   629.6   782.3  1774.9  5130.5 13850.0  56766.8    56880
read      517.7  1184.0   101.3   171.8   196.5   397.2   490.8   550.3   597.9   653.7   724.5   853.7  2450.4 16074.3 32818.4  13547.8    13467
read      419.0   468.2    86.8   179.7   205.1   346.8   417.9   461.5   496.5   542.6   613.3   771.4  1742.4  5768.4 14760.4  99275.8    99368
read      495.4   522.1    93.8   174.5   199.4   370.9   481.1   558.3   634.4   750.4   942.3  1260.6  1871.8  5774.0 16246.7  46233.8    46206
read      444.0   576.3    86.8   171.2   195.2   349.2   435.2   490.8   536.9   601.5   711.2   979.2  1909.5  6361.6 23561.7  71556.8    71651
read      518.6   997.7    86.8   172.9   197.8   400.1   500.7   572.9   636.8   723.8   837.8   993.8  2503.9 15903.8 32371.2  22955.4    22741
read      517.1   528.7    93.8   175.6   201.2   369.0   483.5   574.3   664.0   805.2  1019.0  1436.0  2083.1  5551.9 13384.5  56556.8    56654
read      415.0   523.7    86.8   173.2   197.6   341.2   412.8   457.3   492.1   537.5   607.0   757.2  1763.9  6506.8 17680.1  99537.8    99570
read      508.0   815.7    93.8   171.7   196.9   402.7   510.2   589.8   658.5   739.1   843.1   998.0  1901.9 11365.1 31857.4  23036.6    23047
read      452.2   503.7    86.8   169.6   193.6   348.4   432.9   487.8   533.7   601.4   726.5  1157.6  1968.5  5152.5 12889.4  69987.0    70008
read      491.0   474.6    86.8   167.9   192.7   367.4   480.2   563.6   641.5   770.7   959.1  1260.1  1815.4  4564.9 13566.6  42961.6    42943
read      509.4   585.4    86.8   165.4   189.7   364.8   484.6   580.2   675.2   822.9  1031.3  1355.8  1885.8  5798.1 29849.6  46713.8    46704
read      416.7   426.9    86.8   166.1   189.4   337.3   417.3   467.9   509.0   565.7   655.2   887.0  1783.4  4541.4 13570.1  75667.4    75970
read      504.4   758.3   101.3   169.3   194.3   403.0   511.7   594.6   668.4   753.9   860.4  1006.1  1724.0 12136.2 31921.9  22000.4    21917
read      435.3   535.6    86.8   171.4   195.4   346.0   424.0   470.5   508.7   561.6   643.4   882.1  1930.2  6991.5 18048.8  81964.0    82027
read      407.4   446.0    86.8   169.5   192.6   333.9   407.6   453.9   489.9   537.3   612.4   795.9  1754.7  5027.9 12370.7  81395.8    81583
read      486.8   844.9   101.3   175.2   200.5   399.2   493.2   550.7   597.9   646.7   714.6   830.6  2213.9 10146.6 32176.4  14352.6    14259
read      475.4  1250.3   101.3   176.5   202.9   371.2   436.7   471.6   500.1   533.9   580.6   662.5  2882.4 29747.0 32280.2   7899.0     7821
read      519.8  1008.2    93.8   172.2   198.9   409.6   514.6   590.4   643.9   706.7   786.7   920.7  2497.2 11894.3 32473.3  17775.6    17727
read      419.7   449.2    86.8   165.6   188.6   337.0   420.3   470.5   510.5   568.4   658.2   912.2  1816.4  4398.9 12325.0  65760.2    65559
read      497.7   583.3    93.8   169.6   194.8   379.0   499.6   584.0   661.9   772.5   927.7  1188.7  1724.1  7181.7 28539.6  41299.6    41133
read      518.2   614.9    93.8   172.9   197.8   407.0   533.6   632.6   722.6   831.1   960.9  1156.8  1604.3  6618.4 29730.7  28756.8    28693
read      504.3   544.0    86.8   168.6   193.2   357.9   466.8   551.1   635.0   776.6  1021.6  1419.7  2028.1  5331.5 16743.7  53089.8    53141
read      499.8   481.0    86.8   170.8   195.9   363.1   477.1   566.0   653.0   790.7   999.9  1339.1  1945.6  4010.9 10159.8  54490.6    54512
read      495.9  1001.3    93.8   170.5   195.8   401.5   494.9   557.3   604.6   655.4   720.4   829.9  2350.9 15697.1 36259.4  14741.2    14835
read      392.8   492.1    86.8   168.7   191.8   331.2   400.7   442.8   475.1   517.0   578.6   700.0  1493.0  5822.2 20224.5  98714.8    98446
read      491.8   580.7    86.8   165.1   188.9   364.7   479.9   560.7   637.1   760.0   948.6  1248.3  1780.5  5942.4 30437.7  38107.2    38117
read      412.0   482.1    86.8   166.1   189.3   334.0   409.8   456.2   492.2   538.9   611.4   793.9  1809.6  6305.7 14737.4  77851.8    77994
read      505.2   540.7    93.8   169.9   196.3   399.3   525.9   622.7   705.4   806.5   931.7  1105.2  1589.4  6507.1 16256.4  30091.8    30209
read      389.2   401.0    86.8   163.4   185.6   326.6   402.7   449.6   485.4   531.0   597.2   736.1  1540.2  4041.6 12629.0  68196.4    68315
read      395.0   443.5    86.8   169.2   192.7   333.7   406.4   450.8   484.5   528.2   590.2   711.5  1573.0  5820.5 13029.2  91780.6    91940
read      478.7   469.4    86.8   167.1   191.3   352.9   457.8   532.3   607.0   724.2   943.3  1306.6  1877.4  4625.1 15129.0  49469.2    49308
read      508.6   556.0    93.8   170.2   195.8   371.1   495.3   593.4   688.3   822.8  1002.0  1289.0  1825.8  6143.6 20638.0  46959.2    46880
read      404.2   502.5    86.8   168.2   191.7   334.4   405.6   449.7   483.2   527.8   593.9   736.2  1709.7  6276.0 17520.3  92533.0    92540
read      512.2   608.4    86.8   169.1   194.3   366.6   477.5   562.2   647.2   791.0  1011.7  1383.4  2028.8  7075.9 25990.8  49500.4    49396
read      411.4   548.6    86.8   168.5   192.3   333.9   403.9   447.4   481.0   525.9   593.8   749.6  1856.3  8179.3 18499.7  98079.0    97841
read      523.5   607.8    86.8   166.9   191.7   387.7   515.4   616.5   711.9   850.5  1012.6  1244.4  1870.3  7318.7 24203.7  35378.0    35404
read      415.0   536.3    86.8   169.0   192.2   336.1   409.8   454.9   490.3   537.2   609.1   776.7  2003.6  6046.0 23478.4  80416.0    80451
read      399.0   513.5    86.8   166.4   189.7   329.3   400.2   441.8   473.8   516.6   581.3   719.1  1686.0  6275.9 16526.4  87244.4    87228
read      406.9   469.2    86.8   166.9   190.0   335.1   411.1   457.6   493.9   542.0   617.6   792.7  1728.9  4824.3 19597.0  75552.0    75554
read      504.0   500.8    86.8   172.0   197.8   361.2   469.9   556.4   641.9   783.6  1004.1  1403.7  2046.0  4340.4 12617.7  57943.2    57964
read      412.2   460.6    86.8   167.2   190.4   331.8   405.8   452.6   489.5   539.9   622.3   833.0  1833.2  5353.1 14167.5  83259.6    83546
read      509.3   528.2    86.8   172.4   198.3   365.2   477.4   568.5   657.3   800.8  1018.3  1390.1  1998.5  4835.9 15112.6  55526.0    55468
read      520.9   687.3    86.8   168.7   193.8   386.1   514.4   613.9   711.7   840.8   997.7  1227.2  1763.9  7699.2 31353.4  34243.8    34203
read      503.7   528.4    86.8   169.4   194.7   385.4   508.7   603.9   691.8   809.8   966.6  1205.9  1690.3  5014.8 17653.7  37767.0    37629
read      508.9   568.7    86.8   165.6   190.6   382.0   508.8   611.2   711.2   839.2   990.9  1203.4  1681.2  7164.6 24992.5  34592.4    34577
read      499.7   488.7    86.8   167.5   192.4   366.0   483.3   571.4   661.8   801.0  1008.5  1306.4  1857.1  4768.1 14021.5  47610.4    47426
read      491.0   487.9    86.8   171.1   196.2   359.5   470.2   558.3   643.5   774.6   964.2  1279.2  1853.9  5208.1 13587.8  58797.6    58845
read      425.8   454.2    86.8   164.9   187.9   338.3   421.0   472.3   515.1   576.4   673.5   955.0  1918.3  4379.5 12724.7  67189.0    66993
read      460.7   995.7   101.3   168.7   192.2   376.5   453.8   501.9   540.4   591.1   652.2   743.2  1574.6 15965.7 32322.9  11008.6    10977
read      514.7   540.2    93.8   172.6   198.7   372.6   491.1   586.3   680.2   814.6  1016.6  1348.7  1980.3  6014.9 16884.8  51278.6    51529
read      512.9   629.5    86.8   168.8   193.7   361.2   474.1   562.9   655.0   805.7  1035.3  1400.5  1977.6  8072.9 22042.0  48569.6    48344
read      459.8  1291.4   109.4   179.6   203.9   342.1   395.6   425.6   448.3   476.5   517.8   604.9  3996.6 29563.6 36555.9   5894.4     5902
read      418.0   497.8    86.8   165.1   188.0   339.0   419.7   467.1   505.0   556.3   637.9   834.6  1804.9  5262.6 16337.2  71485.6    71602
read      503.7   537.3    86.8   167.8   193.1   378.1   499.0   590.3   680.6   807.4   981.0  1247.2  1786.6  5567.2 19758.9  41824.4    41886
read      516.1   600.3    86.8   167.5   192.9   365.8   486.5   582.8   680.5   835.5  1046.8  1364.1  1983.7  5895.8 25403.6  47473.2    47456
read      432.2   523.6    86.8   170.3   195.4   349.0   428.1   476.0   516.0   570.1   654.8   864.7  1800.3  6726.9 17605.4  93904.4    93939
read      377.3   404.4    86.8   166.0   186.7   355.6   421.6   452.0   471.8   498.1   535.0   606.1   964.6  4584.0 16967.9  16783.8    16890
read      478.5   457.1    86.8   176.8   202.7   373.4   473.7   539.3   592.6   673.0   815.9  1214.2  1975.6  3770.4 14176.5  45592.4    45689
read      545.3   596.4    93.8   173.1   198.5   403.4   543.3   651.0   760.8   908.0  1082.5  1353.2  1938.7  7330.1 24488.6  32782.0    32790
read      519.7   519.6    93.8   174.7   200.5   375.8   492.5   574.4   648.9   781.5  1046.5  1476.4  2099.3  4700.8 16368.0  44196.0    44044
read      538.3   750.6    93.8   170.5   195.4   399.5   531.5   635.3   743.5   884.0  1031.8  1245.3  1702.9 10276.1 31674.4  28225.4    28149
read      515.2   560.8    93.8   164.9   188.0   358.5   478.0   566.0   662.7   859.2  1143.6  1448.4  1935.5  4668.1 16842.5  39844.4    39739
read      426.7   443.0    86.8   168.9   192.4   341.5   422.6   472.1   513.0   569.8   661.9   933.2  1856.9  4829.4 12739.8  72415.8    72475
read      472.5   757.1    93.8   180.1   207.8   371.1   452.0   502.0   542.9   597.5   683.9   855.9  2124.3  9461.9 31145.8  93783.6    93882
read      500.7  1522.6   101.3   180.0   205.0   350.8   409.3   440.3   463.3   491.9   534.7   646.7  3922.0 30732.7 37851.1   6666.8     6692
read      530.8   644.8    86.8   176.4   203.5   383.8   503.4   593.1   679.4   802.5  1009.7  1380.3  2126.1  7403.8 30039.5  50271.0    50406
read      417.7   511.4    93.8   171.4   194.9   339.5   416.0   463.2   500.0   547.7   622.8   797.3  1810.3  5805.0 17992.4  83008.4    83055
read      502.5   524.5    86.8   174.2   199.8   367.7   483.9   573.5   657.5   780.3   970.6  1326.5  1972.0  4325.8 17390.9  55615.0    55609
read      541.8  1164.0    93.8   170.3   194.1   403.1   508.0   596.0   669.1   748.0   839.5   973.1  3006.6 18059.0 36535.1  16952.4    16968
read      558.1   894.2    93.8   174.9   201.3   379.7   501.1   594.6   689.0   840.8  1058.7  1403.2  2333.8 11504.0 32165.9  43090.2    43031
read      503.6  1042.8    93.8   169.5   192.6   393.5   494.7   570.1   629.6   698.3   778.7   902.8  1754.8 14173.3 36261.1  17153.4    17236
read      427.4   604.0    86.8   172.3   195.8   342.3   419.2   465.5   502.9   551.0   627.0   800.7  1875.8  6925.8 29714.3  82311.4    82183
read      516.3   539.1    86.8   167.7   191.4   363.2   484.4   576.9   676.0   855.5  1100.8  1447.7  1953.2  5159.2 14774.3  42168.8    42212
read      507.1  1123.0   101.3   173.0   197.2   392.7   478.7   533.6   582.9   639.1   712.3   826.7  2844.9 12758.4 32250.6  12220.2    12244
read      529.3   564.3    86.8   179.5   206.8   377.1   497.8   597.8   691.9   824.0  1020.2  1390.2  2163.6  6465.5 15498.5  61525.2    61777
read      513.7   599.2    86.8   168.6   193.5   383.5   508.4   603.7   701.4   836.2  1001.7  1234.2  1724.8  7359.8 20986.9  36802.0    36984
read      510.8   537.0    86.8   164.6   187.6   374.4   501.0   599.4   721.0   898.6  1061.9  1284.8  1698.0  5129.0 18555.9  29200.0    29093
read      509.6   510.3    93.8   165.7   190.5   373.4   500.5   596.0   694.6   834.7  1024.9  1311.8  1844.4  5509.6 12339.9  41650.0    41715
read      513.3   614.9    86.8   163.4   185.9   365.1   487.4   580.7   688.1   875.8  1083.0  1345.2  1820.1  7117.0 29304.3  34907.6    34838
read      521.7   510.8    93.8   181.7   208.8   375.9   494.7   590.6   686.3   827.9  1030.2  1378.2  2036.3  4529.4 15594.8  63692.2    63574
read      495.9   661.9    93.8   163.9   187.1   383.5   497.3   593.0   698.1   809.4   933.5  1084.8  1486.7  8191.6 31534.3  24436.6    24401
read      528.8   715.5    86.8   163.6   186.4   363.6   488.9   584.8   704.3   920.1  1126.1  1378.6  1849.5  8185.0 31248.4  32123.8    32025
read      439.3   600.0    86.8   177.1   204.0   357.0   431.8   477.3   514.8   565.9   643.3   812.7  1826.4  8579.3 30141.3  99061.0    98971
read      515.5   975.4    93.8   169.1   194.7   392.2   495.1   571.2   638.6   724.2   833.5   996.2  2560.2 12141.9 32429.1  23633.2    23657
read      485.5   501.7    86.8   173.4   199.0   360.1   456.5   525.5   590.9   701.6   901.3  1275.1  2025.6  5351.8 12761.9  67861.4    67877
read      447.4   554.1    86.8   166.5   190.8   346.2   437.6   496.6   545.1   618.3   746.1  1042.9  1784.3  6816.2 25854.7  53965.2    53849
read      444.3   618.4    86.8   167.4   191.4   342.6   422.9   471.9   513.0   570.7   666.6   969.4  2012.7  7651.1 28924.0  79628.4    79536
read      512.5  1091.5    86.8   166.3   190.5   389.2   485.9   554.6   613.7   680.5   760.4   901.9  3216.5 12741.8 32273.6  17109.2    17081
read      526.7   821.2    86.8   161.7   183.7   346.4   464.0   553.1   655.2   881.2  1179.5  1464.2  1870.9 10473.6 31756.5  39031.8    39024
read      536.2   889.0    93.8   166.6   191.2   392.7   514.1   614.1   705.6   821.3   958.9  1150.7  2391.6 11863.7 31937.3  26080.0    26125
read      537.9   890.1    86.8   168.0   193.4   394.9   522.3   621.9   712.4   828.4   976.1  1172.2  1777.6 12478.0 31779.9  33481.4    33388
read      519.8  1010.1    86.8   166.3   191.5   397.3   506.4   593.0   660.9   736.7   831.5   973.5  2278.9 14537.5 32269.2  21007.2    20979
read      429.3   533.3    80.4   169.5   194.7   346.4   423.8   470.4   508.8   560.8   642.3   834.1  1830.2  7351.4 20593.4  95642.8    95865
read      450.4   671.0    86.8   167.1   191.2   344.6   426.9   479.1   521.6   581.9   684.2   991.3  2164.7  8488.5 30697.8  74165.6    73949
read      469.7   473.0    86.8   167.3   191.6   350.2   447.5   516.5   582.6   687.7   880.8  1247.7  1945.8  4066.4 13438.0  60925.2    60987
read      513.6   539.5    86.8   170.9   196.3   366.2   482.1   576.1   670.5   812.4  1033.7  1414.9  2025.1  4785.5 16895.0  54160.0    54175
read      490.8   485.5    86.8   162.4   185.0   341.0   447.0   528.3   609.3   752.2  1044.6  1500.2  2017.9  4038.0 12264.2  51535.6    51484
read      486.5   522.6    86.8   160.5   182.7   347.5   466.0   548.2   644.0   819.1  1035.3  1316.0  1725.1  3815.3 18603.2  39598.0    39771
read      508.4   605.1    86.8   160.5   181.6   353.4   476.9   568.7   687.7   913.2  1115.1  1358.2  1721.3  7049.4 21487.0  32791.0    32864
read      496.5   520.9    86.8   162.0   184.4   343.7   456.2   538.3   630.8   814.6  1078.9  1430.3  1894.2  5045.9 14383.6  41981.2    42033
read      503.7   580.3    86.8   163.0   186.1   349.3   464.3   550.0   636.5   804.8  1088.7  1458.7  1915.1  5931.1 17239.0  43580.0    43808
read      503.3   535.9    86.8   164.5   187.5   351.5   465.6   549.8   640.0   811.4  1075.2  1444.8  1967.7  4998.5 13300.2  45768.0    45785
read      496.6   440.4    86.8   161.9   184.7   359.3   483.1   572.0   671.5   851.8  1076.6  1353.9  1735.9  3458.5 10591.5  35523.6    35582
read      505.9   630.1    86.8   158.9   179.7   338.5   454.5   536.2   629.7   880.5  1208.6  1480.1  1869.2  5744.0 16627.4  38353.6    38504
read      497.7  1122.5    86.8   166.7   189.6   377.8   470.2   532.6   588.0   654.0   730.2   842.8  3055.3 16031.7 35395.4  15233.4    15320
read      415.4   577.2    86.8   165.3   188.1   335.2   414.7   462.9   500.7   549.5   627.8   797.1  1746.7  6819.0 28994.5  74045.8    74264
read      515.0   614.4    86.8   165.7   188.8   355.2   473.2   560.2   647.6   826.6  1098.5  1461.3  1986.5  6996.1 23116.3  43784.4    43890
read      476.3  1423.9   101.3   180.9   205.9   345.5   402.8   432.8   456.2   484.2   524.5   616.0  3556.8 30364.5 37379.2   5965.0     5962
read      524.6   726.2    86.8   169.0   192.7   368.3   490.9   584.3   687.4   846.3  1043.3  1336.3  2005.1  8720.9 31518.4  38215.6    38365
read      508.3   570.0    86.8   171.8   197.2   362.1   474.8   566.2   653.8   797.4  1016.7  1389.9  1996.0  5248.5 24452.0  56005.4    55971
read      499.9   664.9    86.8   165.6   188.1   383.4   501.9   601.1   708.3   829.3   952.0  1094.9  1533.7  7591.3 31468.6  23144.4    23217
read      423.1   523.5    86.8   166.5   190.2   336.5   412.2   459.4   496.8   546.6   628.7   854.1  1871.0  5903.4 16345.1  87769.8    87681
read      407.2   535.4    86.8   163.9   187.3   329.0   400.6   445.2   480.1   526.2   593.3   750.2  1805.4  8221.3 15906.9  91617.2    91728
read      420.3   489.5    86.8   171.8   196.5   344.5   419.5   465.4   502.6   551.2   627.1   799.0  1783.3  6137.2 13301.1  96780.0    96668
read      419.0   543.0    86.8   166.6   189.9   335.7   412.2   458.5   494.6   541.7   617.1   801.4  1849.3  7618.9 24339.8  80640.0    80475
read      479.5   524.5    93.8   162.8   185.8   372.1   483.6   564.6   658.6   801.0   938.1  1103.5  1492.5  5440.4 21255.1  27073.8    27150
read      509.7   555.3    86.8   167.9   192.2   354.5   466.4   551.2   638.5   792.6  1056.2  1474.3  2129.2  5155.3 15786.7  53616.2    53444
read      471.1   694.3    86.8   169.5   193.4   381.9   477.5   532.1   578.8   642.5   748.7   946.4  2129.2  8239.2 31471.9  23724.8    23737
read      378.9   241.6    86.8   178.2   203.8   346.4   416.0   456.6   486.7   523.5   575.9   664.2   906.7  2175.7  8984.5  87582.0    87776
read      380.5   231.9    93.8   181.5   206.4   347.4   417.9   458.1   488.4   526.6   579.2   670.0   929.9  1715.0  8446.8  82267.8    82175
read      385.7   221.4    86.8   186.1   212.4   354.0   420.8   460.7   491.5   529.8   583.4   675.5   922.2  1860.3  7721.6  98632.6    98548
read      403.1   243.2    86.8   179.0   204.8   371.7   456.6   502.9   535.9   575.4   626.8   709.4   923.0  2163.0  8811.6  37636.4    37704
read      381.5   251.3    86.8   174.0   198.4   351.1   425.7   467.4   498.4   534.8   583.6   668.0   897.6  2243.3  8405.2  64731.0    64701
read      383.0   233.9    80.4   175.1   199.3   347.1   425.1   469.0   502.5   542.9   596.8   688.7   918.9  2005.3  7861.8  68997.8    69089
read      365.6   216.7    86.8   176.3   200.3   335.5   401.7   440.7   470.0   505.7   554.1   637.4   857.1  1693.4  7632.2  89453.4    89785
read      382.5   235.2    86.8   175.4   197.6   378.1   447.3   478.8   500.2   525.9   558.2   617.7   779.4  2265.4  7849.5  16803.6    16676
read      382.2   277.3    93.8   176.8   201.1   345.3   420.1   462.9   495.3   535.5   589.6   684.6   942.8  2090.5  8692.0  69509.4    69604
read      363.8   234.5    86.8   179.6   204.2   336.3   397.6   433.9   462.1   496.8   543.7   627.6   835.0  1533.0 10137.4  99522.2    99682
read      369.9   221.1    86.8   180.0   205.1   340.8   405.5   444.2   472.4   507.8   556.5   639.4   847.0  1861.9  8106.0  97539.8    97693
read      402.2   307.8    93.8   177.5   200.6   390.7   463.1   497.1   521.1   547.8   589.0   655.9   846.4  4023.8 12644.6  17402.0    17381
read      410.7   270.4    86.8   179.5   205.8   374.3   457.8   504.5   537.9   579.3   634.6   733.2  1026.4  2506.5  8337.9  40169.0    40069
read      374.0   259.0   101.3   184.5   209.8   371.0   414.2   435.3   452.9   471.3   500.7   549.5   739.8  3653.0 10065.7   8986.4     8841
read      397.7   247.8    86.8   174.6   200.6   367.2   444.2   487.2   518.8   556.8   611.4   706.4   985.2  2352.1  8684.6  56649.0    56576
read      400.7   348.0    93.8   174.7   198.1   379.1   462.6   500.5   527.1   557.8   600.9   674.2   873.4  3827.7 15435.5  21540.8    21599
read      390.0   250.8    86.8   174.7   199.7   362.0   437.9   480.4   510.6   546.6   595.5   681.6   900.9  2121.2  7870.3  53159.6    53003
read      465.2   441.8    93.8   173.2   197.5   414.1   512.3   581.3   635.4   700.6   776.6   891.6  1189.6  3518.5 20946.5  19801.0    19831
read      567.9   947.7    86.8   190.8   220.4   381.6   465.2   525.9   582.8   677.9   902.1  1553.9  3699.1  8969.3 31990.7  80334.6    80340
read      494.1   456.5    86.8   171.7   197.8   409.3   535.3   622.5   693.1   788.8   904.6  1058.1  1393.9  4532.3 15767.2  28834.8    28765
read      508.7   612.7    86.8   175.5   202.4   421.6   541.3   624.8   693.4   774.9   877.0  1020.8  1456.2  6819.4 30765.4  25520.8    25572
read      509.0   578.8    86.8   176.5   203.1   401.5   523.1   609.3   683.9   786.3   929.8  1141.1  1594.2  6552.2 28736.9  37119.8    37071
read      582.0   841.4    86.8   192.6   222.5   389.2   483.0   553.6   629.3   767.9  1073.8  1624.1  3438.1  8442.3 30875.2  75603.4    75819
read      509.6   497.7    86.8   173.3   198.9   385.4   507.7   598.5   682.9   801.2   973.9  1235.5  1879.9  4560.2 12061.6  44499.6    44359
read      524.1   956.9    86.8   195.3   225.5   380.6   452.2   497.6   535.5   587.2   674.8   958.8  4187.0  9475.4 32134.3  95929.0    95960
read      516.0   593.2    86.8   176.1   202.4   368.9   469.3   548.9   626.8   752.6   966.3  1353.7  3010.9  5886.0 19025.6  59557.4    59630
read      514.5   610.5    86.8   169.1   193.8   367.3   482.4   571.7   656.2   789.6  1004.5  1320.5  2423.6  6310.7 26153.2  48057.4    47930
read      520.6   568.7    86.8   179.2   205.6   368.3   470.0   555.0   643.3   784.3  1018.5  1390.6  2554.8  5859.2 13476.1  65493.2    65545
read      535.1   984.4    86.8   196.8   227.5   387.5   462.6   510.0   550.3   606.8   697.7   986.8  4188.2  9974.1 32415.0  94243.6    94038
read      523.9   658.7    86.8   173.9   199.2   372.4   486.4   576.0   659.7   792.3  1006.8  1352.1  2362.8  6510.6 30514.0  51719.8    51806
read      507.3   595.3    86.8   166.8   191.2   364.8   479.6   570.6   659.6   796.5   999.1  1304.4  2111.1  5653.4 30555.7  48682.8    48712
read      461.4   896.4    93.8   167.7   191.4   390.1   472.7   523.9   565.3   614.8   674.3   764.4  1139.8 10897.0 35306.0  13104.0    13115
read      564.3   872.7    86.8   186.2   214.8   375.6   463.5   528.1   590.1   703.6   984.9  1612.3  3437.9  8515.8 31724.1  76485.8    76569
read      470.1   768.5    93.8   167.3   190.9   394.9   490.9   550.3   604.9   666.6   740.7   856.8  1315.5  9230.2 32084.6  19298.6    19372
read      511.2   654.2    93.8   172.5   197.4   361.3   464.8   546.4   628.7   754.8   968.6  1327.2  2375.2  7232.8 28303.0  59624.6    59331
read      516.2   598.9    86.8   177.2   204.0   370.2   471.1   550.0   628.7   754.0   979.0  1368.0  2495.8  6878.0 14849.1  62773.8    62597
read      515.9   625.2    86.8   170.9   195.8   391.4   517.8   614.4   700.3   814.1   971.7  1196.0  1760.9  6910.8 30955.3  37772.0    37702
read      510.2   451.8    93.8   174.6   200.5   391.7   516.7   613.7   701.7   825.8   990.2  1229.4  1744.2  3750.2 13698.8  41938.0    41975
read      493.1   547.9    86.8   174.4   199.7   408.8   520.6   598.0   666.1   749.2   856.0  1000.5  1472.7  6460.4 30579.9  26210.8    26100
read      568.2   901.4    86.8   192.0   222.1   381.2   463.4   521.1   575.4   665.7   898.5  1611.7  3828.8  8207.4 31733.7  82441.6    82500
read      522.5   582.0    93.8   177.1   203.2   378.9   492.1   580.9   669.2   796.3   980.6  1315.1  2604.3  6004.6 16939.7  50741.0    50756
read      525.2   587.2    86.8   181.9   209.3   375.4   477.4   560.3   643.2   783.8  1002.4  1384.8  2585.1  6201.4 17011.4  66611.4    66696
read      515.2   607.5    93.8   172.5   198.0   372.7   486.4   573.7   657.2   778.2   982.3  1314.5  2256.7  5869.7 24115.3  53344.4    53364
read      452.6   915.6   101.3   172.2   198.0   383.4   455.9   497.9   532.6   576.2   630.9   718.9  1258.0  9731.7 32212.4  10470.8    10413
read      524.5   669.8    86.8   175.9   202.5   366.4   466.7   547.5   631.7   766.2   995.0  1400.8  3001.5  7203.6 30445.8  64861.4    64876
read      525.9   692.1    86.8   181.1   208.6   372.7   468.6   543.2   616.0   735.1   942.5  1370.5  3067.6  7317.4 30930.2  69021.4    69079
read      489.9   771.1    86.8   169.5   193.6   408.2   506.4   576.5   630.9   696.7   772.5   898.3  1780.4  8583.3 32028.0  19533.6    19447
read      487.2   696.5    86.8   179.5   206.7   357.2   433.1   482.8   525.7   588.9   711.7  1163.4  3149.6  7469.3 28878.9  81082.8    81182
read      381.0   353.7    93.8   166.5   188.3   347.2   435.5   477.1   505.8   541.3   587.0   661.4   835.0  3558.0 13415.3  25166.4    25265
read      375.4   322.1    93.8   178.0   203.2   359.6   405.0   429.1   446.7   467.4   499.5   562.1   892.8  4985.8 12301.5   9852.6     9699
read      396.1   315.6    86.8   169.7   195.3   364.2   440.9   483.8   515.2   551.8   604.4   693.5   951.4  3619.9 11271.0  48660.2    48659
read      359.0   191.0    80.4   168.3   192.0   331.4   399.8   439.3   468.0   502.7   548.0   630.0   832.0  1396.8  7301.6  75044.4    75126
read      371.1   231.6    80.4   175.5   200.4   341.6   408.3   447.6   476.6   513.0   564.4   648.9   860.3  1756.3  7614.2  96448.6    96559
read      376.6   233.0    86.8   171.0   195.2   346.6   422.3   464.2   495.4   531.5   579.7   662.0   886.2  1752.8  8618.2  55929.4    55885
read      447.5   989.2    93.8   168.7   193.7   363.9   431.7   468.6   499.2   539.2   601.4   694.7  2105.9 11505.4 36506.1   9053.6     9039
read      427.7   536.6    86.8   163.7   186.8   333.6   415.1   465.8   505.8   565.1   674.2   974.6  1861.4  6939.2 16233.8  66302.2    66378
read      479.5   522.6    86.8   162.8   185.9   352.8   457.6   526.7   593.4   705.7   914.0  1252.5  2034.7  5055.5 13535.0  41206.0    41225
read      502.5   557.6    86.8   166.1   190.4   351.2   458.9   537.4   616.3   756.3  1037.5  1483.9  2066.9  5528.2 15754.5  52541.0    52371
read      504.8   649.0    80.4   162.0   185.5   360.3   482.6   574.0   668.7   817.8  1028.0  1301.4  1846.1  6419.0 29611.9  39804.4    39873
read      514.8   548.8    86.8   166.4   190.6   372.5   500.1   590.9   685.1   826.3  1042.0  1339.8  1949.1  6105.3 13833.6  41117.6    41176
read      424.6   576.1    86.8   167.0   190.9   337.2   413.8   461.3   498.0   546.6   625.5   822.0  1849.3  8087.1 23620.7  85290.2    85357
read      418.2   538.3    86.8   169.6   193.1   336.2   410.3   456.5   493.4   542.4   622.8   825.9  1801.9  5535.9 24846.5  85117.0    85391
read      417.7   584.9    93.8   171.2   195.1   336.2   408.2   453.9   489.9   537.5   615.1   806.3  1768.1  6772.5 30475.0  91747.2    91890
read      499.8   605.5    80.4   170.1   195.0   358.0   469.5   553.4   637.6   774.5   987.3  1348.3  2009.7  5576.9 19791.9  57272.4    57558
read      482.4  1048.4    93.8   168.7   193.2   380.7   459.4   505.4   542.6   593.3   656.6   762.5  3077.5 12683.6 32447.0   9988.4     9972
read      407.2   540.8    86.8   166.4   189.3   327.5   402.0   448.4   484.0   531.0   605.9   797.6  1793.4  6831.6 24158.7  74680.0    74636
read      509.5   686.2    93.8   167.7   192.5   387.9   506.1   594.6   694.0   824.1   969.5  1141.0  1641.1  8913.9 31420.6  29910.2    29773
read      503.9   469.4    86.8   176.9   202.7   367.7   477.1   565.2   650.5   776.7   978.7  1335.4  2063.1  4877.9  9535.1  63452.8    63494
read      453.5  1259.6    93.8   173.0   196.9   348.6   413.0   448.3   472.3   506.0   550.7   639.9  2411.5 30309.5 36654.2   7299.6     7201
read      504.2   557.2    93.8   171.8   196.9   365.1   475.8   553.1   631.3   760.7   997.6  1377.2  1984.6  6695.8 14599.4  49510.4    49507
read      520.3   550.3    86.8   178.9   206.2   379.1   501.4   599.7   690.5   815.0   999.7  1317.7  2019.6  5577.3 16054.8  65429.6    65454
read      392.9   519.1    86.8   163.4   186.0   322.3   393.9   436.0   469.0   510.8   576.0   716.0  1695.3  6566.2 26199.2  88526.4    88537
read      499.0   496.3    86.8   164.9   189.6   372.0   493.9   583.0   677.9   830.1  1024.0  1257.8  1728.0  4064.0 16789.0  36825.6    36982
read      421.3   558.8    86.8   168.1   192.0   338.1   413.8   459.7   495.8   543.2   617.8   801.9  1841.5  8121.0 21984.5  88920.6    88964
read      353.8   350.7    86.8   162.5   183.9   311.6   375.9   415.2   444.8   482.0   534.1   626.0   941.7  3469.5 12741.7  96368.0    96479
read      483.2   499.5    86.8   163.8   186.1   342.2   445.9   520.5   590.0   721.0   999.6  1433.9  1984.6  4747.5 13528.6  47627.8    47883
read      487.7   473.8    86.8   166.7   190.7   351.4   461.0   541.4   622.8   761.2   984.6  1356.8  1915.2  4225.3 12210.0  50658.2    50650
read      409.8   504.5    86.8   167.1   190.2   329.6   401.0   446.3   481.3   527.1   599.1   800.0  1851.2  6197.2 15418.4  89068.0    89242
read      469.4  1335.8   101.3   175.6   198.8   351.8   412.7   445.0   467.3   495.9   537.7   631.2  3081.4 29134.0 38799.1   7431.4     7374
read      385.4   784.8    93.8   174.9   199.1   343.6   384.5   406.3   425.6   448.9   481.8   546.5  1000.8  8514.0 36437.5   8533.4     8507
read      368.8   335.7    86.8   159.1   181.1   325.4   402.2   446.0   477.9   515.6   564.5   650.9  1058.7  3871.9 10227.1  50545.6    50676
read      377.5   323.7    86.8   168.7   193.0   340.1   414.4   457.2   489.4   527.2   576.9   660.0   973.2  3093.9 10967.3  57033.0    57069
read      368.6   267.8    86.8   163.8   185.9   334.1   412.5   454.7   485.5   522.2   571.7   649.9   872.7  2644.4  7893.6  43405.0    43520
read      386.6   455.5    86.8   170.0   193.9   344.4   425.5   470.4   503.8   543.8   596.8   688.6   954.5  3140.0 10111.3  56746.4    56720
read      385.8   385.8    86.8   167.9   191.5   340.0   416.5   460.5   493.3   533.4   589.1   686.9  1020.9  4757.3 13391.8  68201.4    68155
read      383.0   261.4    80.4   169.4   194.1   349.7   427.7   471.2   503.5   542.0   593.3   681.6   915.2  2477.8  8764.5  60396.2    60444
read      378.7   259.3    86.8   170.2   194.6   343.9   420.3   464.0   496.0   533.6   585.2   675.1   929.5  2400.9  8968.8  63969.0    63997
read      379.3   313.4    93.8   168.8   191.3   371.8   436.9   467.7   489.3   512.5   545.5   607.3   756.8  4624.2 12812.4  17297.2    17315
read      366.1   245.9    80.4   168.5   192.8   335.8   405.2   446.0   475.1   511.1   560.4   642.5   855.2  2152.6  9543.5  78579.8    78596
read      362.9   236.2    86.8   173.3   197.0   334.0   400.0   439.1   468.6   503.9   550.1   631.7   834.0  1717.9  8073.5  81484.2    81548
read      355.6   207.7    86.8   173.4   197.3   328.8   390.9   427.3   455.1   488.8   534.3   613.0   811.8  1531.4  7987.7  97025.4    97254
read      380.1   338.6    86.8   169.6   194.1   347.8   426.4   469.4   500.3   534.8   579.4   655.1   867.3  3081.1 10019.6  46302.4    46135
read      397.3   427.7    86.8   170.9   192.9   383.0   442.9   470.2   491.8   516.0   548.9   617.0   926.6  6651.6 13529.7  13305.2    13379
read      405.0   365.4    86.8   177.7   202.6   359.7   438.5   485.4   519.1   559.1   615.1   713.0  1173.6  3997.3 12268.3  46828.2    46993
read      399.7   320.6    93.8   193.6   219.9   359.7   425.5   464.5   495.8   535.5   590.9   695.5  1032.8  3655.3  8646.0  98205.8    98274
read      407.3   467.0    86.8   199.3   224.6   361.8   426.5   466.4   497.2   535.3   589.2   687.2  1067.4  4814.3 17535.6  97056.4    97056
read      402.2   337.1    86.8   175.2   200.0   361.1   437.7   482.2   514.1   551.5   605.8   698.6  1221.4  4119.4  9829.8  43572.4    43434
read      393.8   311.4    93.8   173.8   197.9   355.7   435.9   482.0   512.8   547.3   595.8   683.6  1072.4  3559.5  8996.9  36474.2    36406
read      392.5   399.7    86.8   194.0   219.3   353.3   414.3   451.6   479.5   514.8   565.3   657.5  1007.3  3805.7 13827.2  99312.4    99121
read      386.5   313.7    86.8   181.9   207.1   345.1   413.0   454.1   484.7   521.9   573.2   666.4  1023.4  3761.6  9211.3  80829.4    80708
read      405.1   417.6    93.8   168.4   192.2   358.5   438.1   482.8   515.8   555.3   610.1   705.8  1311.0  4885.1 13724.5  40434.8    40517
read      378.7   329.0    86.8   162.5   183.5   336.5   420.1   464.5   496.7   534.5   585.0   670.5   992.5  4303.1 12641.4  34294.4    34168
read      402.3   701.9    86.8   173.7   196.1   365.9   424.6   453.7   473.9   502.5   541.3   614.2  1037.1  8094.3 32272.1  11674.4    11754
read      377.9   344.1    86.8   167.0   189.8   329.2   401.9   446.4   479.7   521.6   580.7   685.0  1050.9  4279.1 11447.3  93243.4    93304
read      380.5   424.7    93.8   159.9   181.0   330.0   408.1   454.3   488.5   530.9   589.7   690.0  1116.2  4292.3 13568.7  64417.8    64697
read      367.2   294.2    86.8   165.4   188.0   324.1   396.1   438.8   471.1   512.0   570.3   671.3   965.2  3529.8 10862.4  92514.0    92626
read      381.2   396.3    86.8   161.4   182.6   327.1   405.8   453.0   488.8   533.7   595.0   704.9  1094.9  4980.6 12092.0  75553.2    75618
read      374.1   405.5    86.8   162.7   184.6   323.9   397.3   441.1   474.1   515.9   575.5   677.4  1046.7  4433.3 15439.0  85655.6    85805
read      380.7   441.8    86.8   162.2   181.9   342.9   421.0   458.6   485.2   516.8   560.8   636.2  1032.2  4649.7 18290.0  18934.6    18930
read      383.7   351.3    86.8   163.9   186.1   340.3   421.3   466.8   500.4   540.9   596.5   692.2  1015.4  3728.7 12652.1  50205.4    50153
read      401.7   687.4    86.8   176.1   199.2   365.0   420.5   447.9   467.1   492.8   528.6   598.2  1147.4  8456.3 32425.4  10410.4    10377
read      502.5   582.4    93.8   173.9   200.4   392.5   504.5   587.4   667.9   783.0   935.9  1157.6  1596.7  6770.9 26723.5  33124.0    33112
read      495.6   536.5    86.8   173.0   198.5   405.8   525.7   609.2   683.0   774.5   890.5  1055.9  1447.0  5570.4 18035.2  28681.4    28777
read      511.0   541.0    80.4   170.5   195.3   370.7   489.6   581.4   671.6   813.5  1036.4  1384.0  1854.8  5227.8 18383.9  45689.2    45709
read      440.0   530.3    86.8   167.6   191.5   344.1   424.2   474.2   515.4   575.1   671.9   977.4  2130.5  5187.1 20103.3  74517.0    74458
read      423.4   508.7    86.8   167.8   191.2   338.1   416.6   465.1   503.4   555.4   638.3   862.4  1897.9  5869.4 13744.2  73569.4    73596
read      514.4   561.9    86.8   174.8   200.2   405.0   524.2   617.0   701.7   815.1   952.5  1175.9  1725.6  6110.5 30117.6  27969.8    28031
read      570.3   812.2    93.8   184.5   210.4   394.7   527.2   634.4   737.6   887.3  1099.0  1450.1  2514.4  7491.4 31672.1  45711.4    45754
read      544.9   825.3    86.8   186.0   215.1   389.2   480.1   541.8   594.6   674.8   832.5  1499.1  3320.8  8789.9 31222.3  80039.8    80138
read      458.0   542.6    86.8   178.0   204.0   364.3   451.5   505.2   548.6   611.0   717.5  1031.0  1955.7  5583.1 21644.2  64396.6    64350
read      384.5   217.1    86.8   175.1   200.2   354.5   431.8   475.2   505.2   542.0   590.8   677.3   916.8  1791.7  7551.1  51950.8    51870
read      379.5   305.9    86.8   178.7   203.3   339.4   408.5   450.3   481.8   521.4   575.6   673.1  1005.0  2719.6  9268.7  81116.0    81106
read      366.9   198.1    93.8   175.0   198.9   334.7   402.3   442.7   473.3   510.8   564.4   653.6   889.8  1788.4  6804.3  82117.0    82064
read      397.7   262.3    86.8   176.6   201.9   366.5   448.0   492.1   524.0   562.0   614.1   699.9   917.4  3493.0  8774.6  30528.6    30534
read      395.6   279.2    93.8   179.6   204.7   369.9   449.8   489.0   515.9   547.5   594.3   678.2   886.4  2694.8 12546.7  25543.2    25449
read      376.9   231.3    86.8   177.5   202.5   344.9   418.0   460.4   492.0   529.3   577.6   661.3   880.2  1615.3  8181.9  67737.4    67525
read      406.8   270.9    86.8   183.6   209.1   380.4   465.0   505.4   534.1   568.5   615.3   690.2   933.3  2428.6  9132.4  27188.4    27070
read      401.0   249.4    80.4   180.7   206.6   369.9   452.8   496.4   527.7   564.9   616.4   700.8   933.0  2262.5  7985.7  41090.0    41133

Total QPS = 51677.2 (77515832 / 1500.0s)

Total connections = 64
Misses = 0 (0.0%)
Skipped TXs = 0 (0.0%)

RX 19146410010 bytes :   12.2 MB/s
TX          0 bytes :    0.0 MB/s
Warning! Detected max cpu usage > 95%
CPU Usage Stats (avg/min/max): 99.96%,46.43%,100.00%