Wed May 25 19:28:28 UTC 2022
Random waveform, supplied seed
Total number of intervals = 300 (5031, 54838, 74868, 30015, 40743, 23648, 97712, 53672, 55395, 29425, 15173, 82475, 90555, 47944, 28313, 28504, 22886, 35717, 14828, 81704, 55771, 85226, 75020, 12441, 56208, 17446, 86943, 49138, 49839, 47752, 27181, 6170, 7187, 99387, 91970, 79658, 59230, 78081, 64242, 37702, 40686, 30376, 38416, 65892, 39560, 10016, 55224, 19982, 48114, 36283, 23315, 11150, 98724, 56880, 13467, 99368, 46206, 71651, 22741, 56654, 99570, 23047, 70008, 42943, 46704, 75970, 21917, 82027, 81583, 14259, 7821, 17727, 65559, 41133, 28693, 53141, 54512, 14835, 98446, 38117, 77994, 30209, 68315, 91940, 49308, 46880, 92540, 49396, 97841, 35404, 80451, 87228, 75554, 57964, 83546, 55468, 34203, 37629, 34577, 47426, 58845, 66993, 10977, 51529, 48344, 5902, 71602, 41886, 47456, 93939, 16890, 45689, 32790, 44044, 28149, 39739, 72475, 93882, 6692, 50406, 83055, 55609, 16968, 43031, 17236, 82183, 42212, 12244, 61777, 36984, 29093, 41715, 34838, 63574, 24401, 32025, 98971, 23657, 67877, 53849, 79536, 17081, 39024, 26125, 33388, 20979, 95865, 73949, 60987, 54175, 51484, 39771, 32864, 42033, 43808, 45785, 35582, 38504, 15320, 74264, 43890, 5962, 38365, 55971, 23217, 87681, 91728, 96668, 80475, 27150, 53444, 23737, 87776, 82175, 98548, 37704, 64701, 69089, 89785, 16676, 69604, 99682, 97693, 17381, 40069, 8841, 56576, 21599, 53003, 19831, 80340, 28765, 25572, 37071, 75819, 44359, 95960, 59630, 47930, 65545, 94038, 51806, 48712, 13115, 76569, 19372, 59331, 62597, 37702, 41975, 26100, 82500, 50756, 66696, 53364, 10413, 64876, 69079, 19447, 81182, 25265, 9699, 48659, 75126, 96559, 55885, 9039, 66378, 41225, 52371, 39873, 41176, 85357, 85391, 91890, 57558, 9972, 74636, 29773, 63494, 7201, 49507, 65454, 88537, 36982, 88964, 96479, 47883, 50650, 89242, 7374, 8507, 50676, 57069, 43520, 56720, 68155, 60444, 63997, 17315, 78596, 81548, 97254, 46135, 13379, 46993, 98274, 97056, 43434, 36406, 99121, 80708, 40517, 34168, 11754, 93304, 64697, 92626, 75618, 85805, 18930, 50153, 10377, 33112, 28777, 45709, 74458, 73596, 28031, 45754, 80138, 64350, 51870, 81106, 82064, 30534, 25449, 67525, 27070, 41133)
Average QPS expected = 51692
Timestamp start: 1653506910048
Timestamp end: 1653508410511

#type       avg     std     min      p5     p10     p50     p67     p75     p80     p85     p90     p95     p99    p999   p9999      QPS   target
read      398.3   686.1   109.4   190.7   219.3   340.8   387.4   414.1   434.8   462.9   501.5   582.1  1704.9  7748.6 31790.0   5047.8     5031
read      495.8   538.6    86.8   169.6   194.9   358.8   474.4   568.3   661.7   802.2   991.8  1247.8  1849.4  5701.4 14542.2  54558.6    54838
read      386.9   428.4    86.8   161.6   183.3   325.1   398.7   444.8   479.9   524.3   589.4   731.8  1509.9  4164.2 13858.4  74807.8    74868
read      516.8   774.8    93.8   166.9   192.1   386.5   519.1   628.6   715.3   814.6   928.2  1083.7  1669.5  9870.0 31522.4  30117.8    30015
read      488.0   404.7    86.8   165.2   189.8   365.9   491.7   590.9   689.6   834.1  1003.9  1206.0  1580.9  3283.2 12272.6  40791.4    40743
read      514.5   821.8    93.8   167.9   193.2   398.7   526.1   628.7   704.1   782.1   872.3  1003.5  1867.8  9309.9 32364.8  23705.8    23648
read      398.1   516.0    80.4   167.4   191.3   332.8   402.2   445.3   477.6   519.2   580.9   701.5  1648.3  8249.0 15497.8  97690.6    97712
read      495.8   553.2    86.8   173.5   198.4   362.3   472.7   561.1   647.9   781.2   977.2  1254.1  1852.9  5814.3 22733.5  53973.8    53672
read      477.6   468.0    86.8   168.0   192.8   352.0   459.4   539.5   620.4   751.4   953.7  1252.4  1795.6  3702.2 15359.3  55557.8    55395
read      521.1   708.1    86.8   166.8   191.3   391.0   522.8   637.0   730.3   827.6   939.2  1096.4  2082.6  9431.2 30646.3  29589.6    29425
read      469.1   686.3    93.8   165.4   190.4   398.4   504.9   574.9   622.0   671.9   731.4   834.8  1494.6  7607.5 31296.7  15209.4    15173
read      430.1   592.7    86.8   166.3   190.3   340.9   418.0   464.2   500.4   547.7   625.8   819.1  2219.3  7209.2 27440.8  82429.4    82475
read      435.4   532.4    80.4   167.3   192.2   349.1   428.0   476.6   516.0   570.8   655.7   872.9  1838.6  5930.7 19073.6  90608.8    90555
read      475.9   535.8    86.8   162.7   186.8   353.7   460.9   540.4   622.4   758.9   952.2  1208.5  1683.8  4962.8 17409.1  48000.8    47944
read      490.7   476.7    86.8   166.0   190.8   395.5   524.1   633.6   715.7   802.9   907.3  1047.8  1420.7  4674.0 13926.1  28310.8    28313
read      506.8   585.4    93.8   168.9   193.9   396.9   528.5   637.7   728.2   823.5   934.3  1079.2  1477.8  6012.8 29368.8  28669.0    28504
read      504.5   716.7    86.8   164.2   187.9   400.1   524.5   626.0   697.8   775.2   868.8  1004.2  1447.9 10725.2 31151.7  22788.0    22886
read      537.9   846.7    93.8   168.4   193.9   383.9   508.9   616.5   720.7   851.0   996.1  1196.3  2154.4 11865.4 31369.4  35802.0    35717
read      525.1   809.2    93.8   166.3   192.3   424.4   543.1   623.3   676.4   734.8   805.1   930.1  3037.4  8475.8 31616.2  14814.6    14828
read      463.2   589.7    86.8   173.1   198.3   358.7   438.9   489.8   532.6   594.3   709.3  1142.1  2019.5  8206.5 25846.8  81891.4    81704
read      497.0   603.1    93.8   171.7   196.3   359.9   465.6   544.8   622.8   745.9   963.8  1331.2  1971.8  5597.6 30118.0  55933.0    55771
read      435.5   598.6    86.8   171.8   196.6   352.6   430.3   477.2   514.8   566.7   645.9   842.6  1818.4  8219.2 30857.3  85342.2    85226
read      410.2   512.5    86.8   166.0   189.1   335.8   410.9   456.2   491.3   536.9   605.1   760.7  1905.8  6366.8 19752.2  74979.6    75020
read      520.4  1059.6   101.3   174.8   202.6   419.7   514.4   577.4   623.8   675.5   739.8   848.2  2415.5 15480.8 37287.1  12462.0    12441
read      508.8   649.3    86.8   174.1   199.5   361.6   475.0   568.4   659.1   804.7  1014.8  1330.8  1902.7  6223.6 28846.0  56275.6    56208
read      513.5  1038.2    93.8   166.9   192.2   412.3   525.4   611.6   667.7   728.2   800.6   919.7  1678.7 11712.9 40262.6  17400.8    17446
read      418.8   532.9    93.8   172.4   196.5   342.9   417.1   462.8   499.1   545.5   617.4   773.1  1744.3  7842.0 19643.1  86739.8    86943
read      497.4   515.4    86.8   171.7   196.8   364.4   482.8   576.1   669.1   809.7   997.5  1255.8  1774.5  4479.0 12809.3  49132.0    49138
read      488.5   466.0    86.8   173.5   198.7   367.6   483.6   572.8   659.9   786.8   962.1  1218.0  1673.3  4167.5 12604.4  49811.4    49839
read      501.1   555.9    86.8   170.6   195.8   365.5   488.1   585.3   683.9   811.7   985.0  1239.4  1809.7  5396.4 19762.9  47930.8    47752
read      484.8   412.5    86.8   170.8   195.3   399.1   526.9   626.8   703.8   789.4   887.2  1021.9  1331.9  4279.9 11696.4  27186.0    27181
read      470.6  1209.4   109.4   183.3   213.3   365.7   425.4   458.3   482.8   513.7   562.0   644.1  3054.3 17965.4 36965.8   6144.0     6170
read      445.0   774.8   101.3   180.3   209.6   378.4   446.3   484.1   509.9   543.9   592.0   675.7  1941.2  9443.1 31556.6   7229.6     7187
read      397.5   490.2    86.8   172.6   196.4   332.9   399.5   440.6   472.2   515.2   579.1   713.5  1613.4  6520.5 14853.0  99520.0    99387
read      355.5   232.7    86.8   168.2   190.3   321.0   389.2   428.9   458.4   494.2   542.7   625.8   851.1  2941.3  7748.0  92272.4    91970
read      435.4   539.8    86.8   169.3   193.1   339.0   411.3   456.8   494.0   544.2   631.7   955.8  2338.8  6068.7 14739.7  79749.0    79658
read      450.8   438.1    93.8   171.8   195.8   346.5   440.4   505.5   565.3   652.2   806.3  1100.4  1724.5  4566.4 13564.7  59345.2    59230
read      404.9   415.5    86.8   166.4   189.6   331.4   405.8   453.5   490.0   537.3   615.1   830.2  1703.9  4592.3 13997.5  78091.8    78081
read      459.5   425.8    86.8   172.7   196.6   346.0   444.8   513.9   580.8   683.1   861.6  1169.7  1806.8  3741.6 11207.6  64179.6    64242
read      490.0   570.0    93.8   172.8   197.3   371.2   491.9   581.3   667.5   779.7   917.4  1113.5  1618.9  8234.9 19060.2  37782.4    37702
read      486.9   450.1    93.8   169.8   194.0   366.4   490.5   583.8   676.0   803.4   972.0  1190.9  1642.8  4071.5 10990.9  40602.6    40686
read      480.2   514.3    86.8   166.0   189.9   372.3   495.7   594.9   683.8   781.8   897.9  1053.3  1448.8  5833.0 15395.1  30356.6    30376
read      486.3   447.6    86.8   169.6   194.6   371.3   492.9   586.4   677.0   799.3   958.1  1168.4  1562.5  4348.0 14950.1  38412.0    38416
read      500.3   489.4    86.8   174.2   199.8   355.8   463.9   552.0   641.0   789.3  1011.1  1347.4  2019.8  4932.3 11729.1  65940.2    65892
read      475.7   379.8    93.8   169.4   193.5   364.4   484.6   573.8   656.5   773.3   935.4  1167.6  1590.9  3338.5 10493.7  39652.8    39560
read      471.8  1145.0    93.8   173.3   199.2   365.9   441.3   480.7   511.2   550.1   604.2   688.9  2619.4 16727.3 35141.2   9946.6    10016
read      466.3   416.3    86.8   169.1   193.6   348.8   458.9   542.1   622.4   739.5   911.6  1172.0  1682.7  3313.0 11592.7  55099.4    55224
read      462.6   555.6    93.8   166.8   191.3   388.2   494.4   571.0   628.0   693.5   769.6   899.9  1304.7  7159.1 30128.7  19886.2    19982
read      483.1   517.2    86.8   166.3   189.6   346.7   461.2   546.0   632.0   772.6   979.7  1289.8  1738.8  6194.9 12777.2  48115.6    48114
read      484.7   441.0    86.8   168.3   191.9   365.6   491.0   585.2   678.1   800.6   940.3  1129.4  1591.6  5030.0  9489.0  36320.8    36283
read      456.5   454.9    93.8   163.5   187.7   383.8   495.3   575.4   638.9   706.9   786.5   914.8  1310.9  4845.0 10820.2  23233.8    23315
read      442.7   735.0    93.8   167.3   192.6   370.4   452.1   498.0   531.4   571.8   625.5   723.9  1877.8 11997.7 30845.1  11151.6    11150
read      433.9   599.5    86.8   173.4   198.8   349.3   421.8   465.8   501.3   548.4   625.4   820.5  1860.2  8389.1 30637.2  98759.2    98724
read      449.0   385.5    86.8   166.7   190.3   338.7   434.0   502.5   565.6   662.4   845.5  1182.5  1776.6  3439.5  9079.8  56827.2    56880
read      460.3   844.8    93.8   169.1   194.0   383.0   471.4   526.1   566.6   612.3   669.5   764.2  1557.3 11167.9 32167.2  13408.8    13467
read      395.3   455.8    86.8   172.1   196.4   335.8   402.4   443.5   474.7   516.3   579.4   701.9  1576.6  5385.1 14592.6  99168.4    99368
read      460.2   488.6    86.8   164.6   188.3   345.2   449.1   521.9   592.9   707.5   887.3  1149.3  1612.1  4904.8 16270.0  46006.8    46206
read      433.4   383.3    86.8   168.3   192.3   337.7   421.4   476.7   526.1   601.6   745.7  1076.1  1776.7  4028.6  9251.7  71626.6    71651
read      415.0   342.4    86.8   160.9   182.5   353.3   443.4   494.6   541.4   616.3   729.7   890.5  1174.9  3666.0 12238.7  22831.0    22741
read      473.7   529.4    86.8   166.8   190.4   343.0   445.7   524.3   600.7   725.1   929.7  1240.4  1840.4  5772.8 16695.4  56693.2    56654
read      394.5   425.1    86.8   172.1   196.3   336.7   403.3   444.3   475.5   516.6   576.6   692.4  1616.7  5152.7 10596.4  99301.6    99570
read      473.8   580.2    93.8   164.9   187.9   376.5   485.0   566.3   638.5   721.2   817.1   963.6  1977.0  6277.6 23722.5  23037.6    23047
read      396.2   397.2    86.8   160.6   182.3   327.7   403.5   449.5   484.6   530.1   600.1   780.3  1772.1  4308.1 11702.5  70327.2    70008
read      474.5   438.5    86.8   165.8   189.8   353.1   471.1   562.0   649.0   774.5   946.0  1163.8  1606.3  4894.7 11906.4  42832.4    42943
read      471.8   443.3    86.8   165.9   190.0   350.1   463.7   547.7   637.3   765.6   944.7  1202.6  1649.1  3600.5 12572.2  46620.0    46704
read      426.5   623.3    86.8   163.2   186.2   337.1   414.4   460.1   495.6   542.6   617.5   800.3  2047.4  8225.9 28926.5  75590.6    75970
read      469.1   530.9    93.8   166.5   190.5   384.2   492.2   572.8   636.2   709.8   797.0   925.5  1442.9  7787.1 18052.0  21900.8    21917
read      459.5   750.3    80.4   170.3   194.5   351.1   428.2   474.9   513.8   567.1   653.6   996.6  2017.6  8971.0 31009.2  81793.2    82027
read      408.6   610.3    86.8   167.8   190.8   330.9   401.9   444.7   477.4   520.4   585.3   737.3  1760.9  7880.0 30489.6  81427.6    81583
read      437.9   912.5    93.8   162.9   185.1   360.2   434.8   484.4   524.1   577.3   640.2   739.4  1302.2 11145.2 36487.3  14312.8    14259
read      421.7   914.1    93.8   177.1   204.0   349.2   411.1   442.8   467.8   497.3   536.5   609.4  1669.1 10020.9 31857.9   7744.6     7821
read      483.2   843.1    93.8   164.4   188.1   379.2   481.9   555.2   610.2   672.9   747.6   872.9  2307.2  9417.3 32060.3  17628.8    17727
read      472.9   487.9    86.8   174.8   200.5   354.2   457.8   539.0   619.5   734.9   909.6  1183.1  1728.7  3381.5 17797.9  65497.0    65559
read      477.6   436.5    86.8   167.5   191.6   357.2   477.4   566.6   651.2   775.6   946.6  1182.3  1615.8  4329.0 10141.9  41217.0    41133
read      463.5   476.8    86.8   163.9   187.8   370.1   486.5   573.9   650.3   736.7   848.7  1007.5  1410.7  4660.5 12817.8  28820.0    28693
read      476.4   434.0    93.8   169.0   193.6   349.0   457.8   541.1   622.5   748.7   934.2  1250.3  1831.4  3605.4 12348.1  53120.4    53141
read      481.9   476.4    86.8   170.1   195.0   351.8   458.4   540.7   619.3   740.6   943.7  1271.6  1854.3  4340.7 11928.8  54547.8    54512
read      497.8  1111.9    93.8   163.3   187.8   372.8   466.6   527.7   574.4   626.5   690.5   806.9  3166.2 15207.7 32408.6  14879.2    14835
read      410.7   548.4    86.8   173.8   198.5   342.2   411.7   454.6   487.9   531.3   594.8   736.7  1685.7  7942.9 30210.3  98441.8    98446
read      455.2   480.6    86.8   162.6   186.1   351.6   461.2   538.0   613.9   719.2   863.2  1060.7  1474.2  5219.2 12593.9  38037.4    38117
read      451.0   653.0    86.8   170.0   194.0   349.5   429.8   477.5   515.3   569.8   660.9   979.1  2034.2  8536.4 30762.5  77875.2    77994
read      478.4   512.9    86.8   169.0   192.4   367.5   483.4   566.9   652.8   759.9   895.1  1069.5  1626.6  5419.0 22650.1  30256.2    30209
read      516.4   564.1    86.8   184.5   211.0   372.6   486.3   578.9   669.9   805.9  1011.3  1311.8  1990.1  6103.0 17098.7  68181.0    68315
read      453.0   747.0    86.8   179.5   205.9   361.6   436.8   482.8   519.4   570.5   646.2   810.7  1881.6  8962.8 31795.0  91956.2    91940
read      462.0   421.3    86.8   169.1   192.5   347.3   453.9   527.4   598.3   708.6   885.0  1159.3  1736.0  3716.3 11299.6  49400.6    49308
read      481.8   418.8    93.8   170.3   194.7   358.4   471.8   559.7   645.5   770.1   957.8  1234.5  1718.9  3929.6  9990.5  47059.8    46880
read      423.1   630.5    86.8   175.0   199.3   344.3   414.5   456.9   490.3   534.3   602.5   769.4  1841.9  8158.5 31027.9  92593.2    92540
read      460.1   383.1    86.8   169.0   192.8   348.7   451.3   525.1   594.3   704.0   894.2  1187.9  1661.4  3647.4  8829.0  49560.0    49396
read      443.5   773.6    86.8   180.7   206.9   354.2   424.6   467.5   502.2   548.3   621.9   781.2  1983.2  9093.6 31952.1  97894.0    97841
read      469.0   353.2    93.8   177.6   202.9   378.8   489.7   573.1   646.7   738.2   863.5  1057.0  1440.1  3393.7  9044.1  35278.2    35404
read      422.6   513.3    86.8   175.9   199.5   342.8   416.0   461.0   496.6   543.4   621.1   837.2  1890.3  5414.6 22864.4  80353.4    80451
read      401.8   412.2    86.8   175.3   198.9   336.4   405.0   446.9   479.2   521.9   586.1   734.2  1680.1  4299.6 12080.9  87199.6    87228
read      394.5   467.4    86.8   167.8   190.8   331.5   406.4   452.5   486.5   529.7   591.8   726.4  1478.8  5090.2 21261.1  75332.2    75554
read      464.4   387.7    86.8   172.2   196.4   346.1   445.5   517.6   587.6   699.6   900.7  1215.0  1822.2  3615.6  8794.3  57954.2    57964
read      436.5   615.9    86.8   174.5   199.0   345.1   419.5   464.8   501.2   549.7   630.4   870.7  1882.2  8409.9 30514.6  83727.4    83546
read      467.7   396.2    86.8   173.8   198.3   351.6   454.1   531.6   603.1   716.4   901.8  1194.1  1794.4  3581.3  9369.4  55411.6    55468
read      494.1   584.2    93.8   171.5   196.2   375.3   495.5   588.0   671.6   773.6   905.8  1095.8  1696.2  6841.3 25483.8  34102.0    34203
read      501.8   688.8    93.8   170.4   194.6   366.4   484.3   577.3   666.9   790.5   946.3  1156.7  1703.4 10767.1 29804.8  37669.0    37629
read      504.9   734.2    93.8   169.4   193.4   368.5   490.5   587.5   683.3   815.3   958.9  1153.0  1765.2  7332.0 31237.3  34571.6    34577
read      491.9   581.7    86.8   175.1   199.8   359.7   471.5   555.3   634.6   760.0   944.6  1224.4  1763.9  7076.2 20153.2  47353.8    47426
read      470.6   408.8    80.4   169.2   193.0   341.1   443.7   523.1   600.2   724.4   947.0  1305.4  1876.3  3281.0  8889.4  58872.0    58845
read      493.8   469.4    86.8   176.9   203.0   360.4   469.0   556.9   645.3   781.0   973.6  1260.5  1918.8  5256.1 12055.3  66994.0    66993
read      446.5   895.2    86.8   165.1   189.5   363.2   440.9   485.6   519.7   565.5   621.4   713.5  2501.1  9730.3 32364.4  11051.8    10977
read      501.6   560.5    86.8   169.9   194.8   358.3   469.3   560.8   650.9   790.1  1006.4  1328.1  1986.3  5800.0 19373.9  51389.4    51529
read      481.3   591.2    93.8   169.6   194.1   358.1   474.1   564.6   656.0   780.5   960.4  1213.9  1737.7  3213.6  9040.4  48310.4    48344
read      458.1  1449.3   109.4   179.3   204.1   325.3   376.5   404.3   426.1   451.6   487.0   570.7  3623.4 30811.0 34917.0   5929.0     5902
read      392.7   375.3    86.8   164.2   186.5   328.6   403.7   449.2   484.0   529.9   597.5   753.7  1622.4  4158.7  9700.8  71816.8    71602
read      485.6   509.9    86.8   166.9   191.0   357.9   478.5   571.1   661.2   786.0   958.7  1196.9  1665.6  4996.8 16286.6  41974.8    41886
read      482.8   533.1    86.8   164.0   186.0   337.5   446.2   526.3   613.4   767.9  1010.5  1344.5  1865.2  5586.7 16654.0  47282.2    47456
read      386.1   429.0    86.8   173.9   197.7   332.6   397.9   437.4   468.1   506.9   564.2   675.8  1458.0  5117.9 13119.2  94127.6    93939
read      422.3   502.4    93.8   168.3   191.8   374.9   448.3   490.3   525.7   579.9   661.3   800.7  1149.6  6044.2 16009.6  16864.8    16890
read      497.3   623.6    86.8   160.6   181.6   332.3   440.9   526.9   616.2   784.7  1090.2  1467.0  2043.6  5939.6 24927.3  45729.2    45689
read      475.3   436.2    93.8   163.4   186.1   359.0   474.4   561.7   647.4   776.4   947.7  1164.0  1611.0  4888.9  9437.7  32696.4    32790
read      497.6   553.5    86.8   164.9   188.7   353.3   470.2   566.6   666.9   830.0  1037.6  1294.7  1819.7  6758.5 16260.4  44032.6    44044
read      504.3   581.6    86.8   163.4   187.1   375.2   506.4   617.2   711.9   822.7   957.5  1151.9  1846.3  6425.5 25756.1  28196.6    28149
read      496.5   507.9    86.8   169.0   193.5   366.3   491.8   591.9   683.3   813.3   982.5  1221.3  1710.4  5150.2 12833.0  39808.6    39739
read      408.2   459.9    86.8   168.7   191.9   336.8   412.9   458.2   493.7   541.6   619.0   803.1  1661.0  5367.1 13904.2  72434.0    72475
read      415.0   623.4    86.8   175.2   200.0   345.7   415.6   457.8   490.7   533.3   594.6   715.2  1616.1  8484.5 30899.4  94001.4    93882
read      412.1   927.4   101.3   179.6   205.0   332.9   386.9   415.5   435.8   462.1   499.7   582.3  2168.1 10163.8 35593.8   6668.8     6692
read      494.5   667.4    93.8   175.2   198.3   347.8   452.1   528.2   600.1   725.4   956.8  1352.2  1971.9  8195.9 24635.5  50086.2    50406
read      397.0   489.2    86.8   168.1   191.1   329.1   400.2   444.2   477.5   522.6   589.2   741.3  1625.8  4911.3 22858.9  83097.8    83055
read      503.0   562.3    86.8   173.7   198.6   359.5   474.0   567.1   656.7   796.1  1008.7  1307.7  1911.9  6142.1 16639.1  55732.6    55609
read      470.0   850.5    93.8   168.5   192.5   384.3   483.5   550.3   602.6   659.2   731.5   857.0  1371.3  9815.9 33913.4  16932.2    16968
read      493.9   597.4    86.8   169.8   193.0   351.1   466.4   551.4   641.3   793.1  1016.3  1283.4  1766.7  6329.5 17543.6  42955.4    43031
read      485.1   846.4    93.8   164.5   186.8   380.0   483.8   567.8   632.0   698.0   780.7   905.3  2212.5 10246.0 32191.4  17249.4    17236
read      430.3   688.8    86.8   167.4   190.9   341.9   418.6   463.5   499.2   545.7   618.8   780.8  2017.1  8600.9 31467.7  81994.8    82183
read      463.9   410.6    93.8   164.1   188.1   352.3   462.0   538.3   610.2   721.0   909.9  1179.9  1667.6  3607.9 10150.2  42270.8    42212
read      488.5  1200.8    93.8   163.8   187.0   365.1   449.8   500.6   543.8   593.7   660.0   767.7  3346.9 24624.6 32460.5  12274.2    12244
read      512.4   555.5    86.8   177.0   202.6   360.8   473.9   566.1   659.7   804.0  1025.2  1405.9  2041.3  5789.3 13116.2  61673.2    61777
read      476.5   507.9    86.8   164.7   187.9   357.1   474.2   565.6   656.5   782.1   943.6  1151.3  1597.1  4519.0 19552.4  36970.8    36984
read      478.9   651.4    86.8   161.0   182.3   358.0   472.9   559.2   657.7   789.1   942.4  1116.1  1485.2  6753.0 31914.2  29089.4    29093
read      491.0   573.0    86.8   162.9   184.7   337.4   448.7   529.4   617.0   799.7  1081.3  1384.7  1855.8  6641.1 22236.5  41657.6    41715
read      475.4   502.3    86.8   164.0   186.4   349.7   467.5   553.5   645.2   781.3   968.2  1195.4  1604.5  5359.8 16160.2  34912.6    34838
read      483.4   491.0    86.8   173.6   197.8   352.6   460.0   546.0   631.3   757.2   950.0  1250.3  1862.8  5139.0 13795.4  63784.8    63574
read      479.6   576.2    93.8   165.3   188.4   375.5   489.4   582.3   669.3   762.1   871.3  1027.9  1541.4  5817.8 30034.6  24504.8    24401
read      486.1   712.0    93.8   163.9   186.1   349.3   465.5   551.6   652.5   814.1   981.7  1175.1  1523.7  6957.5 30984.1  31964.4    32025
read      415.1   516.9    86.8   175.8   201.9   348.7   419.3   462.3   497.1   542.9   614.0   760.1  1661.3  5934.5 23497.7  98923.0    98971
read      488.7   934.0    80.4   161.8   184.2   366.3   471.1   547.5   624.0   713.5   815.2   968.7  1796.5 13496.5 32456.5  23630.0    23657
read      467.4   507.4    86.8   177.5   203.2   362.2   454.1   516.8   573.8   655.9   803.3  1128.8  1848.1  5103.6 20000.5  67872.2    67877
read      439.8   401.9    93.8   170.2   193.9   345.4   435.5   493.2   540.9   608.5   731.9  1070.0  1736.8  4206.8  9549.4  53852.8    53849
read      460.9   682.8    86.8   174.6   199.8   356.9   436.4   485.7   525.4   579.5   670.8   991.3  2057.3  7992.7 31082.1  79478.0    79536
read      497.4  1079.1    86.8   168.6   191.6   380.6   475.2   544.5   601.4   665.9   745.0   874.4  2448.4 15448.0 32441.2  17100.8    17081
read      517.0   898.4    86.8   165.9   188.1   341.9   454.4   534.5   623.4   814.7  1086.2  1347.7  1850.9 13744.8 31688.3  39146.6    39024
read      512.7   929.4    86.8   168.2   192.4   380.9   495.9   585.2   666.3   760.6   878.1  1041.7  1749.0 14462.6 32008.1  26139.8    26125
read      506.4   724.0    93.8   173.5   197.1   371.7   489.1   577.5   671.9   803.0   968.7  1178.6  1668.7  8832.7 31062.3  33486.6    33388
read      493.2   827.7    93.8   173.1   196.6   390.3   495.5   578.7   644.3   720.8   809.5   942.0  1535.3 11069.4 35942.9  21024.6    20979
read      406.0   619.4    80.4   174.4   198.5   338.9   407.3   449.2   480.8   521.5   580.9   697.3  1661.6  7490.8 31106.5  95668.2    95865
read      394.0   514.3    86.8   167.7   190.6   326.1   395.9   437.8   469.9   510.5   574.5   725.1  1626.5  5316.6 18909.6  73932.8    73949
read      464.5   414.8    86.8   176.4   201.7   355.5   454.4   524.7   588.4   689.5   857.0  1152.9  1749.9  3945.1 11448.2  61070.4    60987
read      477.9   508.4    86.8   169.9   194.3   348.7   455.8   537.1   616.7   738.1   931.2  1246.9  1833.6  5303.1 15266.7  54326.8    54175
read      483.2   511.5    86.8   169.2   192.5   341.5   445.1   522.6   599.5   734.0   994.2  1352.3  1957.2  5199.0 17476.9  51459.2    51484
read      477.6   417.9    86.8   167.6   191.0   353.4   469.6   551.9   638.5   786.0   992.6  1254.3  1649.6  2985.5 10918.5  39886.4    39771
read      499.8   585.6    93.8   167.6   190.5   362.7   485.2   576.5   674.6   833.2  1018.9  1240.3  1682.2  6121.3 28584.6  32860.8    32864
read      488.5   623.4    93.8   166.8   189.5   351.4   465.3   544.5   626.3   764.0   975.7  1258.6  1767.3  6938.3 29548.9  42060.6    42033
read      473.1   422.1    93.8   169.0   192.1   351.3   465.0   545.6   626.8   754.9   947.4  1235.3  1706.6  3443.9  8813.4  43868.4    43808
read      477.8   462.8    86.8   171.2   194.7   352.7   460.6   537.8   614.8   747.4   966.5  1262.0  1733.2  3741.5 13986.0  45735.2    45785
read      500.3   577.7    93.8   176.9   202.7   382.7   497.2   576.0   652.3   768.1   935.5  1167.8  1799.3  5919.0 30301.9  35518.0    35582
read      501.3   690.3    86.8   166.4   190.1   356.2   470.6   551.7   638.6   770.4   962.1  1223.5  1868.2  9435.5 28905.9  38336.2    38504
read      451.8   818.8    86.8   168.1   192.7   375.1   464.1   518.9   561.2   614.5   679.8   786.3  1299.6  9959.6 32066.7  15394.8    15320
read      389.6   547.1    86.8   163.3   185.7   325.8   397.2   439.2   471.4   511.8   573.0   699.8  1373.7  7172.8 29337.6  74273.2    74264
read      481.2   550.8    93.8   162.6   185.0   343.7   459.2   540.1   626.8   760.4   966.6  1264.2  1789.6  6164.8 18439.1  43830.6    43890
read      472.9  1606.7   101.3   178.0   202.4   318.8   367.7   393.7   412.1   433.6   466.2   540.6  4641.1 30826.8 39847.7   5922.8     5962
read      503.9   708.4    93.8   162.6   184.7   342.5   455.9   538.7   631.9   831.5  1095.0  1357.4  1823.5  9758.5 29811.6  38176.2    38365
read      483.8   580.4    86.8   172.2   196.2   351.5   456.3   535.8   612.8   723.8   905.0  1237.2  1936.8  6414.2 27143.1  55894.4    55971
read      492.0   744.2    93.8   167.4   190.8   384.8   497.1   585.7   660.9   741.0   842.4   987.9  1586.5  9357.0 30511.8  23388.2    23217
read      448.9   660.3    86.8   175.5   201.0   354.0   428.9   474.4   512.1   565.0   648.0   917.7  1916.9  8330.1 30687.4  87569.4    87681
read      372.8   379.3    86.8   163.8   186.1   319.9   386.0   425.1   454.8   492.0   545.2   657.1  1528.2  4452.5 11096.7  91787.8    91728
read      375.5   446.6    86.8   169.6   192.9   328.8   396.7   436.3   466.6   503.8   555.6   644.5   973.1  5370.7 13730.2  96423.6    96668
read      428.2   521.3    86.8   168.3   192.1   339.7   415.4   460.8   496.9   546.1   630.8   935.3  1935.7  5145.3 16858.9  80572.6    80475
read      450.8   587.8    86.8   163.9   186.1   364.6   464.5   527.9   594.3   682.6   794.3   962.7  1375.7  6767.9 30503.8  27095.6    27150
read      476.7   517.9    86.8   164.3   187.1   333.6   437.0   515.7   591.5   729.8   990.9  1374.4  1945.5  4304.5 14223.6  53539.6    53444
read      390.1   496.8    86.8   168.0   190.8   352.0   433.5   471.0   497.2   527.8   568.7   639.7   941.3  5163.8 30382.5  23779.8    23737
read      353.5   230.4    86.8   171.3   194.1   323.6   387.5   424.9   453.2   487.7   534.8   615.6   824.9  1781.3  9072.5  87986.8    87776
read      356.8   217.0    86.8   173.3   196.3   325.3   389.4   427.4   456.7   492.5   540.8   625.5   853.3  2027.7  7630.3  82127.8    82175
read      353.6   191.8    86.8   175.4   199.1   327.2   388.2   423.6   450.5   483.8   530.2   608.8   799.7  1619.1  5895.4  98324.0    98548
read      380.1   355.3    80.4   169.7   192.9   344.6   426.6   470.1   501.4   537.5   584.5   658.8   846.4  3865.8 13161.9  37618.8    37704
read      364.8   254.1    86.8   167.3   190.5   332.3   403.5   444.6   474.0   509.5   562.5   648.1   887.5  2011.9  6623.7  64855.6    64701
read      361.6   207.5    86.8   165.9   188.5   330.7   401.9   443.0   473.1   509.0   560.3   645.9   875.0  1738.2  8009.4  69012.4    69089
read      351.2   206.9    86.8   172.5   196.0   322.9   385.8   422.9   450.8   485.0   531.9   610.7   797.1  1374.9  7852.5  89803.2    89785
read      374.2   347.2    86.8   171.1   192.8   360.7   424.7   454.9   475.2   500.0   533.7   591.2   779.8  4487.0 14559.7  16717.0    16676
read      368.9   249.6    86.8   171.4   194.5   333.9   406.8   448.9   480.3   518.7   569.8   657.9   897.1  1907.1 10040.5  69678.6    69604
read      351.5   211.2    86.8   176.2   199.5   324.5   382.8   417.2   443.1   475.3   520.8   597.1   822.6  1788.2  7547.6  99736.8    99682
read      354.2   287.1    80.4   175.0   198.3   324.5   385.1   420.8   448.1   481.9   528.7   607.9   810.3  1698.4 10056.0  97560.4    97693
read      366.4   220.7    86.8   172.7   195.0   360.7   423.1   452.6   471.3   495.4   526.2   580.0   729.2  2345.6  8062.3  17274.4    17381
read      387.0   224.0    86.8   173.3   197.3   354.5   435.0   479.9   513.0   553.0   606.1   689.3   914.3  2066.3  7955.8  40257.8    40069
read      362.2   404.7   101.3   188.8   214.7   352.2   390.9   410.5   426.0   444.1   468.6   516.0   697.3  4551.5 10704.7   8898.6     8841
read      383.1   335.7    86.8   172.1   195.7   347.6   424.7   467.2   499.3   538.0   589.8   677.4   873.2  2986.9 11940.4  56632.6    56576
read      369.1   234.2    86.8   166.1   188.2   354.3   429.3   462.6   486.1   512.5   548.1   610.9   777.6  2403.8  8831.8  21645.4    21599
read      381.1   263.1    86.8   172.6   196.1   345.4   422.7   466.9   499.6   538.1   590.2   679.0   919.4  2354.5  9873.5  52989.0    53003
read      380.7   276.1    93.8   172.5   194.9   361.1   432.6   466.4   490.4   517.8   555.4   626.5   836.0  4603.5  9300.2  19848.4    19831
read      491.8   821.1    86.8   181.6   207.8   353.7   430.8   483.6   530.7   601.5   749.9  1248.4  2996.6  7443.5 32000.5  80436.0    80340
read      454.2   472.9    86.8   167.1   190.2   373.4   481.2   552.9   617.4   698.3   798.5   947.7  1282.0  5683.0 14666.1  28715.0    28765
read      478.4   690.0    86.8   169.7   193.6   382.7   495.3   573.2   640.2   723.4   821.3   963.0  1466.5  6963.4 31346.3  25645.2    25572
read      478.8   546.8    86.8   167.3   190.8   365.9   486.6   572.4   649.6   755.8   893.7  1087.9  1603.1  6088.0 26989.7  36866.2    37071
read      541.0   907.3    86.8   187.0   214.2   368.8   462.7   536.1   608.6   734.7   973.5  1420.9  3225.8  7505.2 32376.2  75641.4    75819
read      477.5   502.1    86.8   168.4   192.3   356.4   467.9   552.1   634.5   751.9   913.8  1150.4  1722.3  4922.2 17966.0  44317.8    44359
read      527.7  1109.6    86.8   196.3   225.6   376.4   449.6   497.0   536.8   591.5   681.5   973.0  3997.8 11733.6 35333.3  95872.6    95960
read      499.2   765.8    86.8   172.8   197.7   353.6   451.1   523.9   592.5   706.5   898.9  1255.5  2560.4  7297.1 31543.4  59598.2    59630
read      502.2   661.6    86.8   175.3   200.6   366.8   473.9   557.1   634.8   747.0   919.3  1199.2  2672.9  5926.3 31137.0  48244.2    47930
read      510.0   798.9    86.8   181.3   207.3   364.4   461.2   536.3   608.8   720.0   907.0  1237.8  2522.2  7674.5 32103.0  65582.6    65545
read      523.7  1100.5    86.8   195.7   224.8   375.8   448.9   497.3   538.2   594.1   690.7   976.4  3742.8 10515.0 35806.5  94211.0    94038
read      489.2   698.6    93.8   172.5   196.3   355.9   457.0   534.3   606.1   715.8   891.4  1211.3  2180.3  5424.7 31707.7  51791.4    51806
read      485.9   634.7    86.8   173.1   197.5   358.6   464.2   544.7   621.7   733.3   905.4  1176.5  1865.5  5329.0 31453.3  48671.4    48712
read      452.1   691.1    86.8   176.2   202.2   387.9   468.3   517.5   554.3   601.0   656.5   745.3  1606.8 10365.8 31311.2  13077.4    13115
read      560.7  1017.0    93.8   195.0   223.6   381.6   469.3   536.0   600.4   704.2   913.8  1368.9  3486.9  8612.5 32473.3  76641.2    76569
read      452.7   569.6    93.8   171.2   194.5   388.1   483.7   545.6   599.7   658.6   730.1   840.3  1180.0  7030.9 31109.4  19396.0    19372
read      495.7   786.6    93.8   175.6   200.5   356.0   455.8   532.0   603.3   715.8   895.6  1208.5  2241.0  6037.5 32362.5  59265.4    59331
read      502.6   749.7    93.8   178.7   204.3   361.2   459.7   536.2   611.1   728.5   920.5  1247.3  2129.6  7237.5 32050.0  62407.6    62597
read      488.2   688.0    93.8   171.9   195.9   367.7   483.2   565.2   638.6   747.1   895.4  1104.0  1762.2  5669.3 31690.1  37619.8    37702
read      496.7   688.2    86.8   170.9   194.6   366.0   479.7   567.0   648.2   760.3   913.8  1145.3  1987.9  7881.6 31063.3  42021.4    41975
read      485.7   652.2    93.8   170.4   194.4   387.9   506.6   588.1   654.1   737.1   836.8   980.2  1474.8  9169.3 31163.4  26074.4    26100
read      569.4  1072.3    86.8   195.4   224.0   379.2   462.6   523.1   581.0   678.4   919.4  1530.8  3685.4  9958.5 32455.0  82460.8    82500
read      500.3   652.8    86.8   176.3   201.1   366.8   477.3   562.3   639.5   748.3   923.3  1220.0  2024.8  5712.9 30814.2  50909.4    50756
read      500.6   753.0    80.4   183.0   208.9   362.7   457.2   528.5   595.4   702.2   886.5  1212.7  2530.1  6411.4 32328.4  66618.2    66696
read      500.3   755.3    93.8   181.1   205.9   362.3   465.6   544.9   617.5   728.4   910.7  1196.4  2102.7  6411.5 31939.5  53493.4    53364
read      457.1   867.7   101.3   189.2   216.7   387.2   457.2   499.0   531.4   572.8   627.2   709.4  1289.9 10115.1 32325.8  10471.4    10413
read      534.5   812.7    93.8   196.3   223.6   385.7   487.8   566.9   638.7   751.0   931.3  1268.5  2963.6  7279.8 32059.1  64821.2    64876
read      523.1   798.0    93.8   193.6   220.7   376.7   476.1   552.7   627.8   738.6   920.7  1250.4  2477.5  7221.5 32042.2  69208.6    69079
read      486.6   746.5    93.8   175.1   198.8   399.4   501.4   571.4   625.7   688.9   771.4   899.8  1744.5  8228.1 31361.1  19518.0    19447
read      556.8   983.1    93.8   196.7   224.5   373.6   458.2   523.9   588.5   702.7   945.9  1463.2  3411.8  8742.8 32413.6  81137.2    81182
read      474.8   572.8    93.8   174.8   198.5   390.0   501.8   577.8   642.3   725.8   822.8   960.9  1309.5  5943.0 30619.2  25303.6    25265
read      399.9   601.4    93.8   177.9   204.4   355.5   409.4   440.2   463.8   494.7   542.1   626.4  1070.7  6205.9 30570.1   9733.2     9699
read      392.7   243.3    86.8   172.7   197.6   364.8   442.5   484.9   516.0   554.6   608.2   695.3   926.3  2064.6  7665.9  48710.2    48659
read      367.9   260.1    86.8   170.4   193.7   334.1   405.1   447.0   477.3   514.9   566.5   649.1   869.5  2542.9  9384.9  75235.2    75126
read      374.4   286.3    86.8   178.4   203.6   337.0   401.0   439.0   468.7   506.4   559.7   654.6   961.9  3224.3  9893.1  96634.4    96559
read      373.4   218.3    80.4   173.0   196.3   340.0   414.7   458.1   490.9   530.0   580.2   662.2   895.6  1693.3  8137.1  56034.6    55885
read      365.3   383.2   101.3   190.0   216.4   350.5   390.9   412.5   428.7   448.9   474.8   532.4   758.0  5186.7 12432.6   9010.2     9039
read      385.6   293.2    93.8   181.2   205.4   344.3   418.4   462.9   496.5   538.4   595.1   697.2   981.2  2630.5 10249.2  66131.4    66378
read      458.1   371.9    93.8   178.9   203.7   361.7   464.8   531.9   589.8   679.1   835.2  1125.0  1575.4  3210.1  8576.6  41250.0    41225
read      470.4   405.7    86.8   180.5   204.8   357.3   461.6   538.9   609.9   717.0   898.5  1206.0  1711.5  2683.7 12765.6  52314.0    52371
read      490.6   481.1    93.8   179.7   204.3   370.1   484.0   566.7   647.6   779.5   976.2  1217.9  1610.6  5525.5 11093.5  39908.4    39873
read      497.1   485.4    93.8   180.2   205.2   375.8   492.7   577.6   656.3   774.3   953.5  1188.2  1811.4  5042.4 14550.3  41379.6    41176
read      447.7   589.0    86.8   179.0   203.8   342.5   414.1   461.5   501.9   562.4   686.4  1111.6  1939.5  5842.2 30270.0  85624.6    85357
read      387.5   402.6    86.8   174.1   196.1   325.1   392.0   433.1   466.1   509.1   578.0   742.1  1517.8  4425.2 12211.6  85360.8    85391
read      379.7   453.5    86.8   178.4   202.2   330.5   394.2   432.2   461.5   498.4   550.2   646.4  1190.9  4244.3 19806.0  91817.4    91890
read      454.5   367.8    86.8   179.4   204.9   360.4   459.9   528.4   588.0   673.3   798.2  1057.5  1646.7  3814.1  9552.1  57684.6    57558
read      480.5  1151.9    93.8   180.1   205.8   376.3   453.3   498.0   531.8   572.7   628.9   731.9  2524.5 15811.6 37972.5   9952.2     9972
read      443.7   484.8    86.8   178.7   203.8   352.3   435.5   490.8   537.6   605.1   720.5   992.2  1811.1  5017.8 17363.4  74561.6    74636
read      449.8   434.3    93.8   171.3   194.0   360.5   468.0   534.2   591.9   690.6   836.4  1032.5  1385.8  3576.8 17585.4  29903.6    29773
read      482.0   414.0    93.8   183.8   209.2   367.6   475.1   555.0   629.7   737.8   911.7  1189.3  1769.6  3373.0 12567.5  63465.8    63494
read      481.6  1470.1   101.3   183.4   209.3   353.0   410.4   441.4   464.5   493.8   535.5   626.9  3744.1 30821.3 42947.3   7147.8     7201
read      488.5   631.8    86.8   172.7   196.3   351.0   457.4   533.6   609.5   731.0   943.0  1276.1  1875.5  7275.6 30321.4  49374.6    49507
read      466.6   466.1    86.8   175.7   200.7   355.7   459.6   535.7   607.0   704.4   860.4  1124.4  1746.1  3936.8 14431.5  65406.0    65454
read      383.6   404.1    86.8   166.1   189.0   326.2   395.1   436.4   468.1   507.8   568.6   695.4  1587.2  3743.3 16607.6  88595.6    88537
read      460.2   475.1    86.8   166.2   189.7   362.3   474.0   548.8   622.1   721.0   860.0  1072.3  1468.1  4010.7 15587.6  37132.8    36982
read      428.6   701.5    86.8   169.3   193.7   341.3   413.9   458.3   492.8   537.7   608.3   774.9  1880.7  9022.9 31560.1  88826.0    88964
read      396.5   577.5    86.8   168.3   192.0   330.5   397.8   438.7   469.4   508.8   569.2   690.6  1660.2  8289.1 30544.6  96448.6    96479
read      409.6   486.7    86.8   158.9   180.5   328.1   417.2   470.9   513.2   572.9   673.9   942.6  1443.9  4627.6 20503.4  47981.4    47883
read      469.5   451.4    86.8   163.1   185.6   335.7   442.1   519.4   596.7   728.8   970.2  1313.8  1844.1  4038.4 10141.5  50880.8    50650
read      400.6   563.0    86.8   165.4   188.9   326.1   394.5   435.6   468.1   511.0   582.1   765.7  1711.4  5735.3 30351.8  89155.4    89242
read      438.6  1260.9    93.8   170.7   194.6   329.3   387.2   416.7   436.8   464.0   501.9   572.0  2643.8 29269.6 32278.2   7351.6     7374
read      421.9   863.0    93.8   168.8   193.2   340.0   403.8   440.1   465.4   498.1   546.0   635.0  2481.1  9828.4 31662.8   8436.4     8507
read      476.6   606.5    86.8   163.6   186.6   337.4   442.7   518.1   593.4   721.4   940.8  1280.9  1849.2  7039.7 23291.3  50694.6    50676
read      467.3   589.6    86.8   165.1   188.5   339.7   442.2   518.1   588.1   702.5   894.5  1222.6  1809.5  5330.1 28673.2  57170.6    57069
read      428.6   448.1    86.8   164.2   187.3   341.0   436.9   495.4   543.4   614.9   739.8  1002.4  1493.1  4739.2 13381.5  43295.6    43520
read      363.4   260.6    86.8   163.4   186.2   329.9   404.6   446.9   478.3   515.6   563.5   639.3   867.1  2552.7  8659.4  56813.2    56720
read      352.5   194.9    86.8   165.1   187.7   323.0   392.1   432.1   462.3   498.4   545.0   624.9   828.1  1522.5  5976.5  68081.6    68155
read      366.9   290.4    80.4   165.1   187.8   332.8   408.3   450.7   480.4   516.5   564.1   638.6   841.3  2785.5 10941.1  60577.0    60444
read      391.3   380.5    86.8   175.8   200.2   343.0   416.7   461.1   495.2   536.0   591.5   694.8  1107.9  4608.8 10891.4  63990.2    63997
read      390.0   362.2    86.8   175.3   198.2   373.5   443.3   476.0   498.6   525.8   561.6   624.2   843.9  5231.4 14339.0  17204.8    17315
read      362.1   206.2    86.8   174.1   197.0   329.1   397.0   436.6   466.9   504.5   556.4   643.0   872.5  1718.5  7216.8  78578.2    78596
read      373.6   269.4    86.8   175.3   198.7   336.4   405.4   447.2   477.8   516.7   571.0   667.6   960.3  2457.0  9338.5  81322.6    81548
read      354.9   205.9    86.8   174.3   197.5   327.3   389.1   425.6   453.5   487.7   535.2   618.2   831.3  1487.9  6708.1  97400.2    97254
read      371.0   245.8    80.4   165.7   188.6   339.2   418.9   460.9   490.4   524.9   571.1   646.7   869.4  2485.1  7991.1  46167.8    46135
read      362.2   272.9    93.8   170.3   192.6   355.5   406.8   431.7   450.2   470.1   502.8   562.5   769.4  3867.3 10033.3  13471.0    13379
read      374.8   253.4    86.8   165.6   188.8   345.5   421.1   461.2   490.7   526.1   574.8   658.0   877.1  3035.8  7252.9  47076.2    46993
read      375.4   335.6    86.8   185.5   209.7   337.3   397.2   432.7   460.9   496.3   545.5   637.5  1013.9  3157.4 14234.9  98121.0    98274
read      377.8   320.4    86.8   174.2   198.0   337.5   405.6   447.7   479.3   519.8   575.9   670.2   954.0  3360.5 11740.5  96987.0    97056
read      376.6   264.1    86.8   163.3   184.0   336.4   418.0   463.8   497.4   539.5   594.6   683.0  1067.4  2898.6  9066.5  43358.8    43434
read      388.1   466.4    86.8   161.2   182.1   339.8   423.1   467.8   501.0   543.1   598.0   688.3  1117.3  5346.1 12874.0  36262.0    36406
read      390.0   436.3    80.4   176.6   201.8   345.7   415.6   456.7   488.1   527.8   582.9   679.3   956.4  5325.9 17444.9  98780.0    99121
read      374.3   380.6    86.8   166.4   189.1   329.8   401.3   444.0   475.1   514.9   571.1   667.9  1014.1  3764.8 11947.5  80808.4    80708
read      392.9   418.5    86.8   170.7   193.0   344.3   425.8   471.3   504.7   546.8   602.9   692.5  1095.9  4793.2 16442.7  40410.2    40517
read      387.2   409.2    93.8   168.3   190.4   341.4   422.7   467.1   500.4   539.7   591.0   678.2  1081.6  4080.0 15806.7  34307.4    34168
read      381.2   645.9   101.3   175.5   197.8   346.0   401.4   429.4   449.0   469.9   501.8   561.3   865.3  7266.4 31536.1  11843.4    11754
read      372.9   337.8    93.8   177.0   201.2   332.5   396.9   436.3   466.7   504.7   558.3   652.3   949.7  3199.5 11107.5  93380.6    93304
read      402.3   379.5    93.8   177.9   201.7   350.5   431.5   478.5   513.9   558.8   621.9   727.5  1122.2  4620.6 13323.6  64633.4    64697
read      395.8   368.5    93.8   194.9   219.8   348.1   410.6   450.5   481.1   520.6   578.3   685.5  1175.0  4350.2 14184.9  92392.4    92626
read      383.4   316.0    93.8   182.5   206.6   336.4   401.9   443.1   474.6   515.2   571.0   674.4  1207.2  3337.2  9085.7  75717.2    75618
read      398.9   395.3    93.8   184.8   209.9   345.5   414.4   458.2   491.5   534.1   595.1   723.9  1286.0  3759.1 13965.6  85852.4    85805
read      369.3   289.3    93.8   164.5   184.8   343.0   417.8   452.7   476.0   505.4   545.9   619.0   956.2  3722.6 10061.0  19011.0    18930
read      397.7   523.2    86.8   163.7   185.8   343.9   423.9   467.6   500.7   542.4   599.2   698.4  1313.9  5976.1 30286.5  50299.0    50153
read      374.8   546.2   101.3   174.1   197.3   339.4   391.8   418.2   435.8   459.2   489.7   544.7   943.2  8023.4 26653.2  10384.0    10377
read      399.5   327.3    86.8   167.1   190.0   360.6   444.7   489.8   523.6   565.3   620.8   709.6  1124.9  3444.3 13835.6  33098.6    33112
read      434.1   365.9    86.8   168.5   192.0   367.3   471.4   529.1   577.1   643.4   742.4   911.4  1271.6  4066.5  7965.3  28884.0    28777
read      471.6   547.8    86.8   166.5   190.3   348.4   459.6   538.6   616.3   737.3   926.7  1182.7  1669.1  5244.5 28562.7  45918.0    45709
read      418.5   470.2    80.4   169.2   192.6   336.4   412.9   460.7   498.2   548.6   633.3   873.0  1841.9  6226.4 12823.6  74359.2    74458
read      406.7   432.2    86.8   164.0   186.5   333.9   409.3   454.8   490.0   536.2   608.1   799.0  1819.4  4193.5 14653.7  73590.8    73596
read      436.5   427.4    86.8   165.7   188.7   363.0   464.8   528.8   589.4   674.3   780.4   929.3  1217.1  4513.2 15552.0  27959.4    28031
read      476.1   397.1    86.8   166.9   190.6   355.3   471.2   556.8   641.4   768.5   954.9  1225.5  1728.5  3300.9 10137.4  45826.2    45754
read      452.6   737.8    86.8   172.8   198.2   353.6   431.8   478.8   516.1   567.9   646.4   844.2  2183.6  8752.9 31718.2  80149.6    80138
read      489.0   630.1    93.8   176.5   201.8   358.7   454.7   525.3   588.7   690.7   881.8  1225.5  2165.3  6099.6 30572.2  64132.8    64350
read      484.9   474.5    93.8   165.8   188.5   338.7   447.8   531.0   613.4   753.8  1009.1  1393.3  1970.9  4444.6 11033.1  51762.6    51870
read      414.1   532.9    86.8   171.1   196.2   340.8   411.0   454.1   487.8   531.8   597.6   764.8  1869.4  5916.2 29670.3  81196.2    81106
read      357.6   190.8    74.4   175.3   198.7   328.5   393.1   430.9   459.9   495.7   543.7   625.8   830.9  1427.3  6655.4  81985.0    82064
read      375.0   238.7    80.4   168.7   192.5   348.6   430.7   470.4   497.5   529.2   570.9   638.6   821.6  1970.0  8121.2  30773.8    30534
read      376.5   342.9    86.8   166.4   189.9   351.6   430.9   465.9   490.5   519.2   560.3   629.9   802.3  4001.9 13185.5  25478.0    25449
read      359.6   218.2    86.8   168.0   191.5   331.3   400.8   440.8   470.5   506.7   553.9   631.3   818.5  1366.3  8233.4  67394.0    67525
read      386.2   242.3    93.8   171.1   195.0   359.2   442.5   483.9   511.4   543.1   586.7   660.3   862.0  3086.0  7625.9  27108.0    27070
read      368.6   213.7    86.8   165.7   189.5   342.7   418.9   460.1   489.5   522.9   565.8   635.0   811.4  1767.6  8387.9  40944.4    41133

Total QPS = 51694.9 (77542416 / 1500.0s)

Total connections = 64
Misses = 0 (0.0%)
Skipped TXs = 0 (0.0%)

RX 19152976505 bytes :   12.2 MB/s
TX          0 bytes :    0.0 MB/s
Warning! Detected max cpu usage > 95%
CPU Usage Stats (avg/min/max): 99.96%,48.99%,100.00%