Wed May 25 15:23:01 UTC 2022
Random waveform, supplied seed
Total number of intervals = 360 (5031, 54838, 74868, 30015, 40743, 23648, 97712, 53672, 55395, 29425, 15173, 82475, 90555, 47944, 28313, 28504, 22886, 35717, 14828, 81704, 55771, 85226, 75020, 12441, 56208, 17446, 86943, 49138, 49839, 47752, 27181, 6170, 7187, 99387, 91970, 79658, 59230, 78081, 64242, 37702, 40686, 30376, 38416, 65892, 39560, 10016, 55224, 19982, 48114, 36283, 23315, 11150, 98724, 56880, 13467, 99368, 46206, 71651, 22741, 56654, 99570, 23047, 70008, 42943, 46704, 75970, 21917, 82027, 81583, 14259, 7821, 17727, 65559, 41133, 28693, 53141, 54512, 14835, 98446, 38117, 77994, 30209, 68315, 91940, 49308, 46880, 92540, 49396, 97841, 35404, 80451, 87228, 75554, 57964, 83546, 55468, 34203, 37629, 34577, 47426, 58845, 66993, 10977, 51529, 48344, 5902, 71602, 41886, 47456, 93939, 16890, 45689, 32790, 44044, 28149, 39739, 72475, 93882, 6692, 50406, 83055, 55609, 16968, 43031, 17236, 82183, 42212, 12244, 61777, 36984, 29093, 41715, 34838, 63574, 24401, 32025, 98971, 23657, 67877, 53849, 79536, 17081, 39024, 26125, 33388, 20979, 95865, 73949, 60987, 54175, 51484, 39771, 32864, 42033, 43808, 45785, 35582, 38504, 15320, 74264, 43890, 5962, 38365, 55971, 23217, 87681, 91728, 96668, 80475, 27150, 53444, 23737, 87776, 82175, 98548, 37704, 64701, 69089, 89785, 16676, 69604, 99682, 97693, 17381, 40069, 8841, 56576, 21599, 53003, 19831, 80340, 28765, 25572, 37071, 75819, 44359, 95960, 59630, 47930, 65545, 94038, 51806, 48712, 13115, 76569, 19372, 59331, 62597, 37702, 41975, 26100, 82500, 50756, 66696, 53364, 10413, 64876, 69079, 19447, 81182, 25265, 9699, 48659, 75126, 96559, 55885, 9039, 66378, 41225, 52371, 39873, 41176, 85357, 85391, 91890, 57558, 9972, 74636, 29773, 63494, 7201, 49507, 65454, 88537, 36982, 88964, 96479, 47883, 50650, 89242, 7374, 8507, 50676, 57069, 43520, 56720, 68155, 60444, 63997, 17315, 78596, 81548, 97254, 46135, 13379, 46993, 98274, 97056, 43434, 36406, 99121, 80708, 40517, 34168, 11754, 93304, 64697, 92626, 75618, 85805, 18930, 50153, 10377, 33112, 28777, 45709, 74458, 73596, 28031, 45754, 80138, 64350, 51870, 81106, 82064, 30534, 25449, 67525, 27070, 41133, 28009, 64235, 16387, 62388, 40199, 16884, 55763, 41925, 42341, 93577, 7657, 14232, 30107, 71078, 85372, 54930, 5750, 80137, 41449, 17301, 19930, 41776, 8596, 30870, 69978, 23908, 9848, 71598, 77156, 14083, 87786, 57205, 53142, 77998, 98830, 32447, 74382, 32271, 55273, 68152, 25419, 43187, 60608, 62150, 30864, 69566, 38183, 51253, 53027, 37133, 73413, 78811, 88317, 46504, 46147, 35073, 18693, 46834, 76427, 96007)
Average QPS expected = 51278
Timestamp start: 1653492183097
Timestamp end: 1653493983711

#type       avg     std     min      p5     p10     p50     p67     p75     p80     p85     p90     p95     p99    p999   p9999      QPS   target
read      483.1  1405.1   109.4   201.2   230.8   358.1   401.1   425.1   442.4   465.7   500.6   587.8  3576.4 29874.1 39868.5   5086.4     5031
read      514.4   709.7    93.8   200.8   229.7   409.1   512.5   586.4   649.6   730.4   838.0  1043.5  1716.6  9611.7 31261.2  54600.0    54838
read      416.3   482.5    93.8   187.5   213.1   354.2   424.4   465.6   497.4   538.2   600.6   756.6  1532.0  5362.3 20628.9  74863.4    74868
read      496.7   955.3    93.8   184.3   211.8   395.8   484.7   534.2   577.4   637.6   727.7   869.4  2207.2 14329.2 36063.4  29994.0    30015
read      492.0   556.7    93.8   191.0   220.4   412.7   515.2   584.5   643.8   718.2   806.6   957.1  1473.1  8161.4 21976.6  40774.8    40743
read      510.3   861.4    93.8   190.1   218.7   414.5   510.3   577.8   627.2   686.2   754.9   877.4  2129.5 10225.3 32041.9  23615.0    23648
read      456.1   659.6    93.8   199.7   227.1   366.3   428.9   467.3   499.7   543.8   624.8   918.8  1960.9  8205.2 31268.3  97683.0    97712
read      456.5   486.1    93.8   187.8   215.5   381.7   470.9   527.2   571.8   632.1   728.0   902.4  1628.8  6084.6 19407.6  53733.8    53672
read      484.7   557.3    93.8   195.6   224.3   400.0   500.4   567.5   622.5   697.0   793.9   962.7  1551.9  6528.9 28605.4  55534.6    55395
read      501.7   695.2    93.8   190.7   220.0   415.6   516.1   583.8   637.6   708.3   785.7   914.6  1770.4  9142.7 31652.0  29378.2    29425
read      498.6  1031.7    93.8   182.4   208.3   395.9   487.6   538.4   573.3   614.7   672.1   773.0  2805.8 12436.2 36519.9  15104.8    15173
read      442.6   638.2    86.8   186.9   214.2   358.1   426.0   467.4   500.5   545.5   624.4   854.3  2048.2  7290.6 30979.9  82256.8    82475
read      396.8   486.3    93.8   185.5   211.0   344.0   403.4   438.5   466.0   499.5   545.9   653.1  1574.4  5149.5 28549.7  90630.8    90555
read      403.0   537.7    93.8   175.8   200.2   349.2   426.3   469.6   499.1   533.5   580.7   675.6  1138.2  6612.0 27154.0  48121.4    47944
read      495.8   638.7    93.8   190.1   219.8   420.6   523.0   591.6   651.5   718.1   793.0   918.8  1370.3  9165.2 30766.3  28268.8    28313
read      526.9   948.1    93.8   191.6   220.0   414.8   514.9   583.0   641.9   708.9   791.7   929.7  2296.2 11916.7 32342.2  28648.8    28504
read      500.6   811.1   101.3   186.2   213.8   409.5   507.2   573.6   625.9   688.3   762.1   881.2  1933.5 10050.2 36233.2  22909.0    22886
read      495.6   636.8    93.8   191.3   219.6   411.7   512.1   581.1   640.0   715.0   802.2   943.8  1513.0  8451.4 31159.7  35523.2    35717
read      541.3  1306.1    93.8   183.4   211.3   404.5   493.9   546.8   582.1   624.0   680.3   783.0  4049.8 19735.2 35625.7  14800.4    14828
read      440.1   522.4    86.8   189.4   216.5   361.7   432.7   478.2   516.0   570.2   669.6   899.9  1671.8  6315.4 24018.3  81531.4    81704
read      453.6   560.4    93.8   186.9   214.3   374.9   461.7   516.0   561.2   623.9   722.6   904.6  1514.5  6323.4 29531.3  55756.4    55771
read      400.6   500.0    86.8   183.4   208.4   341.4   403.2   440.5   468.4   506.7   564.6   715.5  1479.3  6279.1 25372.0  85270.8    85226
read      435.8   556.1    86.8   186.4   212.3   360.1   434.0   479.7   516.8   567.2   651.4   855.7  1644.0  6502.6 30540.1  74943.0    75020
read      426.8   684.2    93.8   177.6   202.9   375.9   425.6   454.0   475.2   507.2   549.9   639.3  2236.6  7954.7 31547.7  12485.2    12441
read      492.0   620.7    93.8   195.6   223.8   397.6   496.6   562.5   618.2   694.4   803.5   997.8  1580.1  8529.3 30047.2  56243.2    56208
read      507.6   954.8   109.4   194.4   222.3   411.6   509.4   568.5   611.7   661.6   725.4   835.9  2021.1 12848.5 35242.1  17422.2    17446
read      434.9   550.7    93.8   191.4   218.1   355.2   420.9   461.5   495.0   539.8   621.0   873.9  1816.5  6008.6 30417.1  86965.2    86943
read      441.7   376.0    93.8   186.0   212.9   377.9   465.5   521.0   565.0   626.7   721.5   874.4  1329.9  4471.9 10071.3  49177.8    49138
read      509.4   657.7    93.8   198.0   226.2   404.6   511.8   583.5   647.9   731.7   843.0  1053.6  1737.5  9096.7 31556.6  49720.6    49839
read      492.9   470.5   101.3   195.4   225.0   410.7   514.5   584.9   644.4   726.8   829.2  1009.2  1490.1  4933.8 16789.2  47607.6    47752
read      509.9   826.7    93.8   185.7   214.1   410.1   508.6   574.9   627.5   689.1   768.8   903.3  2236.9 10963.1 31573.2  27315.6    27181
read      530.5  1598.5   101.3   194.3   224.7   374.4   422.4   450.3   470.8   498.4   536.5   623.0  4903.9 31081.9 39637.7   6151.2     6170
read      525.3  1475.1   101.3   191.4   219.8   377.7   428.4   458.1   481.0   509.1   550.1   664.9  4359.3 30777.6 36508.2   7114.8     7187
read      398.4   453.8    86.8   195.7   221.8   349.4   405.7   438.7   464.5   497.6   544.6   649.8  1358.1  6329.9 12824.2  99083.6    99387
read      421.8   569.4    86.8   190.0   216.6   353.3   416.1   453.3   481.9   521.0   581.9   748.5  1708.9  7806.9 29798.1  91977.6    91970
read      446.4   622.5    93.8   188.2   214.7   356.6   426.3   469.2   505.9   557.6   655.4   932.8  1869.2  7382.8 31132.1  79604.8    79658
read      382.3   390.5    86.8   179.6   203.9   342.0   411.1   450.6   478.9   514.6   560.4   633.7   971.1  4533.5 12536.2  59111.0    59230
read      460.8   573.9    86.8   196.8   223.5   372.9   451.3   501.6   544.4   602.8   705.7   962.6  1817.6  6809.8 30416.9  77980.2    78081
read      448.1   402.8    93.8   192.2   219.7   377.0   459.8   512.3   557.1   618.4   722.0   922.8  1483.5  4711.5 12502.2  64052.6    64242
read      512.4   609.8    93.8   198.4   226.9   419.1   526.1   600.6   665.3   745.2   843.5  1015.3  1653.4  7858.5 30152.7  37561.8    37702
read      514.0   586.4    93.8   199.5   228.1   418.0   528.7   606.1   670.0   750.6   855.3  1034.8  1647.9  8324.6 29533.6  40606.6    40686
read      506.8   662.9    93.8   193.3   221.7   416.1   518.0   587.4   645.6   723.8   819.0   975.2  1649.3  9071.8 30940.0  30357.0    30376
read      482.4   544.7    93.8   190.5   218.9   406.6   506.2   576.1   628.9   699.9   790.1   935.5  1382.6  6951.9 29979.5  38364.4    38416
read      506.4   532.7    93.8   207.5   236.9   415.1   517.6   589.5   649.0   727.7   838.0  1035.9  1601.8  8097.9 19346.4  66056.4    65892
read      491.3   481.6    93.8   192.2   220.7   411.2   514.0   586.0   647.9   728.9   830.9  1011.6  1448.0  5208.2 22234.8  39551.2    39560
read      516.5  1327.6    93.8   191.0   219.7   403.0   471.1   510.3   540.6   574.5   619.7   716.4  2729.8 28943.2 37927.5  10081.0    10016
read      493.4   558.4    86.8   194.5   222.8   395.8   499.6   572.9   633.8   717.0   832.9  1054.7  1658.6  7644.6 30382.5  55115.6    55224
read      522.5  1061.7    86.8   188.0   216.3   413.9   506.7   574.5   621.1   677.9   746.9   859.9  2290.3 12703.1 36690.7  19978.2    19982
read      502.1   636.1    93.8   195.3   223.4   401.7   503.8   575.7   635.1   716.0   826.9  1023.0  1698.2  8346.6 30763.0  48013.2    48114
read      500.3   672.2    93.8   192.0   220.5   411.1   510.7   579.4   634.9   710.4   804.2   964.1  1718.9  9016.2 31440.4  36195.0    36283
read      493.7   714.0    93.8   187.8   216.4   411.0   501.8   569.3   616.9   672.4   739.5   852.5  1846.8 10113.5 30816.2  23343.2    23315
read      543.7  1473.6    93.8   184.7   211.9   399.8   471.1   511.3   539.9   572.2   614.4   702.4  4152.3 29783.9 36679.4  11156.2    11150
read      434.7   548.0    93.8   197.5   224.8   365.2   428.1   465.2   495.6   535.8   597.7   782.4  1709.5  6734.3 28535.3  98661.0    98724
read      454.9   469.6    93.8   189.6   217.6   381.4   470.2   526.8   574.0   636.8   736.4   906.1  1455.0  5394.9 14944.6  56806.0    56880
read      555.4  1529.3   101.3   185.7   213.1   409.9   492.7   541.9   574.7   612.6   664.6   765.4  3757.4 28263.8 46950.0  13421.6    13467
read      412.8   464.8    86.8   192.8   219.5   352.8   412.5   449.1   476.8   514.4   574.4   723.1  1626.8  5124.0 15822.2  99099.2    99368
read      466.0   418.2    93.8   186.7   213.6   387.3   482.5   544.8   596.5   672.3   780.7   975.5  1512.2  4757.2 11953.7  46085.8    46206
read      515.2   555.0    93.8   211.0   240.9   416.9   518.6   591.8   652.3   733.0   850.2  1068.8  1822.2  6344.5 28553.8  71596.2    71651
read      509.4   866.1    93.8   186.2   214.2   413.3   509.1   576.4   627.8   686.1   762.8   896.3  2198.9 11062.1 35907.2  22773.2    22741
read      494.3   462.4    93.8   197.8   226.5   404.1   506.7   580.4   641.0   724.8   838.1  1036.0  1600.1  5627.3 13904.1  56696.2    56654
read      438.7   638.2    93.8   198.3   225.2   364.6   427.1   465.2   495.4   535.0   597.8   771.5  1717.8  8524.7 31274.0  99615.2    99570
read      484.4   682.7    93.8   185.0   212.3   411.7   499.2   553.7   604.0   671.9   756.2   891.7  1643.4  8699.4 31676.5  23037.6    23047
read      496.8   523.1    93.8   204.6   232.7   404.7   505.2   577.6   636.5   715.9   824.5  1021.4  1599.7  7515.9 18044.5  69982.6    70008
read      480.0   512.9    93.8   187.5   216.2   403.4   501.8   569.7   626.4   698.8   792.5   942.0  1460.6  6491.1 20279.5  42854.8    42943
read      504.7   692.0    93.8   192.2   221.7   402.7   505.0   575.4   633.0   709.8   818.4  1012.2  1684.2  9507.6 31388.4  46743.6    46704
read      484.1   579.6    86.8   199.8   228.0   389.7   478.6   541.3   598.7   679.3   796.9  1027.0  1669.2  6654.4 30228.4  76211.8    75970
read      412.5   367.4    93.8   178.2   203.6   387.2   460.7   494.3   518.2   547.8   599.8   706.3  1064.2  3854.2 12305.5  21827.8    21917
read      387.2   479.9    86.8   182.2   206.7   339.3   400.6   435.8   462.9   496.2   543.1   642.9  1165.9  6237.4 14935.2  82189.0    82027
read      397.9   556.9    86.8   179.1   204.3   339.0   401.8   438.4   466.3   501.2   549.4   667.2  1514.9  8406.6 29126.1  81753.4    81583
read      455.0   827.2    93.8   184.6   209.5   396.2   455.7   492.3   522.2   562.0   620.9   720.2  1407.4 11861.1 36212.8  14266.4    14259
read      548.5  1656.2   101.3   190.0   218.5   391.8   447.3   476.0   497.9   525.9   569.5   664.1  4804.0 30960.9 46092.3   7833.8     7821
read      546.6  1186.9   101.3   187.5   215.5   414.7   508.2   564.7   606.5   654.6   722.1   851.9  3837.7 15869.5 35445.1  17729.8    17727
read      494.9   457.4    93.8   206.1   235.1   406.2   505.7   575.7   635.8   716.0   826.7  1033.7  1613.6  5028.7 12619.0  65444.8    65559
read      504.1   618.8   101.3   193.1   221.4   413.1   518.9   591.6   651.3   731.0   833.0  1002.8  1539.4  8397.0 30829.8  41099.4    41133
read      511.3   713.3    93.8   190.3   218.7   421.1   525.1   599.7   658.6   729.4   817.0   955.8  1819.2  8118.1 31640.5  28672.2    28693
read      506.8   719.0    93.8   195.2   223.6   397.0   499.4   570.7   631.2   710.2   814.6  1012.1  1882.2  9198.2 31112.0  53170.0    53141
read      502.2   517.8    86.8   196.1   225.8   406.8   511.8   587.7   652.6   735.7   846.6  1049.1  1714.9  6268.1 15010.4  54587.0    54512
read      534.5  1182.0    93.8   186.0   212.9   406.6   495.3   549.0   587.2   631.0   686.8   801.4  3892.5 16141.3 32485.9  14890.8    14835
read      402.6   483.9    93.8   190.8   217.2   346.6   404.5   439.0   465.8   500.5   550.7   680.6  1567.7  5567.7 18819.8  98224.4    98446
read      469.9   501.8    93.8   183.9   212.0   397.5   490.7   550.0   603.3   675.1   770.8   925.3  1446.0  6566.9 17134.2  38017.4    38117
read      430.1   417.0    93.8   189.0   215.3   362.4   435.8   481.9   519.2   571.6   657.5   870.8  1555.8  4330.4 13657.4  77856.6    77994
read      442.6   399.4    93.8   181.0   207.2   389.3   475.0   523.0   562.3   621.4   711.5   847.9  1228.4  5593.5 10037.0  30257.6    30209
read      486.2   437.3    93.8   202.8   230.4   400.2   498.1   566.0   623.1   696.6   806.8  1015.0  1576.1  5489.3 13818.5  68341.6    68315
read      403.0   558.0    86.8   187.0   211.9   343.6   403.0   437.8   465.1   499.5   548.5   678.6  1510.4  7276.3 30288.7  91801.8    91940
read      484.3   667.5    93.8   191.0   219.1   393.2   489.3   549.7   605.3   678.5   788.6   977.1  1542.1  9842.9 31029.4  49431.2    49308
read      518.5   642.5    93.8   198.0   227.1   413.8   524.3   602.9   668.0   751.5   871.9  1087.7  1733.6  8827.0 29687.7  46897.0    46880
read      415.9   473.2    93.8   196.3   222.2   356.2   418.7   456.5   486.1   524.0   580.5   708.9  1673.4  5445.7 15415.4  92511.4    92540
read      480.3   647.5    93.8   190.6   218.6   389.4   484.1   542.8   592.5   662.4   766.0   958.6  1605.9  8830.4 31239.9  49447.8    49396
read      434.9   585.8    86.8   195.1   221.8   357.0   418.1   454.5   483.2   522.4   588.0   838.7  1824.9  8271.3 30122.0  97813.4    97841
read      470.1   505.3    93.8   188.8   215.5   401.0   494.5   550.2   597.0   661.4   757.9   919.2  1416.0  6391.2 24533.2  35377.4    35404
read      406.4   418.9    93.8   184.9   210.3   346.9   414.0   452.8   482.7   522.0   583.0   746.2  1611.7  4268.9 11720.9  80537.8    80451
read      415.9   600.2    86.8   184.0   209.6   346.6   411.2   449.3   477.8   514.8   571.8   713.9  1700.6  8446.0 30148.1  87176.4    87228
read      460.9   418.0    93.8   195.4   224.3   382.5   465.2   519.8   565.3   630.7   741.5   963.5  1656.6  4624.7 12841.7  75550.4    75554
read      387.4   408.4    86.8   177.3   201.7   344.4   420.1   462.7   492.8   527.3   570.8   639.3   973.0  5000.4 11709.1  57852.6    57964
read      407.2   505.0    86.8   186.9   211.5   344.4   409.5   448.4   477.4   516.1   575.7   727.6  1582.1  6084.3 27986.5  83358.8    83546
read      458.6   516.6    86.8   189.8   217.3   383.4   471.2   528.6   574.3   638.3   742.6   926.6  1439.4  6398.7 29309.7  55444.0    55468
read      494.1   525.4    86.8   192.4   221.1   416.5   519.3   587.9   645.3   718.2   806.1   961.8  1434.3  7251.4 13320.7  34081.6    34203
read      499.7   525.9    86.8   191.9   221.7   420.3   526.3   596.6   655.8   731.2   828.6   996.2  1471.4  6464.7 16544.1  37579.2    37629
read      506.3   532.7    93.8   192.0   220.6   422.0   530.6   604.8   668.3   747.7   849.1  1013.3  1717.6  5337.3 26229.8  34806.0    34577
read      493.9   548.9    86.8   192.3   221.5   408.0   512.0   581.7   638.5   716.0   816.4  1008.7  1521.4  7084.4 26217.2  47228.4    47426
read      481.4   419.3    93.8   197.6   225.2   399.0   498.6   567.4   626.9   703.0   808.5   999.7  1537.4  4568.9 12635.3  58796.8    58845
read      499.1   375.4    86.8   207.4   236.5   413.7   516.8   588.9   650.1   729.4   843.0  1048.2  1630.6  4551.9  9737.7  66927.8    66993
read      475.0   810.6   101.3   188.2   215.1   407.6   479.0   519.9   547.5   582.9   631.7   731.6  2448.3  8703.3 32398.9  11040.6    10977
read      485.2   374.2    93.8   195.3   224.4   409.3   512.2   582.6   639.7   712.4   812.5  1006.9  1532.2  3425.6 10706.8  51360.2    51529
read      485.1   456.6    86.8   192.5   221.4   404.5   505.5   575.1   631.8   703.3   801.6   979.5  1556.2  5723.2 13639.2  48399.0    48344
read      478.6  1501.8   109.4   189.3   216.2   358.8   405.3   428.7   446.6   468.7   501.2   569.7  3093.3 31210.2 40005.7   5908.8     5902
read      489.5   394.0    93.8   204.6   233.5   409.3   511.6   583.9   642.5   717.8   817.0  1001.9  1529.6  4322.4 12058.3  71378.0    71602
read      481.7   407.2    93.8   187.4   215.6   405.8   510.5   583.2   643.6   725.8   835.7  1000.5  1448.3  3636.2 13985.7  41868.6    41886
read      389.7   401.9    86.8   185.0   209.7   347.3   422.0   464.1   494.8   529.7   573.9   651.7   986.7  3822.9 12593.3  47393.6    47456
read      423.7   518.7    93.8   196.0   222.2   357.2   424.1   465.1   497.7   540.3   605.8   758.8  1693.7  5433.2 27893.0  93961.0    93939
read      434.9   561.4   101.3   178.1   202.6   400.7   466.0   501.1   528.9   565.2   624.2   736.8  1253.5  7778.5 28468.7  16952.0    16890
read      476.5   475.5    86.8   187.7   215.9   398.2   496.3   560.1   615.7   690.6   795.3   976.1  1490.5  5880.0 14662.7  45605.4    45689
read      486.2   426.1    93.8   187.4   216.7   415.9   517.5   587.6   647.5   716.6   809.7   977.6  1442.1  5153.0 12864.9  32850.8    32790
read      500.0   492.3    93.8   190.1   219.5   409.1   516.1   590.7   658.2   745.0   860.1  1066.9  1635.4  5782.6 16249.8  44067.8    44044
read      483.5   464.6    93.8   188.1   216.0   412.2   509.6   577.8   631.8   697.9   778.7   919.7  1638.9  4869.0 14905.7  28285.6    28149
read      488.8   534.0    93.8   189.1   218.0   412.1   511.8   581.6   641.3   715.3   810.5   979.4  1452.6  5097.7 19278.0  39604.2    39739
read      427.0   561.1    93.8   182.7   208.5   356.4   430.5   475.0   509.4   556.4   632.5   808.5  1569.3  7135.5 30388.8  72501.2    72475
read      402.7   547.0    93.8   186.6   211.4   345.8   406.8   441.8   468.0   501.8   548.0   647.7  1571.8  6917.3 30125.7  93654.4    93882
read      412.4  1080.0   101.3   182.3   207.2   339.6   383.0   405.6   424.5   447.4   482.3   546.4  1420.5 14562.4 35725.4   6720.6     6692
read      491.4   434.8    93.8   191.1   220.0   403.4   507.6   580.0   642.7   727.8   847.9  1051.7  1593.4  5230.7 13302.1  50261.6    50406
read      414.5   495.7    86.8   179.7   205.3   346.1   412.0   450.8   480.6   520.5   586.0   795.2  1685.4  5957.6 16202.5  83011.8    83055
read      467.5   444.2    93.8   190.1   218.4   391.7   484.8   543.7   591.5   664.4   775.2   977.8  1524.5  4576.0 13712.5  55663.2    55609
read      486.7   810.5   101.3   182.4   209.1   409.1   498.9   552.6   589.7   636.5   692.0   794.8  2349.3 11445.2 31759.4  16888.4    16968
read      494.3   620.4    93.8   187.5   217.1   409.2   510.6   578.8   636.8   712.7   812.9   998.2  1479.6  6892.2 31358.9  43086.8    43031
read      498.6   873.8   101.3   185.4   213.1   411.4   503.3   560.1   598.6   647.4   708.6   821.6  2279.8 13445.4 31682.9  17364.8    17236
read      440.6   511.1    93.8   185.5   212.5   358.8   430.8   475.4   513.0   567.3   667.0   927.0  1742.9  6934.3 14088.9  82246.2    82183
read      465.3   407.1    86.8   184.9   212.1   392.9   489.0   548.0   599.0   675.1   783.9   973.1  1450.3  3896.3 12425.6  42148.6    42212
read      499.7  1158.8    93.8   181.8   207.0   405.3   481.7   523.0   550.5   584.7   634.6   735.3  2492.9 18927.4 32317.5  12349.8    12244
read      491.5   497.0    93.8   196.9   225.9   402.2   506.0   581.0   642.6   725.8   842.6  1049.0  1559.1  4193.8 14957.8  61574.8    61777
read      489.6   456.6    93.8   190.0   219.5   416.9   515.4   584.7   648.4   726.8   826.5   991.6  1365.5  5745.3 13937.4  36769.2    36984
read      480.2   400.0    93.8   187.8   216.6   412.7   509.4   578.7   638.4   710.6   806.0   963.3  1420.8  4678.8 11867.0  29039.6    29093
read      487.8   435.5    93.8   187.8   217.1   411.0   515.3   586.1   647.5   723.5   826.2   996.4  1474.6  5854.9 10947.0  41846.4    41715
read      487.2   438.2    86.8   186.8   215.9   417.7   520.7   591.2   654.0   728.7   827.6   977.1  1393.6  4164.5 15976.0  34976.4    34838
read      496.4   410.8    93.8   201.0   230.5   409.8   513.1   587.1   652.3   734.4   854.8  1058.1  1556.0  4647.4 10989.5  63633.8    63574
read      476.5   545.6    93.8   186.8   215.1   413.1   506.2   571.6   624.5   682.3   751.6   864.7  1284.2  5965.2 20207.5  24379.8    24401
read      513.4   730.8    93.8   187.0   215.6   415.7   518.0   591.4   657.8   735.0   842.6  1010.0  1609.8  9769.7 31532.2  32000.2    32025
read      426.9   610.3    93.8   190.6   216.8   351.9   413.7   451.0   479.5   517.5   579.1   750.9  1766.8  8619.8 30205.8  99211.2    98971
read      463.0   746.3    93.8   180.4   207.5   396.4   468.9   514.4   558.6   622.7   709.1   846.0  1358.8  8959.3 31877.7  23711.6    23657
read      489.9   519.9    93.8   201.3   229.4   400.9   500.5   569.3   629.0   706.5   815.1  1012.0  1561.8  6667.9 24078.4  67640.0    67877
read      493.7   488.0    86.8   195.2   224.4   408.3   515.1   588.5   652.5   732.4   845.4  1044.1  1525.5  4069.1 14803.3  53876.4    53849
read      413.9   348.2    86.8   183.6   209.0   350.7   418.6   458.5   489.9   531.2   597.5   813.1  1712.4  4028.0  8909.3  79571.0    79536
read      465.5   793.5    93.8   180.3   206.0   400.4   474.4   527.7   567.2   611.8   671.5   769.4  1382.4 10648.2 35462.6  17042.2    17081
read      522.3   765.7    93.8   192.8   221.9   416.8   521.4   592.8   660.1   743.8   861.3  1058.5  1758.0 10796.0 31833.0  39213.8    39024
read      542.1   969.5    93.8   188.4   217.7   417.9   516.2   586.1   646.2   718.1   809.3   970.1  3038.2 12941.9 32299.1  26167.8    26125
read      506.5   653.4    93.8   190.4   218.7   416.1   518.1   587.2   648.8   724.3   826.1   994.9  1724.3  7814.6 31028.2  33322.6    33388
read      518.0   934.1    93.8   187.9   215.4   418.2   517.5   585.2   635.6   694.9   774.5   916.1  1665.6 12600.5 34707.9  20964.4    20979
read      437.4   609.5    93.8   195.5   223.0   362.4   425.8   463.8   494.4   534.6   598.6   786.0  1759.1  8589.4 30125.1  95732.8    95865
read      400.5   399.1    86.8   183.1   208.1   348.2   418.5   459.1   490.5   530.9   590.3   732.5  1262.0  4397.3 13948.9  74001.8    73949
read      441.3   418.6    93.8   187.0   214.2   373.5   456.7   506.5   546.1   600.4   690.0   882.8  1496.9  4655.4 13616.9  61287.2    60987
read      496.2   423.8    93.8   196.8   226.2   405.9   510.5   585.0   650.3   735.2   860.3  1079.1  1608.1  4559.7 10886.1  54214.0    54175
read      483.8   429.1    93.8   196.1   224.7   406.8   506.5   574.6   632.0   707.8   808.9   991.8  1518.8  4253.5 14145.3  51296.6    51484
read      490.8   450.4    80.4   191.1   220.5   411.6   514.5   584.6   647.3   726.8   836.8  1020.1  1466.3  5078.8 14098.5  39857.2    39771
read      479.8   408.6    93.8   187.5   215.8   410.7   506.3   574.4   632.4   704.5   799.6   955.5  1424.8  5147.9  9462.7  32787.6    32864
read      495.0   577.4    93.8   190.5   220.0   410.1   513.6   582.7   640.6   717.3   816.8   991.6  1490.4  8334.2 20493.4  42006.2    42033
read      488.4   401.6    93.8   191.9   220.5   406.5   511.2   583.6   645.6   728.3   846.0  1048.4  1486.0  4764.9 10384.7  43751.2    43808
read      493.5   422.9   101.3   192.1   221.4   408.3   515.7   589.6   655.0   735.5   849.7  1045.9  1535.4  5192.7 11863.2  45732.0    45785
read      496.9   480.7    93.8   189.2   217.5   416.5   522.0   592.5   661.1   742.3   846.2  1010.3  1469.0  5755.5 14047.0  35649.2    35582
read      490.5   415.6    93.8   191.8   221.1   415.7   520.5   590.5   652.0   726.6   822.8   992.2  1445.1  5223.7 10611.0  38508.4    38504
read      492.1   950.2    93.8   184.7   211.5   405.6   491.8   543.5   579.2   621.0   673.0   765.9  2457.3 12897.5 35985.0  15276.6    15320
read      400.5   441.6    93.8   180.5   206.2   347.5   417.8   456.9   486.6   523.8   577.8   699.4  1369.8  5005.5 14771.9  74285.8    74264
read      469.2   441.0    93.8   187.6   215.9   394.1   485.4   543.9   594.6   670.4   777.7   962.9  1478.4  5661.2 12623.4  43727.0    43890
read      451.9   986.5   101.3   188.3   214.2   362.5   413.4   436.0   454.3   473.8   507.0   590.5  2975.0 14694.8 31989.6   5994.4     5962
read      488.4   561.0    93.8   188.8   217.3   410.4   510.5   579.6   641.1   717.0   813.1   984.1  1391.4  6161.3 29751.1  38283.8    38365
read      475.2   330.3    93.8   192.5   221.4   401.6   504.4   574.5   631.7   703.8   803.3   984.6  1425.9  3875.6  9071.7  55997.6    55971
read      502.7   741.9    93.8   195.0   223.6   421.0   515.6   576.6   625.4   681.2   747.9   868.3  1995.8  8860.0 32231.2  23162.0    23217
read      420.3   494.5    93.8   191.0   217.6   352.5   418.4   458.2   490.4   533.8   606.0   804.8  1565.7  6160.4 20164.3  87746.8    87681
read      442.5   610.2    93.8   191.9   219.3   362.2   429.1   468.4   499.8   541.9   616.0   851.3  1841.5  7742.1 30239.2  91980.6    91728
read      377.2   397.6    86.8   187.7   212.5   341.4   400.1   433.7   458.7   489.1   530.7   606.7   932.7  4134.2 13779.0  96862.0    96668
read      394.4   444.3    93.8   179.6   204.3   341.9   407.8   444.8   471.5   506.6   556.6   677.2  1503.2  5027.3 13841.0  80719.6    80475
read      451.7   627.1    93.8   186.2   211.1   389.2   472.5   515.0   549.5   599.0   680.9   842.5  1464.8  6625.0 31212.2  27248.6    27150
read      382.5   189.4    93.8   181.8   207.2   357.0   432.4   472.7   501.6   535.0   576.3   642.9   848.4  1636.2  6265.8  53346.6    53444
read      406.5   400.2    93.8   187.7   211.5   385.0   465.2   498.9   522.1   547.4   583.9   645.7   862.9  3690.3 16949.1  23913.8    23737
read      367.2   206.7    93.8   194.1   219.0   340.9   398.8   432.6   458.8   490.4   532.1   601.0   823.4  1887.4  7471.4  87947.2    87776
read      365.1   244.8    86.8   189.4   213.1   336.7   396.9   432.3   458.9   491.0   533.5   605.1   829.7  1842.7  9422.1  82089.6    82175
read      366.6   172.8    93.8   198.3   222.6   342.7   397.7   430.1   455.2   485.9   527.9   598.2   815.4  1605.8  4792.4  98633.2    98548
read      388.9   265.5    93.8   183.1   207.5   362.9   442.8   481.0   507.5   537.6   575.9   637.1   842.2  3372.1  8974.8  37900.8    37704
read      374.7   249.3    86.8   182.4   207.0   342.7   412.5   452.5   480.9   514.5   558.9   636.5   882.8  2161.4  7845.5  64716.6    64701
read      368.6   290.9    80.4   182.7   207.8   337.4   401.8   438.9   466.7   500.8   543.5   615.7   862.3  2476.1  9961.2  69221.4    69089
read      357.7   177.2    86.8   190.1   213.8   332.9   390.8   424.5   449.6   479.6   520.5   586.6   791.6  1492.8  6583.0  89754.4    89785
read      395.0   398.4    93.8   181.1   206.5   391.2   450.7   476.2   494.9   515.6   543.4   592.0   778.9  4920.4 13498.5  16616.6    16676
read      370.2   214.5    86.8   183.1   207.9   340.5   407.1   446.4   474.0   507.5   550.8   627.5   861.9  1823.1  7457.0  69703.8    69604
read      371.3   292.9    86.8   196.3   221.5   343.7   400.2   433.1   458.5   489.2   531.1   603.9   833.3  2085.9 12018.5 100013.6    99682
read      355.2   201.8    86.8   186.7   211.0   332.6   388.5   420.7   444.3   471.8   509.6   576.4   772.2  1712.5  9286.7  97764.8    97693
read      396.6   317.6    93.8   183.0   207.4   392.5   454.9   482.7   501.3   524.3   551.0   605.5   826.6  4390.3 12586.4  17443.2    17381
read      389.1   288.3    86.8   184.4   209.7   358.5   437.6   478.5   506.3   539.4   581.0   649.0   866.8  2658.4  8806.9  39858.4    40069
read      375.8   333.5   109.4   191.1   217.9   366.9   403.9   422.6   434.3   452.3   472.0   518.4   795.5  4722.0 17080.9   8754.4     8841
read      385.5   300.2    86.8   185.1   211.2   355.8   426.8   465.5   494.0   527.6   571.9   647.2   873.2  2848.1  8380.9  56801.6    56576
read      435.3   436.5    93.8   183.4   209.1   401.8   479.4   519.6   550.6   593.0   662.5   771.7  1035.6  5953.7 19423.2  21652.0    21599
read      506.8   664.4    86.8   194.3   221.8   388.4   487.1   555.9   619.9   710.6   843.6  1075.7  2649.1  8930.7 30761.7  52968.2    53003
read      468.0   385.4    93.8   186.3   213.7   423.6   509.3   563.7   607.8   662.0   727.6   840.2  1405.2  5552.4 11973.7  19846.8    19831
read      522.7   765.0    86.8   208.4   235.5   384.5   470.1   535.8   597.0   692.5   848.2  1122.6  2817.3  7421.3 31477.4  80225.2    80340
read      483.4   512.9    93.8   186.8   214.4   418.5   515.7   576.4   627.8   693.0   780.2   921.5  1357.1  6169.5 24432.7  28696.8    28765
read      473.8   487.5   101.3   186.1   213.5   419.6   511.5   572.7   621.4   681.1   755.1   883.9  1248.4  5909.2 20829.5  25593.0    25572
read      484.5   432.9    93.8   188.3   216.3   412.7   513.1   578.1   634.0   708.9   810.6   972.8  1430.5  5200.6 13659.6  37042.2    37071
read      505.5   661.6    93.8   208.1   234.9   386.3   474.6   540.6   599.8   686.5   821.3  1069.6  2705.7  6586.5 31091.1  75967.8    75819
read      484.4   457.3    93.8   189.9   218.1   398.2   500.4   566.7   623.4   702.7   815.4  1002.7  1736.7  5284.3 13506.1  44287.2    44359
read      544.6  1016.3    93.8   221.3   250.1   393.0   462.5   509.0   550.1   615.3   740.4  1132.3  3554.8  9802.6 35921.3  95891.0    95960
read      482.0   531.9    93.8   195.5   222.4   383.0   476.1   539.6   592.9   670.5   781.9   991.0  2476.9  6106.4 17693.7  59653.2    59630
read      481.6   491.6    93.8   190.8   218.8   389.0   487.4   549.7   605.2   682.5   796.4   999.2  2160.2  5391.4 16664.5  47941.6    47930
read      490.5   551.3    93.8   199.7   226.8   388.4   481.1   547.0   605.6   687.0   803.3  1016.1  2467.6  6459.3 26007.2  65452.8    65545
read      522.9   973.5    93.8   213.8   240.0   376.0   442.8   489.3   529.6   590.8   710.4  1116.4  3214.3  9824.4 35274.7  93983.2    94038
read      492.6   560.6    93.8   193.3   221.3   389.7   485.9   550.0   608.1   687.0   809.8  1027.2  2619.2  5883.8 23937.0  51839.6    51806
read      499.1   548.5    93.8   191.1   219.2   394.1   494.6   562.0   621.5   705.2   834.6  1056.4  2643.8  5882.8 18894.5  48590.8    48712
read      505.2  1002.0   101.3   185.0   213.0   419.9   495.7   541.2   574.4   615.5   672.0   775.0  2632.1 11757.3 31986.9  13151.8    13115
read      520.9   754.5    93.8   204.8   233.4   386.9   471.7   534.6   591.2   682.1   837.0  1139.4  2904.1  7073.7 31714.5  76312.8    76569
read      494.6   685.4   101.3   189.0   217.0   432.0   523.3   582.9   632.8   688.5   761.2   879.2  1333.5  7416.6 31721.7  19328.8    19372
read      490.6   499.4    93.8   198.7   226.4   388.9   484.8   548.3   606.0   688.9   812.0  1052.3  2355.2  5361.6 17653.8  59416.8    59331
read      495.2   648.6    93.8   199.2   226.5   384.1   472.8   533.1   584.7   661.7   779.0  1007.9  2741.4  6897.8 30386.5  62591.8    62597
read      485.2   394.5    93.8   188.6   217.3   413.0   519.9   587.7   647.5   728.0   835.1   989.9  1407.2  3687.2 12088.8  37728.8    37702
read      496.6   506.3    93.8   190.3   218.4   405.8   512.4   578.7   638.0   719.7   836.6  1036.7  1868.1  5542.5 23919.1  41906.0    41975
read      482.4   526.7   101.3   187.2   214.9   419.6   512.1   574.5   627.6   692.7   773.0   906.8  1416.1  6134.1 20180.1  26079.6    26100
read      519.5   884.7    93.8   208.1   234.6   376.9   452.2   504.0   549.6   624.1   766.2  1127.1  3044.2  8274.6 34397.2  82482.8    82500
read      492.6   496.9    93.8   193.7   221.4   393.3   495.8   564.8   625.0   706.0   829.6  1042.0  2078.7  5588.2 18026.9  50705.0    50756
read      483.7   521.0    86.8   202.5   228.8   385.5   475.6   539.4   592.7   669.7   786.7   998.9  2370.0  5703.7 24469.3  66701.4    66696
read      510.3   734.3    86.8   197.2   224.8   393.2   490.5   554.9   613.7   694.1   815.9  1042.7  2716.3  7483.9 31749.0  53169.0    53364
read      471.3   751.5    93.8   191.4   221.1   408.1   470.8   508.8   539.0   574.8   625.3   720.8  2214.9  8651.1 31228.3  10454.8    10413
read      489.1   532.7   101.3   203.1   230.1   390.5   483.3   547.7   606.1   686.1   807.2  1020.1  2006.4  5308.0 26616.4  64910.8    64876
read      453.6   533.4    86.8   196.1   223.0   369.0   448.0   498.3   538.9   595.1   695.8   915.8  1792.5  6494.2 22979.1  69047.2    69079
read      397.0   300.5    93.8   182.9   207.8   391.3   457.0   486.2   505.1   529.6   559.7   615.8   835.0  4096.4 10770.1  19478.4    19447
read      356.6   234.0    86.8   182.2   206.3   331.4   391.7   426.4   451.9   482.0   522.6   588.4   783.4  1645.1 10322.9  81272.2    81182
read      395.2   299.1    93.8   183.7   207.8   368.6   441.4   475.7   498.9   526.9   565.2   636.5   993.6  4022.1  8980.7  25292.6    25265
read      365.9   294.9   109.4   186.5   210.8   357.4   395.5   414.8   428.2   444.9   468.2   514.5   788.8  4496.1 12390.0   9694.4     9699
read      385.7   278.8    93.8   184.5   211.0   360.6   430.3   468.6   496.4   528.8   571.1   639.4   845.2  2175.3  9623.7  48628.6    48659
read      355.3   197.9    86.8   181.1   205.7   328.1   388.7   423.5   449.1   479.7   521.0   588.7   818.5  2001.4  6520.6  75008.4    75126
read      413.8   501.5    86.8   187.5   213.4   349.6   410.3   446.4   473.4   510.0   572.4   750.9  1701.1  5329.1 24369.4  96610.0    96559
read      442.7   333.1    86.8   184.8   212.5   380.5   467.6   521.6   566.3   628.4   721.1   897.7  1385.0  3941.2 10161.1  55935.6    55885
read      525.5  1357.9   101.3   184.5   211.6   395.2   457.6   490.2   513.4   544.9   596.8   748.8  3506.8 23551.5 41259.5   9120.2     9039
read      477.2   364.5    93.8   203.2   232.1   404.9   500.0   565.3   620.9   692.2   791.8   969.1  1430.2  3822.1 12029.9  66371.4    66378
read      477.6   373.3    93.8   192.4   221.4   407.8   506.6   575.6   634.0   711.0   810.4   983.0  1374.4  3878.0 10115.9  41248.0    41225
read      478.5   366.7    93.8   194.2   223.2   405.6   505.4   575.2   630.7   703.0   801.8   976.0  1448.8  3508.8 12875.7  52502.8    52371
read      480.6   538.1    86.8   188.5   216.6   402.2   502.5   570.4   625.1   700.6   798.6   959.8  1422.2  6337.9 21329.1  39901.0    39873
read      469.7   490.2    86.8   188.8   216.5   401.0   498.0   561.1   613.3   679.6   764.2   908.5  1264.7  6237.8 19509.7  41093.4    41176
read      401.5   421.9    86.8   181.6   207.3   344.4   408.1   445.9   474.5   512.6   572.1   728.6  1569.5  4842.0 14118.0  85394.6    85357
read      383.2   430.9    86.8   178.3   202.8   332.0   393.8   429.4   456.8   490.9   541.8   678.4  1277.8  5109.8 14415.2  85317.6    85391
read      442.3   682.1    86.8   186.2   211.9   349.9   412.2   450.5   481.4   525.9   615.4   951.9  1862.4  8557.0 31353.6  91914.6    91890
read      386.2   311.3    93.8   176.1   201.1   346.5   419.2   459.1   488.6   524.1   572.8   672.6  1082.3  3738.8 10129.5  57626.6    57558
read      478.6  1050.6   101.3   184.2   211.5   396.3   460.0   492.6   515.1   543.5   585.5   668.8  2848.6 13448.5 36537.7   9962.8     9972
read      425.3   369.5    86.8   186.7   213.5   361.5   437.9   485.9   524.8   578.7   669.7   848.9  1418.0  4224.2 13242.6  74410.2    74636
read      430.3   525.2    93.8   175.7   202.1   379.9   459.2   499.2   530.5   572.2   638.9   776.5  1289.1  6008.3 30333.6  29822.4    29773
read      472.6   402.7    93.8   199.2   227.9   402.4   496.6   559.3   613.1   683.3   780.2   944.5  1376.1  4375.9 13325.3  63244.0    63494
read      458.6  1073.0   101.3   189.5   216.5   385.7   434.8   459.7   476.8   499.2   531.4   596.2  2687.5 18908.0 32110.1   7219.8     7201
read      480.4   388.5    93.8   194.8   224.0   406.6   507.7   575.8   632.8   708.1   808.9   988.0  1444.1  3887.9 12755.1  49344.0    49507
read      484.6   423.5    93.8   203.5   231.0   402.4   501.6   569.4   626.7   701.9   814.0  1010.9  1560.3  3913.7 16766.7  65422.8    65454
read      417.3   554.6    93.8   188.5   213.5   345.3   407.6   445.8   474.7   515.0   585.3   821.4  1704.7  5261.1 30069.7  88366.0    88537
read      457.8   547.3    93.8   187.6   214.0   392.5   483.6   537.9   582.0   642.2   737.7   887.1  1308.8  5815.7 30459.9  37137.0    36982
read      434.3   552.9    93.8   191.2   217.0   351.3   417.7   459.4   494.3   543.6   635.8   917.8  1788.0  6081.3 30505.6  88976.4    88964
read      359.8   308.9    93.8   185.4   208.6   330.1   385.1   416.8   440.3   469.3   507.9   578.3   859.6  3478.0  7533.2  96172.4    96479
read      452.9   392.4    93.8   188.0   214.7   383.6   474.9   535.2   583.6   652.7   753.4   928.1  1383.1  3744.3 14936.3  47845.4    47883
read      468.9   426.4    93.8   191.1   219.2   394.2   492.8   558.4   614.1   683.4   782.3   968.8  1450.8  3880.1 14818.5  50651.2    50650
read      395.0   421.5    86.8   185.7   210.0   341.4   402.1   437.9   465.8   501.7   554.6   697.8  1480.5  4619.4 13861.5  89186.2    89242
read      368.2   498.7   101.3   181.6   206.8   336.4   371.5   390.1   402.1   420.0   441.7   489.6  1153.5  6839.2 18000.0   7390.8     7374
read      364.9   220.0   109.4   193.5   221.5   359.2   396.4   416.2   430.1   447.9   469.7   520.4   756.7  2940.5  7756.1   8541.4     8507
read      388.1   325.3    86.8   183.7   210.5   359.9   430.4   468.6   496.2   528.7   572.5   644.4   883.4  2576.6 12319.1  50495.0    50676
read      383.8   320.5    86.8   182.5   207.8   350.0   422.0   462.5   491.4   524.5   568.4   639.4   888.1  3373.5 10335.6  57194.8    57069
read      392.2   323.7    86.8   180.5   206.3   354.5   430.0   472.3   501.8   535.8   580.4   656.1   964.7  4433.2  9829.8  43572.0    43520
read      371.0   194.1    86.8   183.2   208.3   342.4   409.3   449.3   477.8   511.3   554.8   629.2   851.8  1843.2  6384.5  56640.2    56720
read      356.8   224.3    86.8   179.2   204.2   328.5   391.7   427.7   454.9   487.2   529.2   596.9   794.5  1851.3  9870.2  68079.2    68155
read      365.3   232.6    86.8   181.4   206.0   336.7   401.1   438.9   467.0   501.2   543.6   616.9   831.7  1850.3  8623.3  60564.6    60444
read      362.9   236.3    86.8   178.1   202.9   335.8   399.5   435.3   462.8   494.5   534.8   602.6   811.9  2355.7  9772.6  63915.4    63997
read      378.2   341.5    93.8   182.4   206.6   369.4   425.3   451.9   468.9   492.3   521.8   574.1   785.5  3955.7 13099.0  17291.0    17315
read      360.6   208.2    86.8   187.9   211.8   332.9   391.7   426.5   453.5   486.5   529.8   602.6   823.0  1687.2  8077.1  78471.8    78596
read      356.3   205.8    86.8   185.5   209.2   330.1   388.4   422.6   448.2   478.9   520.8   588.9   803.7  1865.2  7050.3  81482.0    81548
read      362.7   265.4    86.8   191.5   216.2   336.6   391.7   423.7   447.9   476.7   516.0   588.3   824.4  2075.2 10550.6  97293.0    97254
read      381.5   301.2    86.8   185.5   209.9   345.9   419.2   461.4   491.5   526.0   570.1   640.6   889.8  3102.3 10790.2  46282.4    46135
read      399.7   582.9   101.3   187.7   212.3   382.4   426.7   450.4   466.3   487.7   514.8   575.7   923.9  6576.8 31275.6  13328.6    13379
read      402.7   393.6    93.8   195.4   219.6   352.6   424.4   469.2   504.6   544.6   597.8   688.4  1092.5  5268.0 12688.4  46836.0    46993
read      379.7   318.3    93.8   210.1   232.2   340.3   393.7   426.2   452.2   485.5   533.5   622.9   977.3  4052.5 10760.2  98106.8    98274
read      373.8   283.0    93.8   207.8   229.1   335.9   389.4   422.4   448.6   481.9   529.9   619.0   962.6  3423.5 12294.9  97086.4    97056
read      402.0   412.7    93.8   192.5   216.5   351.5   424.6   470.5   504.7   545.7   601.6   692.1  1120.4  4857.3 12114.8  43349.2    43434
read      401.2   485.4    93.8   190.9   214.7   349.8   426.2   471.6   504.5   541.7   592.6   680.6  1074.0  4560.5 24283.2  36423.2    36406
read      375.8   312.6    93.8   208.9   230.5   338.5   391.3   423.8   449.6   482.4   529.4   618.2   951.8  3595.2 14351.5  99086.6    99121
read      373.1   367.2    93.8   196.9   220.4   332.0   389.7   424.8   453.0   488.5   536.2   622.1   942.4  3694.2 14633.6  80555.4    80708
read      395.1   303.9   101.3   189.4   214.1   350.1   424.3   470.3   504.1   541.1   591.8   680.3  1078.8  3720.3  9893.9  40618.8    40517
read      412.6   422.4    93.8   189.9   215.6   365.1   449.6   495.5   527.3   564.2   614.7   698.5  1001.3  5277.9 15649.3  34182.4    34168
read      410.3   577.6   109.4   190.9   217.4   382.8   426.8   452.8   471.0   496.7   531.2   597.4  1018.7  9030.0 28685.3  11845.4    11754
read      387.9   357.5    93.8   207.7   230.0   342.7   399.4   434.3   462.8   499.5   549.6   646.1  1049.3  5051.9 12134.8  93225.4    93304
read      383.2   412.4    93.8   192.4   215.7   334.9   397.7   436.2   467.9   507.7   561.8   656.8  1000.9  4952.0 15358.9  64536.8    64697
read      374.2   299.4    93.8   204.7   226.0   334.3   388.6   422.5   449.7   484.2   532.8   622.0   996.7  3688.4  9955.3  92622.2    92626
read      375.0   344.3    93.8   195.7   219.5   333.7   392.7   427.9   456.4   492.4   541.0   627.7   979.3  3452.9 13384.7  75678.8    75618
read      371.5   340.2    86.8   200.0   221.8   330.8   385.3   419.3   446.1   480.7   530.0   620.7   974.4  3937.0 13176.2  85903.6    85805
read      404.9   578.3    93.8   184.7   208.7   373.6   436.7   469.6   492.5   518.4   552.4   623.0   943.5  7941.7 30968.2  18917.0    18930
read      404.0   379.7    86.8   188.4   213.1   354.4   428.8   471.4   504.7   542.7   596.3   692.9  1160.6  5112.7 10049.2  50146.2    50153
read      454.5   839.3   101.3   188.9   217.0   394.0   451.3   485.5   512.0   545.4   593.3   681.7  1539.8 10629.6 32199.1  10428.8    10377
read      484.0   396.1    93.8   190.0   218.3   415.0   514.3   585.8   643.8   721.8   822.5   990.5  1376.8  4343.1 13398.2  33331.2    33112
read      485.5   467.2    93.8   190.1   219.2   423.0   521.3   590.4   643.6   711.6   793.3   925.2  1324.5  5598.3 17221.0  28695.2    28777
read      503.7   492.5    93.8   199.7   228.0   410.9   517.4   591.2   654.8   737.0   853.6  1073.4  1640.5  5735.6 15909.5  45591.4    45709
read      420.3   437.0    86.8   185.0   211.2   359.6   430.3   471.2   504.3   546.3   619.4   814.7  1523.9  4602.0 15785.7  74512.2    74458
read      404.4   416.6    93.8   181.6   207.2   352.0   422.3   462.0   492.7   531.6   589.6   735.6  1378.4  4103.9 13361.1  73690.2    73596
read      450.5   595.5    93.8   183.1   208.7   385.8   468.1   507.3   540.0   584.8   655.6   825.0  1569.9  6753.2 27866.2  28052.4    28031
read      537.8   616.5    93.8   204.0   233.8   426.0   538.2   614.2   677.8   762.6   876.9  1095.6  2521.4  6656.4 30294.3  45618.4    45754
read      506.4   711.5    80.4   199.3   227.6   378.8   455.5   507.7   556.1   639.4   836.5  1221.8  2349.6  8357.7 30949.6  80052.0    80138
read      372.4   192.7    86.8   185.8   211.9   351.0   414.5   449.9   474.8   505.3   544.9   613.7   803.9  1572.0  6789.7  64372.0    64350
read      381.7   238.0    86.8   186.6   212.2   355.7   423.6   462.0   489.9   522.4   565.3   634.0   857.8  2113.2  8307.8  51855.8    51870
read      351.0   187.1    86.8   184.0   208.3   328.8   385.6   418.1   442.1   471.4   509.2   575.2   750.1  1355.3  6611.6  81342.6    81106
read      349.0   189.1    86.8   181.7   206.2   327.6   383.7   415.6   438.8   467.7   504.5   568.7   752.3  1360.2  6525.0  82024.0    82064
read      378.5   215.1    86.8   180.4   205.2   360.8   434.9   470.9   494.5   521.0   554.1   614.3   777.3  1872.1  8119.2  30396.4    30534
read      386.8   256.8    86.8   182.6   208.4   372.1   442.3   473.7   495.4   519.8   549.9   616.1   802.9  3591.7  9965.1  25516.0    25449
read      359.8   189.2    86.8   181.2   206.6   337.6   398.8   434.1   460.0   490.8   530.8   596.2   785.6  1479.9  6747.3  67356.2    67525
read      383.1   248.3    86.8   180.0   205.1   367.2   441.4   474.6   497.3   523.6   557.1   619.8   772.0  2657.9  8620.8  27041.2    27070
read      381.1   272.5    80.4   181.6   207.5   355.7   428.7   466.8   493.0   523.1   563.9   632.5   843.7  1744.4  9780.9  41243.2    41133
read      392.9   235.9    86.8   183.0   209.7   375.1   452.8   489.2   512.4   540.7   580.4   642.0   808.7  1771.5 10256.7  27963.8    28009
read      365.6   173.6    80.4   178.6   204.6   344.9   408.9   445.5   471.1   501.8   541.6   611.4   799.5  1248.2  5490.2  64155.4    64235
read      385.0   302.5    93.8   181.3   206.8   385.2   437.7   461.9   479.1   500.8   531.3   587.6   775.3  3458.6 11728.7  16520.2    16387
read      359.8   209.3    80.4   177.4   202.7   339.6   403.0   437.5   462.7   492.1   530.2   591.4   776.1  1185.7  7948.3  62532.0    62388
read      378.3   248.4    86.8   181.9   207.6   355.4   425.8   461.9   486.8   514.4   550.8   618.1   802.3  2474.3 10607.4  40222.4    40199
read      387.1   281.8    93.8   184.5   210.0   384.0   437.9   463.6   481.9   502.6   532.8   584.6   780.8  3026.6 12623.6  16887.0    16884
read      372.9   258.5    86.8   182.5   208.3   346.2   412.8   451.0   477.4   508.5   549.6   618.4   812.4  2019.8  9838.4  55660.4    55763
read      378.5   210.9    86.8   179.4   205.8   357.0   429.0   466.6   493.1   523.2   561.3   625.9   818.5  1607.7  8139.9  41970.8    41925
read      380.1   224.3    93.8   183.5   209.2   354.5   426.1   464.5   491.0   521.1   560.9   631.6   852.2  2321.2  7408.1  42295.6    42341
read      353.1   191.5    80.4   188.7   212.6   330.9   385.2   415.9   438.2   466.4   504.5   571.4   773.1  1715.0  7306.3  93534.4    93577
read      376.5   337.7   109.4   196.0   225.7   363.6   396.8   415.7   429.5   447.7   471.4   525.5   751.4  5411.9 11770.4   7704.4     7657
read      391.3   270.7    93.8   193.5   223.6   387.7   431.8   455.2   470.4   492.4   519.7   573.4   749.6  4101.5 12176.8  14179.8    14232
read      402.4   278.2    93.8   188.9   218.2   384.8   450.1   482.6   505.2   534.7   574.0   639.0   878.1  3708.3  9109.0  30187.2    30107
read      357.6   179.3    80.4   179.5   204.9   336.2   397.1   431.6   456.9   486.8   526.2   589.9   777.6  1420.5  5955.3  71107.4    71078
read      352.4   170.9    86.8   181.6   206.9   331.5   388.3   420.6   444.3   472.1   510.3   578.1   768.3  1426.1  5375.5  85591.8    85372
read      367.5   176.8    80.4   181.0   206.6   344.2   410.9   449.0   475.8   506.7   547.8   617.0   805.2  1275.2  6410.9  55050.2    54930
read      365.5   391.1   109.4   200.7   229.3   346.6   377.0   394.8   406.8   426.7   453.5   502.8   723.4  4860.9 13025.3   5788.0     5750
read      354.0   231.8    86.8   181.4   205.9   332.0   390.7   424.3   448.7   476.9   515.1   580.9   768.3  1270.1  8034.9  80152.0    80137
read      379.4   247.9    86.8   181.0   206.9   354.7   426.1   464.2   490.7   521.0   561.0   628.2   845.2  2093.3  8823.7  41620.4    41449
read      377.8   325.8    86.8   181.8   207.4   374.5   426.2   451.5   468.0   489.6   515.6   568.3   720.7  3897.3 15218.3  17236.8    17301
read      385.4   353.4    93.8   183.0   207.9   376.0   436.5   465.2   485.7   507.8   540.9   593.2   760.2  3722.9 15063.7  20002.4    19930
read      378.7   222.9    86.8   180.0   205.8   356.0   428.0   465.6   492.5   523.7   563.8   630.6   842.1  1588.8  8882.3  41738.2    41776
read      371.2   277.9   101.3   194.3   222.7   367.5   400.2   419.6   432.8   452.2   476.7   523.3   687.0  3773.0 12636.4   8584.2     8596
read      414.0   250.9    93.8   193.1   223.8   399.2   465.2   499.3   525.1   555.9   596.0   673.5   886.0  1998.2  9356.0  30782.4    30870
read      368.5   215.0    86.8   181.5   207.1   342.4   406.0   443.5   470.3   503.2   547.1   619.7   848.5  1734.9  7091.3  69970.6    69978
read      394.3   209.3    80.4   185.0   210.7   381.5   455.6   489.7   512.7   542.7   580.6   640.5   807.1  1758.4  7970.6  23913.4    23908
read      401.4   322.5   101.3   195.1   226.0   389.8   431.8   455.1   470.5   495.1   530.2   592.1   865.4  4411.5 13989.5   9927.6     9848
read      362.4   200.9    86.8   184.3   208.8   339.2   399.7   433.9   460.0   491.0   532.0   598.0   792.9  1459.5  7932.0  71682.0    71598
read      362.2   217.1    86.8   184.9   209.9   335.5   395.1   429.2   455.3   487.0   530.3   603.2   843.7  1926.8  6370.7  77133.8    77156
read      396.0   455.0   101.3   188.3   215.7   385.8   433.6   459.1   476.9   500.1   533.2   590.5   829.2  5212.8 18492.7  14069.4    14083
read      352.4   193.6    86.8   186.3   210.5   329.7   384.5   416.1   438.8   466.8   504.2   571.0   777.5  1878.0  6550.6  87500.2    87786
read      366.9   178.5    86.8   180.7   206.4   347.9   411.1   447.7   472.5   503.1   543.3   603.0   779.1  1210.9  7692.8  57251.0    57205
read      376.2   210.4    86.8   182.9   209.1   352.1   420.0   457.9   485.1   517.0   560.3   628.3   830.3  1733.9  6244.3  53059.0    53142
read      359.7   221.6    86.8   185.3   209.8   335.5   393.8   427.3   452.3   481.9   522.8   591.1   796.3  1714.3  9090.1  77769.0    77998
read      357.2   166.6    86.8   195.2   219.7   336.3   389.3   419.7   442.1   469.6   506.6   573.0   773.5  1556.0  5456.3  98881.4    98830
read      389.8   273.6    93.8   182.6   208.8   368.0   443.6   480.5   505.5   538.3   578.1   639.5   821.8  2669.0 10071.8  32385.8    32447
read      360.1   216.7    86.8   181.3   206.1   335.1   396.3   430.6   456.1   486.3   527.6   595.6   811.1  1907.6  9001.4  74397.6    74382
read      383.6   248.6    86.8   182.0   207.5   360.7   434.5   469.5   494.4   523.9   563.5   628.0   835.5  2383.1 10439.5  32361.4    32271
read      375.9   204.2    86.8   181.4   207.3   351.2   419.8   458.0   485.5   518.2   562.5   632.1   855.3  1640.2  6561.0  55295.8    55273
read      362.8   223.4    86.8   180.9   205.9   340.5   403.0   437.9   463.6   494.2   535.5   598.4   782.2  1345.2  7176.0  67872.0    68152
read      392.1   364.6    86.8   184.3   210.5   371.7   444.6   477.1   499.6   527.2   563.2   624.7   813.1  3995.0 19606.7  25513.8    25419
read      383.4   225.2    80.4   187.6   213.3   356.3   426.7   465.4   493.2   526.2   569.1   636.1   859.8  2450.8  8254.0  43178.0    43187
read      370.2   213.5    80.4   184.0   208.9   343.6   409.4   448.4   475.9   508.9   554.9   625.0   819.2  1276.6  8297.4  60598.6    60608
read      365.5   217.0    86.8   181.4   206.7   341.6   405.7   442.5   468.3   499.7   542.5   605.7   787.6  1459.8  6977.2  62098.6    62150
read      393.8   228.3    93.8   185.8   211.1   370.9   448.4   488.1   515.4   547.5   585.4   647.7   852.2  2173.2  8477.2  30885.4    30864
read      370.6   240.5    80.4   186.5   210.8   340.6   404.6   442.7   470.3   504.2   549.4   623.6   852.6  2168.1  9166.1  69448.8    69566
read      382.5   216.3    86.8   182.8   208.9   357.4   432.4   473.4   501.1   534.5   575.5   637.1   827.7  1399.9  7975.1  38354.4    38183
read      383.8   268.7    80.4   186.3   211.5   352.8   424.4   465.9   496.1   533.8   579.6   649.3   856.8  2340.6  7913.6  51238.2    51253
read      383.1   222.0    86.8   186.4   211.5   354.1   426.4   467.4   497.4   533.2   578.6   648.1   845.7  1902.9  9642.9  52853.8    53027
read      392.6   303.7    93.8   185.0   210.8   361.6   438.9   480.6   508.8   545.2   587.2   660.9   872.5  3179.9 14135.5  36993.2    37133
read      370.1   244.5    86.8   184.7   209.7   339.9   401.1   437.4   465.2   499.4   546.0   623.3   864.6  2461.0  8632.3  73396.8    73413
read      363.0   194.8    80.4   188.4   212.5   336.9   396.1   430.5   456.6   488.2   531.6   601.8   815.4  1703.7  7036.5  79162.4    78811
read      353.9   221.8    86.8   190.5   214.1   331.8   385.9   416.7   439.2   468.1   506.9   573.5   756.8  1434.5  9553.3  88268.0    88317
read      394.3   301.8    86.8   189.5   215.3   360.9   434.7   477.0   508.3   546.1   589.9   664.9   902.1  2952.5 10730.6  46506.2    46504
read      386.7   233.4    86.8   186.4   212.3   358.3   430.8   471.5   500.3   535.7   579.8   646.7   857.4  2600.6  7165.8  45963.4    46147
read      388.3   239.5    93.8   183.3   209.1   362.1   441.5   481.3   507.5   541.1   581.1   641.2   833.0  2360.1  9376.8  34995.6    35073
read      386.2   220.4    93.8   182.8   208.2   384.3   445.0   472.7   493.7   516.9   547.0   597.7   753.5  2252.9  8364.7  18614.2    18693
read      379.3   295.8    86.8   180.7   206.4   350.8   422.9   463.8   493.0   527.4   570.6   634.2   824.2  2242.5 11868.4  47023.4    46834
read      356.0   164.4    86.8   181.2   206.3   333.6   393.7   428.3   454.3   485.4   527.6   591.7   767.1  1224.6  5590.4  76389.4    76427
read      354.9   258.4    86.8   191.2   215.7   332.6   385.8   416.6   439.2   467.9   506.6   575.3   769.6  1322.2  7483.4  96059.6    96007

Total QPS = 51269.3 (92284712 / 1800.0s)

Total connections = 64
Misses = 0 (0.0%)
Skipped TXs = 0 (0.0%)

RX 22794323370 bytes :   12.1 MB/s
TX          0 bytes :    0.0 MB/s
Warning! Detected max cpu usage > 95%
CPU Usage Stats (avg/min/max): 99.97%,40.82%,100.00%