Thu May 26 14:30:43 UTC 2022
Random waveform, supplied seed
Total number of intervals = 600 (5031, 54838, 74868, 30015, 40743, 23648, 97712, 53672, 55395, 29425, 15173, 82475, 90555, 47944, 28313, 28504, 22886, 35717, 14828, 81704, 55771, 85226, 75020, 12441, 56208, 17446, 86943, 49138, 49839, 47752, 27181, 6170, 7187, 99387, 91970, 79658, 59230, 78081, 64242, 37702, 40686, 30376, 38416, 65892, 39560, 10016, 55224, 19982, 48114, 36283, 23315, 11150, 98724, 56880, 13467, 99368, 46206, 71651, 22741, 56654, 99570, 23047, 70008, 42943, 46704, 75970, 21917, 82027, 81583, 14259, 7821, 17727, 65559, 41133, 28693, 53141, 54512, 14835, 98446, 38117, 77994, 30209, 68315, 91940, 49308, 46880, 92540, 49396, 97841, 35404, 80451, 87228, 75554, 57964, 83546, 55468, 34203, 37629, 34577, 47426, 58845, 66993, 10977, 51529, 48344, 5902, 71602, 41886, 47456, 93939, 16890, 45689, 32790, 44044, 28149, 39739, 72475, 93882, 6692, 50406, 83055, 55609, 16968, 43031, 17236, 82183, 42212, 12244, 61777, 36984, 29093, 41715, 34838, 63574, 24401, 32025, 98971, 23657, 67877, 53849, 79536, 17081, 39024, 26125, 33388, 20979, 95865, 73949, 60987, 54175, 51484, 39771, 32864, 42033, 43808, 45785, 35582, 38504, 15320, 74264, 43890, 5962, 38365, 55971, 23217, 87681, 91728, 96668, 80475, 27150, 53444, 23737, 87776, 82175, 98548, 37704, 64701, 69089, 89785, 16676, 69604, 99682, 97693, 17381, 40069, 8841, 56576, 21599, 53003, 19831, 80340, 28765, 25572, 37071, 75819, 44359, 95960, 59630, 47930, 65545, 94038, 51806, 48712, 13115, 76569, 19372, 59331, 62597, 37702, 41975, 26100, 82500, 50756, 66696, 53364, 10413, 64876, 69079, 19447, 81182, 25265, 9699, 48659, 75126, 96559, 55885, 9039, 66378, 41225, 52371, 39873, 41176, 85357, 85391, 91890, 57558, 9972, 74636, 29773, 63494, 7201, 49507, 65454, 88537, 36982, 88964, 96479, 47883, 50650, 89242, 7374, 8507, 50676, 57069, 43520, 56720, 68155, 60444, 63997, 17315, 78596, 81548, 97254, 46135, 13379, 46993, 98274, 97056, 43434, 36406, 99121, 80708, 40517, 34168, 11754, 93304, 64697, 92626, 75618, 85805, 18930, 50153, 10377, 33112, 28777, 45709, 74458, 73596, 28031, 45754, 80138, 64350, 51870, 81106, 82064, 30534, 25449, 67525, 27070, 41133, 28009, 64235, 16387, 62388, 40199, 16884, 55763, 41925, 42341, 93577, 7657, 14232, 30107, 71078, 85372, 54930, 5750, 80137, 41449, 17301, 19930, 41776, 8596, 30870, 69978, 23908, 9848, 71598, 77156, 14083, 87786, 57205, 53142, 77998, 98830, 32447, 74382, 32271, 55273, 68152, 25419, 43187, 60608, 62150, 30864, 69566, 38183, 51253, 53027, 37133, 73413, 78811, 88317, 46504, 46147, 35073, 18693, 46834, 76427, 96007, 83666, 64655, 54099, 5485, 94089, 57214, 23788, 75649, 39466, 47463, 19155, 18449, 35235, 93118, 76391, 70733, 74230, 37188, 48862, 59325, 66219, 25760, 75255, 67915, 23004, 21973, 82811, 38870, 85697, 94176, 89142, 39251, 36339, 30304, 58303, 78732, 81734, 85654, 40030, 11145, 24220, 36178, 69625, 80189, 64261, 78356, 30570, 63922, 82549, 7574, 42298, 39152, 88634, 60765, 30534, 35563, 96837, 74496, 42819, 50120, 16904, 11439, 24076, 84757, 76496, 34744, 5910, 6391, 25594, 30327, 62849, 91392, 44328, 47665, 79152, 11613, 96212, 27129, 86430, 58712, 23931, 8445, 55537, 54706, 51997, 18803, 88693, 91224, 76765, 80364, 54372, 32473, 25920, 11574, 99135, 24026, 92271, 88470, 58597, 83103, 19062, 72681, 30900, 94867, 22477, 97890, 11845, 95363, 90122, 81157, 78569, 97434, 29257, 42139, 21444, 18314, 49203, 87787, 77490, 16464, 23314, 88655, 28245, 40610, 77039, 35056, 26782, 53121, 15035, 33766, 99826, 49516, 25895, 64849, 79516, 55109, 69984, 34454, 64785, 43963, 90279, 62151, 46958, 82432, 45518, 97055, 28977, 72436, 5078, 81357, 28531, 87140, 36881, 12972, 41961, 76602, 93251, 35269, 86366, 29241, 57116, 81511, 45059, 75774, 61736, 8949, 66290, 82937, 74263, 25664, 64314, 23804, 66356, 49506, 54758, 72283, 95641, 24157, 15088, 73735, 75655, 44689, 37890, 50565, 81326, 75641, 97055, 26336, 63820, 85404, 18025, 42168, 37351, 31615, 46356, 24714, 67626, 15739, 87755, 14357, 51514, 72102, 84799, 21168, 43828, 13381, 70057, 19482, 13593, 30935, 27564, 89146, 12015, 12458, 43213, 34454, 79142, 43458, 65461, 17883, 21816, 92112, 86516, 85434, 49269, 64819, 45466, 74721, 22910, 47947, 69579, 61494, 31948, 43538, 70090, 9010, 53510, 84446, 70319, 55737)
Average QPS expected = 52043
Timestamp start: 1653575444938
Timestamp end: 1653577245564

#type       avg     std     min      p5     p10     p50     p67     p75     p80     p85     p90     p95     p99    p999   p9999      QPS   target
read      468.8  1197.2   109.4   205.6   242.3   373.3   419.7   447.7   468.0   494.4   531.2   614.3  2206.1 15840.7 37667.5   4927.3     5031
read      492.9   444.6    93.8   189.7   217.2   390.5   503.7   583.7   657.6   753.3   878.5  1107.5  1678.7  5011.1 12870.0  54770.0    54838
read      400.7   462.5    93.8   176.2   200.5   338.6   406.6   448.2   479.3   519.5   576.7   702.9  1638.5  5649.2 19142.8  74852.7    74868
read      441.9   484.3    86.8   173.3   197.0   372.4   470.3   517.7   553.9   611.4   721.4   932.1  1372.3  5105.7 14798.2  29854.3    30015
read      508.1   467.2    86.8   186.9   215.2   411.7   530.1   617.7   693.2   784.0   903.1  1093.7  1525.0  6335.7 12803.0  40786.0    40743
read      524.9   814.4    93.8   181.3   209.3   428.8   537.2   614.5   677.5   743.0   824.4   953.2  1904.0 12397.2 31820.6  23629.7    23648
read      420.7   442.7    80.4   183.0   208.8   347.6   412.0   453.1   486.3   531.9   606.2   838.2  1717.7  5393.7 13078.0  97578.3    97712
read      419.3   338.1    93.8   175.6   200.7   359.8   448.0   500.2   538.0   587.3   665.1   834.8  1354.0  3838.1 10557.3  53816.0    53672
read      495.1   384.9    93.8   190.4   219.0   396.0   510.0   592.3   665.8   763.8   899.8  1131.2  1606.2  3748.9 11662.1  55606.0    55395
read      529.5   797.6    86.8   180.8   209.3   423.3   542.5   631.4   707.4   790.3   892.6  1057.5  1520.2 12238.9 31836.0  29521.7    29425
read      519.4   909.4    93.8   178.8   204.7   423.4   522.0   587.2   637.5   698.7   779.9   904.4  2093.8 11432.6 32237.3  15160.0    15173
read      424.2   502.6    80.4   177.6   203.3   348.9   421.7   466.3   502.5   549.5   625.7   816.3  1849.9  6558.1 25924.8  82477.7    82475
read      362.2   387.3    86.8   174.9   198.6   325.0   385.2   420.4   446.7   479.0   522.9   594.1   882.6  4606.3 14834.0  90465.0    90555
read      459.4   445.5    86.8   178.2   204.4   373.0   472.0   536.6   591.7   672.8   789.5   989.1  1559.4  5112.1 14682.0  48008.3    47944
read      489.5   461.2    93.8   182.9   209.7   409.5   517.2   593.8   669.0   751.7   848.4  1010.7  1392.5  5600.7 12754.4  28354.3    28313
read      490.5   522.2    93.8   180.1   206.5   406.9   516.8   596.1   669.4   752.9   856.9  1010.2  1406.0  5562.8 30237.7  28473.0    28504
read      545.0   960.5    93.8   180.9   208.2   423.5   533.2   623.2   701.6   778.1   871.9  1020.1  1804.5 12150.1 31948.9  22735.7    22886
read      507.3   487.7    93.8   181.2   208.8   409.3   525.3   613.3   693.3   794.9   921.3  1115.6  1546.8  6364.0 16538.3  35980.0    35717
read      516.7   898.8   101.3   181.3   207.7   420.0   518.3   581.3   631.6   695.1   768.3   879.2  2424.3 12354.9 39290.1  14770.7    14828
read      526.0   821.6    93.8   188.6   217.1   381.2   462.2   516.0   564.5   639.6   806.7  1333.0  2789.3  9018.0 31576.8  81574.0    81704
read      391.3   408.3    86.8   170.3   193.8   345.3   427.9   472.3   505.0   544.3   595.4   695.6  1093.9  3351.4 10056.3  55773.0    55771
read      410.9   465.7    86.8   177.9   202.8   342.4   413.2   456.8   490.5   532.9   594.7   760.7  1718.5  5187.7 13879.8  85139.7    85226
read      452.8   466.9    80.4   184.5   211.8   369.4   453.1   504.2   546.2   605.7   711.2   968.2  1818.8  5108.9 12171.2  75188.3    75020
read      379.1   458.8   101.3   171.2   195.3   379.0   418.6   438.5   454.1   469.7   494.3   536.3   775.2  3943.8 30703.9  12592.7    12441
read      442.3   377.6    86.8   178.6   204.5   364.7   453.7   508.4   552.2   621.0   734.6   979.8  1567.1  3668.9 12342.6  55950.3    56208
read      503.3   659.8   101.3   177.3   203.8   429.1   529.7   603.4   666.9   735.4   814.1   928.7  1497.5  7527.4 31505.5  17428.7    17446
read      451.9   579.9    86.8   181.5   207.8   360.7   433.9   480.2   519.1   571.7   660.4   910.3  1892.6  8288.4 21151.2  86671.7    86943
read      433.6   501.3    86.8   174.3   199.1   360.6   452.0   504.5   544.2   596.1   684.5   905.8  1458.8  4172.1 24394.5  49149.0    49138
read      506.2   482.6    93.8   187.0   215.0   402.5   518.2   603.9   681.3   780.7   916.2  1157.9  1722.1  4533.4 12788.3  49776.7    49839
read      498.6   391.4    86.8   186.0   214.0   397.4   514.6   598.7   678.0   778.2   919.0  1148.1  1645.3  3685.6 11379.3  47697.0    47752
read      507.0   723.0    93.8   182.3   209.1   421.1   528.9   607.7   677.4   753.5   843.9   988.6  1367.2 11285.0 31704.3  27087.3    27181
read      496.0  1003.4   109.4   191.2   228.4   398.0   454.6   483.1   504.8   535.1   582.4   681.0  3591.6 12597.8 32176.5   6219.7     6170
read      525.0  1235.1    93.8   192.0   227.8   413.5   481.6   518.6   548.2   588.4   641.9   742.2  2888.6 22461.9 36429.6   7149.0     7187
read      487.0   794.1    93.8   197.0   226.8   378.4   447.2   491.3   526.6   574.8   653.6   880.6  2338.0 11841.0 30328.1  98911.0    99387
read      364.5   291.9    86.8   176.1   199.9   329.8   393.1   429.6   457.5   491.3   536.7   619.8   894.4  3813.8  8315.4  91877.7    91970
read      404.2   406.9    86.8   174.4   198.3   333.5   399.8   440.1   472.3   514.1   578.2   773.8  1875.4  4369.3 12570.6  79622.3    79658
read      397.0   576.3    86.8   171.1   194.8   336.2   412.9   458.1   490.7   528.6   577.8   665.7  1236.6  8882.9 28743.6  59208.3    59230
read      567.1   554.9    93.8   212.6   240.8   415.1   534.5   633.8   730.1   861.1  1060.8  1454.2  2252.6  6036.9 15370.6  78309.7    78081
read      376.2   285.6    93.8   170.5   193.9   337.7   414.2   457.5   488.1   524.2   572.2   650.6   918.3  3658.1  9099.1  64144.0    64242
read      470.8   547.6    93.8   175.3   201.4   389.6   490.5   547.8   598.4   675.0   792.8   984.8  1533.5  5875.2 14706.7  37737.0    37702
read      490.8   399.3    86.8   183.3   211.6   405.4   520.5   596.4   668.6   757.3   868.2  1067.7  1468.3  5232.6 12696.7  40483.3    40686
read      507.3   605.3    93.8   183.7   211.1   418.8   532.7   614.6   684.7   769.5   868.6  1033.2  1431.1  7612.0 29838.0  30414.0    30376
read      518.7   594.9    93.8   180.3   208.7   406.6   522.3   608.5   686.3   786.2   920.1  1149.3  1969.4  7851.0 19359.6  38301.3    38416
read      483.8   380.8    93.8   190.5   217.2   382.8   488.6   565.7   636.1   734.6   868.6  1109.3  1673.1  3998.9 10030.5  65858.0    65892
read      516.5   443.5    93.8   184.4   210.9   401.3   523.6   609.0   696.3   815.0   982.6  1223.5  1806.1  5249.4 10749.7  39296.0    39560
read      503.7   923.4   101.3   187.3   217.3   428.5   509.5   554.0   591.6   636.3   696.4   789.4  1579.5 13222.3 31727.3   9974.7    10016
read      526.5   648.1    86.8   188.7   216.5   395.4   507.5   588.9   668.1   778.8   934.1  1222.0  2017.7  8659.0 20871.3  55140.0    55224
read      521.1   837.3    93.8   179.9   208.1   433.2   541.6   627.5   692.3   754.6   834.2   954.7  1337.0 11594.5 31957.4  19998.7    19982
read      494.5   447.4    86.8   183.2   211.0   393.0   505.0   587.9   663.1   763.7   905.4  1142.3  1633.3  4666.1 15539.1  48198.3    48114
read      544.5   817.0    93.8   183.6   211.9   410.0   530.0   625.6   720.1   838.3   989.4  1192.1  1852.6 11946.5 35141.5  36484.7    36283
read      516.1   599.4   101.3   184.2   211.3   440.2   553.2   638.0   711.9   786.9   873.5  1013.8  1355.3  7881.8 27540.4  23329.3    23315
read      481.8   758.0    93.8   177.1   206.4   425.8   505.5   553.1   591.5   637.1   695.7   793.3  1144.3  8707.3 31808.5  11255.0    11150
read      462.5   633.2    86.8   191.6   219.7   363.6   430.0   470.8   504.6   551.4   637.5   944.7  2294.9  7903.9 28420.2  98528.7    98724
read      408.3   366.6    86.8   174.1   198.4   349.7   430.5   476.2   511.7   557.4   625.8   785.3  1386.8  3566.5 13114.1  57073.0    56880
read      507.0   883.1    93.8   181.6   208.6   427.0   521.1   576.7   624.9   680.9   747.5   860.9  1639.3  8736.7 36709.3  13521.0    13467
read      486.5   650.1    93.8   199.3   228.6   382.8   453.2   499.1   536.9   589.0   680.9  1061.3  2091.6  8984.3 23127.6  99196.0    99368
read      418.4   561.7    86.8   172.2   196.4   352.5   439.0   486.5   521.5   564.1   630.7   782.6  1337.7  6507.7 29408.5  46168.7    46206
read      471.0   416.2    86.8   187.2   214.6   372.6   461.2   521.5   574.0   656.1   806.1  1118.5  1914.8  4311.2 10365.5  71961.3    71651
read      405.9   572.1    93.8   167.5   190.1   373.2   449.3   479.6   500.6   527.3   564.0   633.9  1157.2  6672.5 30582.0  22789.7    22741
read      491.2   501.3    86.8   183.3   210.8   388.0   498.3   578.4   650.5   743.3   873.5  1099.6  1659.1  5757.1 19349.9  56730.3    56654
read      495.4   596.4    86.8   196.7   225.9   377.7   450.1   500.2   545.5   620.3   793.4  1323.8  2081.8  8332.2 18108.4  99516.7    99570
read      414.8   521.3    86.8   169.3   192.5   380.8   459.9   494.5   519.4   549.2   595.5   697.8  1172.1  6120.0 30677.7  22993.3    23047
read      521.1   434.3    86.8   203.3   232.3   407.5   519.8   606.8   688.4   792.7   942.6  1186.7  1851.9  4947.0 10435.3  69999.3    70008
read      486.3   411.7    93.8   181.3   208.8   393.9   507.0   587.7   660.0   750.7   866.9  1079.6  1549.2  4173.8 15133.5  42954.7    42943
read      485.0   353.5    86.8   183.5   210.7   393.1   505.4   582.5   653.5   750.9   882.5  1104.4  1566.6  3780.4  6845.3  46757.3    46704
read      413.6   371.1    86.8   176.5   201.5   347.5   423.7   470.0   506.3   555.0   632.4   822.8  1585.6  4314.9 12034.4  75879.0    75970
read      434.4   579.3    93.8   170.6   194.0   398.0   472.0   508.1   538.9   582.2   659.0   807.2  1144.9  5051.2 31749.8  21905.0    21917
read      486.5   598.5    86.8   182.5   210.5   369.2   444.8   492.5   533.8   595.3   731.0  1303.4  2535.9  6598.5 24808.4  81949.7    82027
read      364.9   358.9    86.8   170.6   193.4   325.7   392.0   430.7   459.3   493.5   540.1   620.7   928.5  4016.0 13823.8  81616.7    81583
read      516.3   972.7   101.3   179.2   208.0   426.9   509.7   566.4   612.5   664.7   728.0   836.5  1940.6 15323.1 31838.1  14239.0    14259
read      475.4   860.6   101.3   190.9   222.9   406.5   471.9   506.8   532.8   565.1   614.5   704.0  1920.8 10071.3 30902.8   7820.0     7821
read      549.1   960.1   101.3   184.3   213.3   443.0   552.4   637.2   695.9   759.9   837.8   969.8  2034.2 18424.8 31108.2  17632.7    17727
read      515.8   527.7    93.8   195.9   224.1   398.5   513.6   603.6   684.6   790.6   934.8  1190.0  1832.4  4891.6 15999.3  65581.0    65559
read      501.5   488.8    93.8   183.6   212.2   407.9   522.6   609.9   683.2   775.7   895.3  1083.1  1490.6  5675.9 13726.8  41434.3    41133
read      503.4   400.7    93.8   184.1   212.5   429.8   544.8   635.5   706.0   785.8   883.9  1035.9  1375.5  5530.1  8917.4  28795.0    28693
read      501.9   440.2    93.8   185.9   214.0   395.7   509.7   591.5   667.0   766.8   914.4  1153.9  1740.7  4539.0 11696.2  52967.3    53141
read      509.1   422.7    86.8   190.8   219.4   401.8   517.6   602.5   676.2   775.3   918.7  1172.4  1793.3  4518.7 10125.7  54469.7    54512
read      499.1   720.0   101.3   184.5   212.4   431.6   525.8   584.5   628.8   676.4   731.8   830.3  1842.0  7481.3 31190.7  14760.0    14835
read      494.5   612.5    93.8   201.9   231.2   388.6   461.4   507.0   545.9   603.3   704.3  1092.6  2244.4  8155.4 17411.0  98314.0    98446
read      402.1   403.7    86.8   170.1   193.6   350.9   437.1   481.0   509.9   548.0   608.4   745.6  1182.0  4524.4 13712.5  38193.3    38117
read      415.7   429.3    86.8   178.3   203.2   345.9   421.2   466.4   502.0   548.7   627.1   823.7  1622.6  5021.1 12886.8  78084.3    77994
read      427.7   409.2    86.8   172.7   196.8   374.8   468.5   512.4   548.3   596.2   675.4   821.2  1216.0  5021.5 15535.2  30165.0    30209
read      529.3   480.5    86.8   202.7   231.4   409.0   523.8   611.4   690.1   798.2   953.9  1245.3  1971.4  4786.3 14540.6  68197.7    68315
read      377.9   358.7    93.8   176.6   200.4   330.6   392.4   428.9   456.9   491.3   537.8   625.8  1557.2  4691.2  8399.3  92001.3    91940
read      426.7   328.7    86.8   175.2   200.3   364.2   454.6   507.3   551.6   612.1   703.8   886.2  1329.7  3324.6 11207.5  49494.7    49308
read      486.0   417.8    86.8   182.4   209.1   387.5   499.9   582.5   661.5   759.9   888.6  1110.4  1583.1  3849.1  9477.1  46977.7    46880
read      478.3   610.0    93.8   192.7   221.8   380.7   459.5   510.6   554.7   619.2   730.8  1000.1  2034.0  8242.4 18777.8  92368.3    92540
read      417.4   370.1    86.8   175.1   199.6   355.0   443.1   492.2   529.8   578.6   651.6   820.2  1373.8  4152.5  9380.7  49341.3    49396
read      408.3   401.4    86.8   184.5   210.1   346.2   409.8   448.5   477.6   518.1   582.4   752.4  1682.9  4698.2 12461.1  97757.3    97841
read      433.7   345.7    86.8   175.3   200.5   369.1   463.9   513.8   554.8   616.9   719.0   909.5  1366.5  3524.9 11401.2  35559.3    35404
read      415.1   451.2    86.8   177.1   201.9   342.5   413.7   457.2   490.8   536.8   614.0   850.6  1718.7  4751.9 17450.1  80311.7    80451
read      480.6   722.1    86.8   183.1   210.6   365.5   440.3   487.5   527.3   584.7   693.5  1174.6  2370.8  8696.2 31238.6  87354.3    87228
read      408.2   517.2    86.8   174.4   198.7   345.3   418.1   461.3   494.0   534.6   592.2   721.2  1597.7  6166.3 28085.5  75464.0    75554
read      451.2   441.3    93.8   182.7   209.4   369.0   459.7   516.8   565.9   633.4   742.9   977.0  1546.3  4713.1 13849.8  58005.7    57964
read      524.6   712.3    93.8   194.1   222.9   383.9   465.1   522.4   575.6   659.3   846.5  1440.3  2523.4  8586.7 30372.7  83226.3    83546
read      395.6   393.5    93.8   174.7   198.6   345.2   423.3   466.6   499.1   539.4   593.3   692.3  1182.2  4862.9 11762.4  55538.3    55468
read      523.5   588.6    93.8   185.9   213.8   414.7   538.1   634.1   710.0   801.4   920.6  1108.9  1717.3  8221.9 20915.0  34110.0    34203
read      511.9   511.9    93.8   185.1   212.7   402.7   525.6   615.5   692.7   794.5   928.0  1130.8  1863.0  6585.3 13369.8  37474.7    37629
read      504.1   399.0    86.8   188.0   216.0   411.8   534.5   630.5   705.5   793.7   905.0  1076.2  1517.6  4662.5 12045.9  34550.3    34577
read      507.1   540.9   101.3   186.1   213.7   396.3   513.8   601.6   679.9   779.3   908.6  1131.2  1757.3  5854.6 29646.1  47367.3    47426
read      488.8   530.4    86.8   191.2   218.1   381.4   488.4   568.2   640.9   740.8   871.3  1102.6  1668.4  4994.2 24279.0  58700.7    58845
read      503.5   405.3    93.8   198.5   225.9   395.6   506.9   590.9   665.2   766.0   911.1  1159.1  1803.9  4042.9 12157.3  67238.0    66993
read      469.1   844.5   101.3   179.4   204.8   401.2   476.2   518.0   547.7   584.5   633.0   718.0  2265.1 11322.0 31800.0  11023.0    10977
read      493.8   477.1    93.8   186.4   214.1   386.7   498.9   580.1   656.1   759.5   900.2  1147.3  1648.4  4253.1 15251.6  51504.7    51529
read      483.5   405.4    93.8   185.1   211.0   379.9   491.3   569.5   639.6   738.1   881.8  1135.8  1714.4  3833.6 11385.1  48639.0    48344
read      463.2  1079.0   109.4   192.1   222.1   377.8   434.0   462.9   483.4   506.2   542.4   617.1  2606.7 18540.4 31993.5   5874.0     5902
read      433.2   482.1    93.8   177.7   203.4   349.5   430.1   480.0   520.5   577.8   670.2   904.7  1746.6  6904.3 14360.0  71237.7    71602
read      393.8   413.0    86.8   169.5   192.9   339.0   427.5   471.3   502.3   540.1   591.1   697.9  1241.0  4359.8 19619.9  41923.0    41886
read      487.5   467.9    93.8   186.7   214.0   391.7   501.0   579.3   647.6   735.8   861.2  1063.0  1552.9  6231.4 15324.8  47586.0    47456
read      440.0   617.9    86.8   186.6   212.8   355.2   423.1   464.2   497.4   541.5   613.7   799.6  1947.1  8249.6 30810.9  93932.7    93939
read      412.2   309.4    80.4   175.3   198.8   390.3   459.3   492.5   518.3   557.8   617.4   728.2  1041.0  4148.3 11616.5  16980.0    16890
read      504.4   656.9    93.8   184.9   211.5   397.6   514.4   599.1   667.8   757.9   882.2  1097.5  1637.7  6550.0 31506.9  45854.0    45689
read      498.8   489.1    93.8   181.6   209.4   415.5   528.0   605.5   672.8   749.2   854.8  1024.5  1547.2  6213.4 17788.5  32819.7    32790
read      501.8   629.1    93.8   182.6   210.0   392.1   507.2   591.6   667.0   763.2   891.7  1099.7  1603.4  6466.1 33238.1  43923.0    44044
read      479.3   422.0    86.8   182.6   209.6   407.7   515.6   597.8   666.6   739.9   830.1   966.0  1325.2  4801.0 12456.4  28135.7    28149
read      506.4   580.1    93.8   183.9   211.1   394.2   509.6   594.0   672.3   778.8   931.8  1163.8  1659.9  6685.1 30315.7  39723.0    39739
read      460.3   618.6    93.8   179.7   206.4   361.4   443.3   492.5   533.5   589.7   685.4   998.8  2062.6  7437.8 30160.3  72330.7    72475
read      343.5   213.1    80.4   173.5   196.2   317.2   374.3   407.6   432.9   463.2   503.0   571.5   764.4  2303.2  7713.5  93926.3    93882
read      443.2  1122.8   101.3   186.8   214.7   358.4   411.4   441.6   462.3   488.9   528.1   603.4  1368.8 15956.3 36802.8   6722.7     6692
read      500.6   574.9    93.8   183.7   211.3   385.2   497.0   581.5   656.7   756.3   909.5  1170.0  1778.3  5611.5 20354.4  50310.3    50406
read      468.3   567.1    86.8   183.5   210.5   363.2   436.9   484.1   524.4   582.7   696.5  1227.8  2008.9  6754.6 19770.8  83033.3    83055
read      401.5   306.8    86.8   172.6   196.7   346.2   432.0   478.3   512.6   556.2   621.9   757.6  1329.6  3494.5  8114.9  55613.0    55609
read      500.9   801.4   101.3   181.2   208.2   411.4   506.0   574.1   623.0   677.0   744.6   858.1  2135.1 11635.0 30870.1  17065.0    16968
read      493.8   589.0    86.8   184.0   212.3   395.8   504.2   581.7   650.5   741.0   864.8  1071.1  1603.5  6046.7 30938.6  42993.3    43031
read      477.1   673.8    86.8   181.1   207.6   406.5   499.1   564.9   613.1   665.0   727.6   829.9  1340.5  7841.2 31397.7  17145.7    17236
read      397.6   319.6    86.8   178.8   203.9   340.5   410.1   451.7   482.8   524.5   586.5   733.5  1593.6  3439.9  8504.3  82116.3    82183
read      445.9   517.3    93.8   175.3   200.1   366.3   459.5   510.0   549.9   603.4   696.2   903.5  1567.0  7865.3 14800.0  42208.7    42212
read      457.0   710.2    93.8   177.7   204.3   406.4   488.2   537.6   574.5   618.0   673.9   763.6  1136.6  7559.0 31785.2  12270.3    12244
read      506.5   568.2    93.8   193.4   221.4   392.1   500.2   582.1   655.9   759.3   910.3  1160.9  1798.2  5984.1 20461.8  61639.3    61777
read      499.7   462.4    93.8   182.8   209.9   398.7   511.1   592.9   667.7   765.7   904.9  1125.0  1776.3  5562.5 12808.9  37039.3    36984
read      491.5   606.1    93.8   182.7   209.7   407.3   512.7   585.6   645.3   721.9   817.0   967.0  1424.2  8978.1 30201.5  29043.3    29093
read      490.0   445.8    93.8   185.0   211.2   393.7   506.4   583.9   651.3   744.4   882.9  1122.1  1620.7  5231.6 11615.8  41833.3    41715
read      517.1   721.2    93.8   184.5   212.0   405.0   511.3   594.0   661.7   748.4   871.9  1088.1  1867.7 11086.1 31007.3  34815.7    34838
read      496.0   398.9    86.8   197.2   224.4   391.8   499.8   581.3   653.8   756.0   896.0  1129.5  1728.6  4154.1 10036.6  63316.3    63574
read      483.8   584.9    93.8   179.4   206.0   408.9   509.0   585.6   644.9   712.9   797.0   930.2  1353.9  6350.6 31594.0  24388.7    24401
read      490.0   542.3    93.8   182.3   209.3   406.2   514.9   594.4   662.9   749.2   855.8  1023.9  1380.7  6255.3 29386.8  32107.7    32025
read      433.2   551.2    93.8   188.4   214.1   355.8   422.1   462.1   495.2   540.9   615.1   799.0  1801.5  7586.2 15984.8  99034.7    98971
read      418.6   464.6    93.8   171.1   194.3   377.3   457.4   497.8   531.3   577.1   646.1   776.9  1200.2  5683.4 16246.1  23600.0    23657
read      502.1   518.1    86.8   196.1   223.7   392.0   500.9   585.4   657.1   753.5   891.7  1131.8  1745.4  5145.6 15856.4  68010.7    67877
read      503.7   550.9    86.8   186.7   214.1   386.1   499.9   584.0   658.5   755.9   899.2  1175.0  1884.0  5485.2 20451.0  54120.0    53849
read      456.9   632.1    93.8   178.3   205.1   359.0   433.2   478.8   518.4   575.3   676.6  1035.0  2011.8  8389.0 28472.0  79820.3    79536
read      410.5   440.4    93.8   171.2   194.9   381.1   449.3   484.0   510.2   550.9   611.2   721.3  1066.7  4868.5 24631.9  17010.0    17081
read      502.5   708.4    93.8   178.2   206.2   392.7   501.9   583.5   654.1   741.3   857.5  1061.8  1745.8  7969.1 31731.0  38658.3    39024
read      477.9   662.3    86.8   176.4   202.6   399.5   496.5   570.6   630.6   694.7   779.2   923.4  1395.8 11219.6 30953.5  26226.0    26125
read      483.3   480.7    86.8   181.9   208.9   399.0   504.4   583.4   652.4   743.2   860.1  1042.5  1415.8  4743.1 15063.5  33356.0    33388
read      514.9  1050.3    93.8   178.1   205.2   409.1   505.8   576.5   631.6   690.0   760.4   883.1  2156.0 18964.3 32380.3  21047.3    20979
read      479.0   716.0    86.8   193.1   222.2   373.4   446.0   492.4   531.3   584.5   675.3   959.2  2258.9  8764.3 31183.7  96045.7    95865
read      405.0   343.8    86.8   177.0   201.3   345.4   419.7   463.3   497.7   542.6   610.2   767.4  1557.1  4037.1 11778.0  74089.3    73949
read      364.4   261.3    86.8   169.7   192.3   328.0   402.8   444.4   472.0   507.8   554.4   621.9   861.3  3454.5  8898.0  60780.3    60987
read      457.3   550.3    93.8   179.6   205.1   364.0   457.0   518.0   568.1   637.4   758.6  1012.1  1654.0  5443.5 28359.0  54112.3    54175
read      475.2   387.7    93.8   183.8   210.5   382.3   488.1   563.5   629.7   719.3   843.8  1082.5  1619.9  3454.2  9695.0  51565.0    51484
read      481.4   423.2    86.8   182.7   210.1   398.2   509.2   589.2   658.5   744.2   861.1  1046.7  1442.0  3376.0 15095.5  39662.7    39771
read      505.0   607.5    93.8   183.1   210.6   406.4   516.2   599.2   672.2   759.9   874.4  1065.4  1544.4  8694.2 30433.4  33143.0    32864
read      477.1   350.8    86.8   178.7   204.7   383.4   490.6   567.3   636.7   737.5   877.3  1133.6  1620.5  2919.7  7305.3  42184.0    42033
read      478.5   383.1    86.8   181.9   209.5   391.5   498.3   575.7   640.7   731.8   856.2  1072.0  1563.2  3643.1 11268.5  43727.0    43808
read      481.4   379.3    93.8   185.8   212.7   388.2   495.8   573.1   640.4   737.5   868.7  1093.8  1636.8  3250.3  9788.3  45766.3    45785
read      502.2   450.5    93.8   184.5   213.7   410.2   529.0   613.3   685.8   777.5   893.5  1075.5  1596.1  4865.1 13701.2  35732.7    35582
read      484.7   416.6    93.8   185.2   212.3   402.4   509.7   589.3   658.3   743.4   851.5  1029.4  1435.2  4787.2 10163.6  38431.0    38504
read      453.2   471.0    93.8   179.5   206.1   402.9   487.8   549.1   593.3   638.4   697.7   794.6  1205.3  5430.1 12764.4  15444.0    15320
read      406.7   426.1    93.8   177.1   202.1   344.5   419.5   462.8   497.8   543.6   614.6   779.7  1424.2  4604.2 12469.5  74217.7    74264
read      417.1   310.4    93.8   174.1   198.1   356.4   445.3   494.9   534.2   584.4   660.4   853.5  1454.1  3090.0  6273.0  43930.0    43890
read      457.3  1368.0   118.1   189.8   216.2   349.5   401.0   427.3   446.5   469.2   503.7   580.4  2595.8 31107.3 38597.3   5940.7     5962
read      540.8   835.5    93.8   188.4   215.5   406.1   527.1   615.2   693.7   793.3   925.7  1149.9  1981.3 11942.4 31695.6  38238.3    38365
read      488.3   462.5    93.8   188.2   214.4   379.9   488.3   569.6   641.4   743.4   897.2  1153.1  1676.2  4039.4 12192.4  55853.7    55971
read      473.5   565.1    93.8   179.5   205.4   400.9   500.3   574.3   630.0   696.7   781.7   918.4  1285.5  7293.9 30839.1  23315.0    23217
read      456.9   544.8    93.8   184.1   210.6   358.6   431.7   480.2   523.5   585.0   702.0  1053.1  1895.7  6948.9 20334.2  87731.0    87681
read      374.5   342.8    86.8   177.4   201.9   337.3   400.8   437.0   464.7   499.4   546.2   629.7   974.0  3817.5 12103.5  91444.7    91728
read      360.5   295.8    86.8   179.2   203.1   330.5   390.6   425.4   451.1   482.2   525.5   596.3   832.7  3361.3 11397.3  96508.3    96668
read      412.8   477.5    86.8   175.9   200.7   342.4   413.9   456.0   490.0   536.1   605.8   799.1  1696.5  5205.9 15008.6  80711.7    80475
read      383.4   309.6    86.8   167.4   190.1   349.2   437.6   472.3   497.2   526.8   566.6   638.3   988.3  3751.8  8696.2  27188.0    27150
read      473.7   392.3    86.8   186.9   212.3   379.3   481.1   555.1   623.6   713.5   849.4  1098.0  1578.0  4121.8 12273.3  53382.0    53444
read      481.7   494.8   101.3   184.8   210.9   410.7   519.3   599.1   660.6   729.1   809.5   942.9  1263.2  6012.7 17410.0  23747.7    23737
read      516.5   815.7    86.8   193.5   223.5   385.5   461.5   512.2   557.1   623.9   744.2  1234.3  2689.4  9391.5 31520.8  87477.7    87776
read      388.4   379.9    86.8   174.3   197.7   333.0   399.5   438.0   467.4   505.2   559.4   677.3  1574.8  5001.9  9449.0  81941.7    82175
read      438.5   550.1    93.8   190.0   217.4   358.2   421.5   459.4   491.4   535.0   605.9   840.9  1791.2  8247.9 19720.2  98586.7    98548
read      402.8   339.8    86.8   172.1   195.0   346.9   433.8   477.1   513.0   557.5   626.7   803.5  1284.3  3531.2  9966.1  37556.0    37704
read      472.3   425.8    86.8   187.9   214.3   377.1   469.0   535.1   590.3   673.3   812.3  1076.4  1804.1  4733.0 10897.3  64763.3    64701
read      369.7   340.3    93.8   172.6   195.4   331.2   402.1   441.9   470.8   507.7   554.7   630.1   878.9  3794.3 10636.6  68873.0    69089
read      361.7   401.5    86.8   175.4   198.0   326.2   387.8   422.9   448.9   480.5   524.7   594.2   856.8  3905.3 21020.6  89992.7    89785
read      449.3   617.6    93.8   174.0   199.5   391.6   460.3   506.5   554.3   614.4   692.3   816.7  1557.6  5806.0 30517.6  16658.0    16676
read      445.8   687.9    80.4   179.1   204.0   348.7   423.3   466.6   502.3   550.4   628.3   918.2  1966.8  9802.5 30568.3  69536.3    69604
read      360.7   195.5    86.8   186.2   210.7   335.3   392.0   425.2   450.3   481.5   526.2   600.1   816.4  1890.3  6424.8  99659.3    99682
read      357.9   195.0    86.8   186.8   210.6   334.6   391.7   424.5   449.1   479.5   522.1   589.8   785.3  1470.1  8238.5  97456.7    97693
read      509.0   926.8    93.8   185.7   212.4   409.4   492.0   552.4   605.1   675.0   773.0   940.4  1795.0 11373.1 32487.8  17522.7    17381
read      529.0   729.7    93.8   191.5   218.8   407.2   527.1   610.7   685.6   786.2   933.3  1184.7  1717.5  9466.0 31886.8  40091.3    40069
read      459.5   827.6   101.3   193.3   222.5   396.3   456.5   493.2   523.2   559.6   613.1   694.7  1776.9 13254.6 31809.4   8901.7     8841
read      527.5   428.6    93.8   201.7   232.1   418.2   538.4   628.8   703.9   801.4   946.6  1187.7  1917.0  4124.5 10545.8  56430.3    56576
read      547.2   963.4   101.3   186.0   214.7   428.2   544.6   628.7   689.5   765.8   862.9  1035.0  2148.1 14828.4 35645.8  21484.0    21599
read      517.3   632.3    93.8   187.5   215.1   394.4   509.3   593.5   668.8   768.7   925.8  1182.7  1833.7  8275.1 29174.5  52810.7    53003
read      514.6   782.7    93.8   183.3   209.4   412.5   523.5   600.5   653.5   720.6   802.5   953.4  2160.7 12056.9 32233.6  19883.0    19831
read      447.9   633.1    93.8   177.9   203.2   346.3   417.7   461.6   498.9   548.0   639.4   998.8  2111.8  8366.0 30274.2  80250.0    80340
read      420.4   295.2    86.8   173.4   196.9   368.8   463.0   512.2   547.4   591.2   668.9   847.8  1267.8  3747.6  7312.8  28669.3    28765
read      550.3   943.2   101.3   185.8   213.6   419.0   531.1   613.1   674.4   748.3   845.1  1018.5  3361.4 10214.0 32103.9  25701.0    25572
read      521.0   649.4    86.8   185.0   212.7   409.7   529.3   612.5   684.3   784.2   923.5  1158.8  1733.2  7045.6 30562.5  37142.0    37071
read      460.7   461.2    86.8   179.7   205.8   362.1   439.4   489.1   532.1   593.5   726.9  1142.5  2062.9  5385.1 11980.0  75936.7    75819
read      412.4   477.6    86.8   171.2   194.6   349.3   437.2   483.1   518.3   561.8   623.9   774.1  1356.5  5562.4 23363.5  44355.0    44359
read      411.8   571.3    86.8   181.5   207.1   349.2   416.5   456.7   488.6   530.4   590.7   722.5  1481.6  8306.2 23550.3  96013.7    95960
read      439.8   432.9    93.8   177.6   202.9   354.9   439.0   490.7   533.9   590.2   685.9   973.5  1816.4  6051.3  9549.8  59753.0    59630
read      492.2   452.4    93.8   185.9   213.7   395.5   508.1   588.4   655.8   749.3   883.4  1109.6  1609.4  4200.9 13197.9  47873.0    47930
read      476.3   517.2    93.8   184.4   211.4   373.5   465.7   528.5   581.0   653.9   783.5  1093.5  1977.1  5706.2 18591.9  65487.0    65545
read      362.3   348.3    86.8   179.7   203.4   329.6   389.2   423.4   449.0   480.6   525.0   595.8   834.8  4229.5 12892.9  93971.3    94038
read      454.7   357.1    86.8   181.3   207.3   376.8   477.0   541.3   593.9   665.3   780.3   997.0  1495.8  3241.5 11730.1  51837.7    51806
read      500.1   484.0    93.8   188.3   216.6   401.7   514.4   591.4   655.5   744.3   877.6  1094.8  1728.0  5713.5 15190.0  48963.0    48712
read      468.2   999.8   101.3   177.1   204.0   395.4   472.5   522.4   553.9   595.7   646.7   741.8  1396.7 12166.8 32139.2  13059.0    13115
read      432.0   527.2    86.8   179.0   204.5   347.3   420.1   464.2   501.4   551.8   632.4   901.3  1836.4  8079.0 17236.9  76199.7    76569
read      411.0   364.8   101.3   175.0   198.9   379.6   443.6   474.2   504.0   543.9   610.7   739.9  1315.2  4214.5 12717.4  19431.7    19372
read      513.8   516.1    93.8   195.3   224.1   399.9   512.0   592.3   664.1   765.3   912.2  1159.6  1857.5  6159.7 14752.0  59471.3    59331
read      503.0   396.9    93.8   198.7   226.5   400.8   516.3   599.9   672.0   764.6   900.3  1134.1  1690.9  3943.6 10314.8  62328.3    62597
read      497.1   443.0    93.8   184.3   210.9   400.8   519.7   598.4   668.7   767.2   901.2  1109.6  1567.9  5194.4 11004.4  37832.3    37702
read      520.4   539.4    93.8   188.7   215.2   394.4   514.5   600.5   679.6   795.6   974.6  1261.9  1912.4  6112.2 14091.1  42060.7    41975
read      492.3   643.4    86.8   185.3   211.8   404.4   510.0   584.1   641.7   712.3   802.7   952.4  1465.6  8415.4 30429.8  26080.7    26100
read      484.5   620.8    86.8   187.7   214.2   366.4   443.9   495.3   538.8   601.2   733.9  1295.4  2255.4  8017.8 26105.2  82409.0    82500
read      432.5   515.6    86.8   180.0   204.4   352.7   437.9   492.2   534.0   585.2   663.4   858.5  1569.1  8375.8 14714.8  50850.7    50756
read      488.4   342.1    93.8   206.7   233.9   398.7   501.5   576.6   640.7   726.5   849.9  1074.8  1621.2  2917.0  7467.5  66619.0    66696
read      495.2   442.7    86.8   193.2   220.5   390.9   501.0   583.7   654.5   750.1   899.5  1136.2  1683.4  3813.8 16055.8  53558.7    53364
read      477.1   989.7   101.3   189.8   217.2   391.1   466.1   511.4   542.4   583.9   638.7   730.4  1705.3 13141.8 32097.6  10416.7    10413
read      445.4   498.9    93.8   185.3   210.2   356.9   436.9   491.7   537.0   593.4   694.9   966.3  1855.8  5080.3 17453.2  64548.7    64876
read      407.2   422.2    93.8   182.8   207.1   347.1   422.0   466.0   504.3   551.5   618.5   749.7  1249.3  5234.5 14171.9  68669.0    69079
read      478.0   765.9    93.8   182.5   208.3   396.5   492.5   555.8   607.3   666.6   750.3   874.5  1393.3 11859.0 32336.6  19521.7    19447
read      442.4   510.9    93.8   182.6   208.3   354.7   428.4   473.7   511.9   565.5   653.9   932.4  1929.5  7241.8 13906.6  80915.7    81182
read      427.1   475.9    93.8   174.9   199.3   374.5   458.3   501.1   536.6   585.8   655.8   803.6  1219.1  5413.8 17894.9  25134.7    25265
read      500.5  1274.7   101.3   183.5   209.5   381.9   446.6   484.7   512.5   550.0   608.5   694.8  2633.9 23904.5 31942.0   9667.0     9699
read      516.4   562.3    93.8   189.2   215.5   386.3   499.0   583.2   659.5   784.5   974.9  1253.4  1960.5  6935.4 16202.2  48546.7    48659
read      504.1   506.0    93.8   194.9   223.6   387.7   479.7   550.5   616.6   717.7   893.5  1204.8  2087.5  4905.3 15988.1  75250.3    75126
read      364.6   409.5    80.4   180.1   203.9   329.0   387.8   421.2   446.3   478.0   522.7   593.9   848.8  4598.0 15690.5  96876.0    96559
read      451.2   416.2    86.8   181.7   207.7   367.5   456.6   515.5   564.6   632.0   748.5   974.4  1697.1  4733.1 10129.4  56045.3    55885
read      514.2  1302.0   101.3   184.7   212.0   387.9   447.1   482.8   510.2   548.5   605.4   715.3  4200.5 26776.1 32251.7   9048.7     9039
read      565.3   578.0    93.8   209.7   239.3   419.0   543.4   645.2   735.8   858.3  1030.1  1351.5  2304.6  6062.1 19039.3  66395.7    66378
read      489.4   487.7    93.8   184.2   210.8   393.1   505.7   584.5   652.6   748.5   887.1  1102.5  1494.4  5015.5 27044.2  41355.7    41225
read      494.7   407.2    93.8   190.0   217.4   392.3   506.4   589.9   658.7   756.3   897.2  1141.5  1649.8  3454.3 11655.7  52466.7    52371
read      516.1   741.3    93.8   185.5   213.1   396.9   509.8   591.7   659.3   754.2   879.1  1102.4  1894.0 11075.9 31234.2  39633.3    39873
read      525.2   651.7    93.8   183.9   210.7   396.5   516.1   599.4   672.6   781.8   953.7  1245.4  1996.2  7025.9 29898.4  41295.0    41176
read      443.1   633.1    86.8   183.0   209.3   359.7   427.8   469.4   503.0   545.2   611.9   768.1  1935.3  8620.4 20000.3  85439.7    85357
read      372.7   418.2    86.8   173.8   196.8   328.9   393.3   429.6   457.9   493.7   540.7   619.8   970.4  5438.5 15331.3  85581.3    85391
read      363.0   236.1    86.8   179.1   203.1   332.9   395.3   430.3   457.0   490.1   534.6   606.5   819.5  3605.6  7662.8  91771.0    91890
read      460.7   407.8    93.8   181.6   207.6   369.3   463.8   531.0   584.0   661.1   798.5  1076.5  1696.3  3847.3 13260.1  57778.7    57558
read      516.9  1362.8   101.3   182.4   209.9   389.6   459.8   505.8   534.9   571.2   620.7   718.1  3485.6 28389.0 36747.8   9868.7     9972
read      567.0   549.9    93.8   211.1   239.7   418.7   541.7   644.7   736.6   867.4  1056.8  1415.9  2251.6  5657.4 14382.9  74451.7    74636
read      371.7   291.4    93.8   166.0   188.4   343.6   424.8   458.7   482.6   509.7   544.2   599.2   899.9  3422.4 11545.2  29781.3    29773
read      459.2   508.3    86.8   183.4   210.2   369.5   455.3   512.5   561.1   625.5   737.0   991.4  1757.9  5707.1 20483.5  63441.0    63494
read      477.5  1387.1    93.8   183.5   209.8   360.4   410.7   434.7   456.1   481.9   520.1   592.1  2803.9 27019.9 37701.1   7224.7     7201
read      488.1   347.0    86.8   185.5   212.8   393.1   507.7   587.3   653.5   746.4   888.7  1119.2  1650.6  2722.3  8078.7  49341.0    49507
read      528.9   466.0    93.8   204.7   233.1   408.6   526.6   616.9   699.4   808.3   962.9  1238.0  1904.8  4696.3 12320.5  65407.3    65454
read      449.4   551.6    93.8   185.5   211.9   363.1   433.4   477.4   511.6   560.7   635.7   890.9  1940.4  7284.7 16897.6  88872.7    88537
read      413.3   293.3    86.8   172.1   196.3   361.1   451.8   502.5   539.1   581.0   641.5   800.1  1268.7  3447.0  9335.6  37075.0    36982
read      394.5   342.8    93.8   180.3   204.8   338.6   402.1   440.5   470.6   511.9   572.7   719.9  1613.3  3367.9  9450.4  89056.7    88964
read      382.7   412.7    80.4   180.9   206.3   342.1   404.0   440.8   469.0   504.9   552.2   637.5  1001.4  4512.0 15922.9  96445.7    96479
read      456.5   527.2    93.8   176.1   201.4   364.8   460.4   523.9   573.1   643.8   776.7  1035.1  1598.9  6686.7 14752.7  47599.7    47883
read      488.4   501.7    86.8   184.7   212.0   389.1   497.3   573.9   640.3   737.4   865.9  1094.9  1674.6  5034.0 13182.6  50751.7    50650
read      535.8   723.9    86.8   196.1   226.9   390.2   471.9   532.4   587.4   680.6   902.0  1518.8  2344.8  8831.5 30813.0  89190.3    89242
read      356.6   368.1    93.8   186.7   212.9   335.4   371.8   390.4   402.3   418.9   436.6   487.2   894.5  6262.1 10101.9   7330.0     7374
read      451.1   933.0    93.8   183.9   211.4   375.1   432.2   465.3   491.8   523.3   564.4   639.3  2300.8 11670.3 32009.2   8550.7     8507
read      554.3   919.0    93.8   186.6   215.2   396.1   514.7   600.1   676.3   789.4   963.2  1272.2  2256.5 13480.1 32347.7  50415.7    50676
read      546.3   768.2    93.8   190.8   218.9   395.4   513.7   602.0   682.1   798.9   977.0  1315.1  2287.5  8916.6 31933.6  57162.0    57069
read      496.8   590.6    86.8   182.4   209.5   389.3   501.1   579.4   644.4   735.0   869.2  1105.1  1627.5  8239.9 15063.1  43504.0    43520
read      491.9   511.3    86.8   189.3   217.0   385.2   491.7   566.8   631.2   719.9   850.7  1089.0  1788.7  6879.4 13962.1  56511.7    56720
read      502.5   435.9    93.8   199.5   227.2   401.5   510.3   590.6   658.4   747.4   870.8  1105.8  1741.1  4776.5 14170.2  68081.0    68155
read      488.2   387.2    86.8   190.2   218.2   390.4   498.9   577.2   642.5   736.3   874.6  1131.1  1634.8  3257.3  9430.4  60168.7    60444
read      464.8   340.5    93.8   191.1   218.5   380.9   481.3   553.2   614.4   693.3   806.9  1011.8  1496.6  3125.3  9976.2  64268.3    63997
read      472.5   774.0    93.8   175.8   202.7   398.8   490.5   552.9   599.4   648.9   717.1   833.5  1417.0  8981.1 32480.3  17395.3    17315
read      452.6   535.1    86.8   177.0   203.2   352.5   423.2   467.1   504.9   556.3   651.2  1211.7  1974.1  6488.8 12783.2  78579.0    78596
read      415.8   397.6    86.8   178.2   204.3   348.6   421.7   467.4   506.6   557.7   637.6   845.8  1562.7  4455.1 10954.1  81452.7    81548
read      370.6   305.0    93.8   180.0   204.7   337.1   397.1   431.4   458.5   492.0   537.9   620.7   937.4  3853.6 12254.7  97096.7    97254
read      459.9   575.3    93.8   176.6   202.3   367.6   459.9   520.1   565.2   627.8   740.6   974.2  1716.1  8530.2 18741.7  46129.7    46135
read      454.8   715.5   101.3   179.8   205.9   395.7   477.8   526.8   561.0   599.1   657.7   762.6  1345.6  9910.0 30572.0  13505.3    13379
read      508.6   541.3    86.8   179.4   205.2   377.1   490.6   572.1   649.4   764.5   963.5  1305.6  2003.6  5917.5 18228.3  46886.7    46993
read      449.3   562.3    86.8   191.9   220.3   368.0   436.2   480.1   514.5   561.2   634.3   817.8  1841.1  8257.9 16758.5  98331.0    98274
read      377.3   371.1    86.8   182.1   207.0   341.3   402.6   439.2   468.1   503.4   549.1   634.0   941.2  3969.2 12694.2  96949.0    97056
read      466.3   395.5    93.8   178.4   203.2   367.2   469.8   537.2   587.7   668.8   839.6  1171.3  1710.3  3363.6 11008.0  43446.3    43434
read      485.5   431.4    86.8   181.7   210.2   400.9   514.4   592.8   658.7   747.4   864.8  1067.1  1419.4  3916.4 15903.2  36378.3    36406
read      428.6   501.4    86.8   183.8   210.3   354.5   418.0   456.6   487.1   528.4   592.6   781.2  1864.5  6461.7 13020.4  99325.3    99121
read      410.8   363.6    86.8   176.3   201.3   341.9   414.0   459.1   496.9   546.9   632.9   870.0  1583.7  4028.9  9787.6  80964.0    80708
read      378.5   278.5    86.8   167.6   190.3   339.0   421.7   463.2   495.7   531.9   573.2   636.7  1022.9  4024.1  8983.3  40588.7    40517
read      491.7   763.4    93.8   175.2   201.2   382.9   484.2   544.9   594.3   669.0   806.3  1045.0  2091.1 11038.3 29972.9  34035.7    34168
read      461.3   916.1   101.3   178.8   204.7   387.4   459.0   502.6   535.0   574.5   630.2   727.4  1833.9 10858.0 35955.2  11749.7    11754
read      468.4   667.8    93.8   186.8   213.7   362.5   431.5   476.5   514.9   570.2   668.2  1029.5  2141.9  8651.5 28689.0  93439.3    93304
read      401.7   443.1    86.8   170.9   194.7   340.2   415.5   458.0   491.4   532.8   588.7   711.5  1599.3  5466.6 13601.5  64667.3    64697
read      429.2   507.8    86.8   182.9   208.4   348.9   414.9   455.3   488.3   532.8   603.4   849.6  1816.7  7441.4 15831.8  92730.0    92626
read      462.5   536.7    93.8   181.3   207.9   361.3   440.5   493.5   538.1   600.8   722.4  1052.3  2135.7  5945.0 17760.1  75774.0    75618
read      389.0   454.2    80.4   173.0   196.3   332.0   397.8   434.9   464.0   500.8   552.9   667.0  1631.0  5030.1 11928.5  85747.3    85805
read      440.0   639.3    93.8   173.6   198.5   385.7   456.7   496.9   531.4   579.6   650.2   785.7  1217.3 10594.5 30310.5  18918.3    18930
read      485.9   502.2    93.8   185.4   212.1   385.3   492.5   567.7   632.0   723.0   855.1  1112.1  1693.3  5192.9 15061.2  50022.7    50153
read      440.3   661.7   101.3   180.3   205.5   382.6   448.9   491.8   521.6   558.0   607.6   691.4  1928.2  7868.5 32437.5  10360.0    10377
read      509.2   668.9    93.8   180.3   207.0   395.2   501.8   579.6   643.3   742.3   885.2  1097.9  1894.7  8318.3 28656.8  33074.3    33112
read      501.3   584.3    93.8   184.1   211.4   408.7   519.7   596.6   655.4   737.1   846.9  1024.6  1599.2  6746.6 30425.4  29039.3    28777
read      478.8   371.6    86.8   185.0   212.6   393.0   500.1   574.5   632.8   714.1   828.0  1046.5  1578.8  4322.9 10039.3  45627.7    45709
read      415.4   437.7    86.8   177.9   202.5   345.6   418.7   461.4   495.4   538.9   607.1   791.2  1734.6  5211.3 12760.5  74328.0    74458
read      424.7   410.1    93.8   177.4   203.1   350.0   424.2   470.6   510.0   562.7   651.2   914.6  1733.2  4450.9 10155.8  73838.7    73596
read      374.7   326.1    93.8   170.7   193.1   348.4   428.6   463.8   489.1   517.8   552.7   615.4   821.1  3696.3  8273.5  27936.7    28031
read      468.1   567.4    86.8   182.9   209.2   373.5   464.7   523.4   568.9   626.2   717.4   947.0  2169.3  6550.0 21955.8  45524.7    45754
read      359.8   191.9    86.8   179.6   203.8   331.3   394.9   431.5   459.6   494.7   541.5   619.3   824.9  1769.0  5536.2  80102.3    80138
read      370.8   202.5    93.8   180.9   204.8   341.4   411.9   451.9   481.7   519.3   567.6   636.1   809.9  1571.3  7858.2  64205.7    64350
read      384.4   344.9    86.8   178.7   203.3   347.1   421.4   463.4   495.7   533.2   581.8   657.0   892.1  3410.7 10638.2  51970.0    51870
read      351.2   190.1    86.8   177.6   201.3   326.1   387.2   421.4   447.0   479.0   523.4   590.0   766.5  1696.2  6643.0  80987.7    81106
read      352.6   233.3    86.8   180.8   204.7   327.1   386.2   419.7   444.7   475.0   515.2   581.6   748.0  1873.6  9120.1  81856.7    82064
read      383.1   293.0    86.8   176.8   201.4   357.0   437.2   477.5   505.6   536.5   576.3   636.3   796.2  3018.7 12617.8  30819.7    30534
read      391.6   221.8    93.8   178.7   203.0   371.4   451.6   492.9   521.4   550.0   590.9   658.7   870.6  1904.7  8586.2  25423.0    25449
read      370.0   282.3    86.8   179.1   203.1   338.0   405.0   443.8   472.6   509.2   557.0   629.1   814.6  2774.4 10596.4  67208.7    67525
read      383.4   247.2    93.8   176.6   200.1   359.6   440.9   478.9   508.4   539.9   578.1   637.5   792.1  2928.4  7963.6  27216.0    27070
read      382.2   239.9    86.8   177.8   202.9   351.8   430.3   470.9   502.3   537.8   581.1   641.9   832.5  3120.9  7508.0  41014.0    41133
read      392.4   345.0    93.8   178.6   203.2   362.7   448.8   490.5   518.6   549.7   591.1   647.9   800.9  4357.7  9952.6  27910.0    28009
read      362.7   210.5    86.8   178.3   202.5   332.7   399.5   439.2   468.2   505.1   553.1   625.5   803.9  1640.5  7764.2  64145.7    64235
read      377.6   312.5    93.8   176.1   199.0   375.3   430.2   455.9   472.6   496.1   526.7   578.8   733.8  4063.4 12694.0  16424.3    16387
read      360.7   231.8    93.8   173.8   196.7   330.7   402.7   442.2   470.0   506.7   552.4   618.6   776.1  1784.4  8196.5  62453.3    62388
read      378.4   266.2    86.8   174.8   198.8   347.7   429.1   468.6   500.3   535.4   577.8   639.8   827.6  3243.9 11214.8  40136.3    40199
read      388.4   344.4    93.8   178.3   202.4   384.8   442.6   467.6   486.9   507.7   540.1   589.0   746.8  5033.5 11498.5  16933.0    16884
read      374.5   235.9    93.8   175.9   200.3   342.6   418.2   459.6   490.8   528.4   575.3   643.5   830.8  2031.8  7898.3  55977.3    55763
read      379.0   263.7    93.8   176.3   200.9   345.8   425.1   468.6   500.9   537.7   584.2   653.1   834.2  2754.9  9858.8  41857.0    41925
read      377.2   237.5    86.8   175.6   199.2   346.2   425.8   467.2   500.0   536.0   580.9   645.1   817.2  2150.7 10840.6  42339.0    42341
read      352.8   304.7    86.8   183.6   207.0   327.7   384.5   417.0   440.9   470.5   510.8   579.8   754.9  1449.9 12120.0  93804.0    93577
read      363.2   297.8   101.3   192.3   220.2   351.7   387.1   404.0   418.8   433.8   457.9   499.2   656.9  5942.2  8692.6   7667.0     7657
read      396.0   413.1    93.8   188.3   215.9   385.3   435.3   462.1   481.5   504.0   535.1   587.2   745.9  6253.8 16202.0  14276.0    14232
read      403.6   237.9    93.8   186.8   214.7   380.9   450.7   490.4   519.5   550.3   594.8   670.7   918.5  2883.7  7963.7  30125.3    30107
read      369.2   265.3    86.8   184.8   207.5   333.2   400.1   439.2   470.0   508.0   557.0   638.3   869.6  2428.7 10224.2  70885.3    71078
read      353.3   192.8    86.8   182.2   205.2   327.2   387.3   422.5   449.2   481.7   525.8   596.4   782.5  1396.6  5371.0  85470.0    85372
read      370.4   188.6    86.8   176.9   201.0   340.7   415.2   456.9   488.1   527.2   573.7   642.0   826.2  1810.7  5283.7  54975.3    54930
read      444.1  1083.4   109.4   193.6   221.1   348.9   396.8   423.6   444.4   472.0   508.6   588.0  2396.6 17194.4 32231.5   5763.3     5750
read      538.2   806.2    93.8   204.3   231.5   380.7   460.9   522.3   579.4   669.6   853.5  1326.2  3083.1  8113.5 31384.3  79397.0    80137
read      487.6   527.4    93.8   185.3   211.5   387.9   497.4   574.9   637.8   726.1   850.7  1065.0  1732.7  5396.0 29048.8  41446.3    41449
read      464.2   462.7    93.8   184.2   211.7   410.5   501.8   562.7   607.5   658.7   723.5   825.3  1200.1  7188.6 12774.1  17283.7    17301
read      493.2   592.6    93.8   185.3   211.2   414.2   509.5   575.9   625.4   683.6   758.4   887.4  2336.4  5818.5 30117.0  19986.0    19930
read      497.4   443.7    93.8   187.5   213.8   389.2   499.3   578.2   647.7   744.4   891.0  1133.5  2172.7  5399.1 14080.6  41761.7    41776
read      449.8   887.6   101.3   188.1   215.7   380.2   442.1   478.0   504.8   542.1   590.7   682.5  1604.8 10181.6 32247.1   8584.0     8596
read      504.6   537.5   101.3   188.9   216.4   411.5   523.2   599.8   663.9   748.5   858.2  1029.7  1582.7  7618.0 17024.8  30869.7    30870
read      491.1   589.5    86.8   196.6   223.3   375.6   461.7   524.8   580.0   659.2   793.0  1075.2  2413.9  6554.4 22204.9  69869.3    69978
read      479.8   532.3    93.8   182.4   208.7   410.4   514.2   583.4   638.1   704.4   790.7   907.5  1453.0  5804.6 20341.1  24012.7    23908
read      479.5  1076.3   101.3   186.1   214.4   396.1   463.8   504.3   535.8   575.5   626.0   711.1  2198.6 13252.4 42320.5   9805.7     9848
read      528.9   579.2    93.8   200.8   228.9   390.4   482.2   551.7   620.9   729.3   918.0  1266.0  2650.9  6589.7 12257.7  71465.0    71598
read      497.0   713.5    93.8   195.3   221.5   366.2   442.8   495.7   541.5   610.2   742.8  1114.6  2762.8  7296.0 30294.0  77143.0    77156
read      457.1   558.7    93.8   183.5   210.7   411.8   490.3   539.7   582.4   629.1   682.7   768.6  1136.0  5536.8 29572.3  14054.7    14083
read      552.5  1029.2    93.8   205.3   234.5   384.7   456.0   504.7   547.0   611.2   728.8  1179.2  4544.9 10996.0 32130.9  87892.7    87786
read      482.8   497.4    93.8   189.4   215.8   381.1   476.5   547.4   607.8   689.1   820.1  1066.7  2132.8  5613.4 14461.2  57214.0    57205
read      490.9   475.6    93.8   185.8   213.5   382.7   483.2   554.1   618.2   710.7   860.8  1128.9  2225.6  5692.0 11991.1  52999.0    53142
read      508.4   610.6    93.8   198.7   225.6   374.5   454.7   512.3   565.5   648.9   814.5  1240.9  2776.9  6792.5 16527.5  78023.0    77998
read      494.7   860.4    93.8   204.3   232.5   374.2   438.7   480.0   513.1   560.8   635.0   850.4  3614.5  9736.4 31791.3  98824.0    98830
read      466.3   394.4    93.8   178.8   205.4   396.9   498.5   565.1   623.7   694.7   792.7   932.3  1405.1  4490.8 13743.6  32651.0    32447
read      511.5   683.1    93.8   197.6   225.1   377.4   460.3   520.2   576.9   659.1   810.5  1167.5  2789.1  6808.8 24233.6  74384.7    74382
read      485.1   431.8    86.8   181.4   208.6   406.0   511.0   585.1   645.2   728.0   828.0   984.6  1713.0  4924.5  9417.0  32538.0    32271
read      479.3   443.7    93.8   185.5   211.2   371.0   467.6   538.3   600.0   688.4   832.8  1098.9  2300.5  5201.0 11281.5  55299.0    55273
read      480.7   465.2    86.8   191.5   218.3   374.3   465.0   529.0   585.6   668.0   803.5  1071.8  2304.1  5995.8  9764.8  68092.7    68152
read      465.3   484.3   101.3   178.8   204.7   405.2   499.4   564.8   617.1   682.0   760.3   877.6  1345.4  4728.0 28082.8  25480.0    25419
read      486.2   416.4    93.8   183.2   209.8   388.2   492.8   566.6   632.4   724.2   858.4  1095.2  2169.8  4525.1 12265.9  43459.3    43187
read      499.3   608.9    93.8   191.5   218.7   379.4   477.8   550.4   616.5   708.3   851.4  1129.7  2279.7  6435.6 30247.4  60586.7    60608
read      496.7   678.0    93.8   190.3   217.4   370.9   462.2   528.2   585.6   671.2   813.6  1108.2  2441.3  7577.9 30455.2  61998.7    62150
read      464.9   349.6    93.8   180.8   207.1   405.5   506.9   577.2   632.4   704.5   791.8   921.4  1249.8  3812.4 11022.3  30827.7    30864
read      475.3   495.0    86.8   190.2   217.2   370.8   457.9   518.9   572.9   651.0   782.8  1046.1  2318.5  5793.6 12964.9  69525.0    69566
read      511.9   680.3    86.8   182.3   209.5   401.6   512.6   588.6   651.0   739.2   862.6  1076.0  2316.1  6842.0 30005.4  38140.3    38183
read      488.7   497.4    93.8   184.3   211.0   378.3   484.0   555.5   616.2   697.4   826.6  1079.6  2336.2  6019.0 14254.6  51190.3    51253
read      488.5   462.0    93.8   185.5   212.9   384.5   490.8   568.0   633.1   718.2   848.5  1088.4  2229.6  4945.5 11106.5  52957.3    53027
read      491.5   537.1    93.8   181.3   207.7   395.4   508.1   584.3   645.0   726.9   842.8  1028.2  1931.8  6079.0 22882.5  37187.7    37133
read      481.1   565.7    86.8   192.1   219.3   368.0   450.1   508.0   559.4   636.8   771.7  1072.9  2441.1  6519.5 19200.1  73246.7    73413
read      533.5   841.1    86.8   198.6   226.5   378.8   461.4   522.5   577.8   665.3   829.5  1213.2  3338.8  8748.3 31475.1  78762.0    78811
read      507.7   806.4    93.8   199.6   226.8   366.4   434.8   482.2   523.8   587.0   713.6  1168.6  3152.9 10279.5 30641.6  88451.3    88317
read      497.1   522.1    93.8   181.5   208.3   382.1   486.8   564.0   628.2   716.3   856.2  1131.2  2355.9  6065.6 17945.4  46456.7    46504
read      482.4   464.7    86.8   181.7   208.1   380.9   485.8   559.7   625.5   710.2   832.9  1055.5  2220.0  6126.3 14424.8  46228.0    46147
read      464.4   462.5    93.8   179.3   205.0   388.7   489.4   552.4   608.9   681.7   780.2   931.4  1379.7  5939.5 15612.5  35152.3    35073
read      467.8   461.1    93.8   181.2   208.4   416.0   505.0   568.0   618.3   673.8   739.8   848.8  1255.4  6209.3 12755.7  18911.7    18693
read      490.5   471.3    93.8   183.3   209.9   381.0   483.9   556.5   620.5   705.0   835.1  1092.8  2351.1  5374.4 13874.2  46908.3    46834
read      489.1   626.9    86.8   195.2   221.2   369.4   452.7   511.3   567.8   646.4   791.3  1096.6  2448.2  6880.3 25188.6  76628.3    76427
read      505.2   753.4    86.8   206.2   234.2   373.3   437.0   479.9   516.4   570.2   668.1  1064.9  3672.2  8254.7 29454.7  95920.7    96007
read      524.1   919.5    93.8   198.0   225.6   372.7   443.6   490.7   530.7   589.1   700.8  1162.9  3880.9  8730.7 32016.0  83724.0    83666
read      496.2   597.9    93.8   191.0   218.1   373.2   463.9   528.9   587.2   674.1   816.1  1095.2  2518.5  6338.0 23508.9  64829.3    64655
read      495.1   507.5    93.8   187.1   213.9   377.6   478.9   555.1   623.8   719.4   863.1  1119.9  2308.3  5861.1 14231.6  54093.3    54099
read      457.1  1410.3   101.3   191.2   218.1   333.7   378.2   404.8   425.0   448.7   481.0   550.3  2678.1 30652.4 36781.9   5477.0     5485
read      509.3   831.9    93.8   206.7   235.4   379.2   445.8   489.5   525.6   575.9   665.3  1006.9  3646.6  8643.5 31848.1  93676.7    94089
read      465.7   451.3    93.8   184.8   211.2   371.7   463.1   526.7   581.3   660.0   783.8  1019.6  2189.5  5014.3 15544.4  57384.7    57214
read      377.0   235.2    93.8   172.3   196.6   363.8   445.4   476.4   497.9   522.7   552.6   609.4   750.6  1804.9  9856.1  23633.7    23788
read      359.2   198.8    86.8   176.8   200.5   328.9   394.0   432.6   462.0   496.6   541.6   618.1   830.7  2005.9  6486.1  75380.3    75649
read      377.7   277.5    86.8   176.0   200.3   346.6   427.8   469.1   498.5   532.1   574.2   636.7   803.4  2270.3 10781.4  39262.7    39466
read      391.5   305.3    86.8   174.5   198.4   349.3   429.8   471.1   503.2   541.3   589.1   671.6  1131.7  3606.9  9979.0  47869.0    47463
read      375.5   241.4    86.8   176.2   199.9   367.0   433.2   462.0   481.9   504.5   537.8   593.2   787.3  4315.2  8825.3  19171.0    19155
read      375.4   269.4    86.8   174.5   197.9   366.7   432.4   460.4   479.7   502.5   536.4   589.6   741.5  3912.2  9303.6  18467.0    18449
read      380.2   330.9    86.8   174.3   198.3   347.6   431.3   472.3   501.0   534.5   576.5   642.7   828.9  2549.5  9595.4  35324.7    35235
read      346.8   231.4    86.8   179.1   202.5   323.0   378.3   410.1   433.3   462.2   501.3   568.7   746.2  2110.3  7563.9  93027.3    93118
read      355.2   209.4    80.4   177.9   201.7   327.4   389.7   425.5   452.5   484.9   528.3   597.2   783.1  2214.7  8394.7  76327.3    76391
read      355.9   197.5    86.8   175.9   199.7   329.8   393.7   431.4   459.1   492.0   535.3   603.5   773.7  1672.2  7280.9  70389.3    70733
read      444.9   480.0    86.8   178.1   204.4   359.4   440.6   489.4   530.3   589.4   698.2   989.8  1851.9  5071.6 14782.2  74178.0    74230
read      402.3   537.7    86.8   165.6   189.0   346.5   436.5   476.0   502.8   537.5   588.4   697.1  1246.2  5980.4 29440.8  37363.0    37188
read      469.2   527.1    93.8   178.9   205.8   383.5   480.0   546.3   604.9   682.2   794.3   998.9  1452.8  7336.4 15829.2  48863.7    48862
read      476.3   391.4    86.8   186.6   214.0   382.0   484.9   559.2   625.2   715.5   841.6  1094.8  1666.3  3439.0 13568.8  59467.0    59325
read      466.8   335.0    86.8   192.9   220.2   385.5   484.3   552.5   612.4   689.2   799.8  1015.3  1558.5  3165.0  7546.5  66155.3    66219
read      507.7   635.7    93.8   180.3   207.9   405.9   508.0   582.8   652.9   742.0   851.6  1019.0  2416.6  7634.8 25377.9  25638.3    25760
read      540.5   624.0    93.8   195.2   225.2   391.6   492.3   575.0   658.1   789.2   992.9  1390.8  2534.6  6245.9 18786.7  75144.0    75255
read      391.6   295.2    86.8   172.1   196.3   335.5   410.2   453.9   487.7   532.4   600.0   770.5  1349.4  3858.9  6876.0  67983.0    67915
read      508.6   909.3    93.8   181.8   210.0   406.3   499.8   570.6   621.8   678.6   749.0   889.9  2342.6 11315.8 35160.5  23048.0    23004
read      465.5   619.2    93.8   176.6   202.9   401.8   494.3   561.0   611.1   667.2   742.3   865.2  1237.0  6829.5 31299.7  21915.3    21973
read      490.7   786.4    86.8   181.8   209.8   368.5   444.2   490.5   529.0   584.2   688.6  1144.4  2680.4  9987.3 31110.4  82814.7    82811
read      428.7   500.9    80.4   170.2   194.4   358.4   452.8   498.7   533.8   579.1   648.4   822.3  1661.8  6184.1 19113.5  39104.7    38870
read      415.7   422.4    86.8   179.1   204.9   344.8   413.9   455.3   487.7   531.3   600.8   804.4  1758.0  4655.2 11498.0  85342.3    85697
read      364.1   311.8    86.8   183.0   206.9   331.0   389.8   424.8   451.5   483.5   529.4   607.6   898.7  2923.8 11451.5  94307.0    94176
read      361.6   346.3    86.8   176.7   200.3   327.5   387.8   422.1   447.3   477.6   519.6   593.8   912.0  3891.8 17592.2  89033.7    89142
read      473.1   489.2    86.8   177.8   202.9   373.8   474.2   540.8   597.3   697.7   865.8  1128.3  1583.1  5087.5 16390.5  39384.0    39251
read      531.7   639.4    86.8   188.3   215.2   409.1   527.6   614.7   689.5   793.4   943.4  1197.9  2235.3  7753.9 30437.8  36427.7    36339
read      499.2   478.3    93.8   189.1   216.3   413.1   524.4   602.7   669.2   754.6   861.4  1035.9  1494.2  7510.1 15529.4  30489.3    30304
read      492.4   399.4    93.8   196.0   223.5   394.0   502.7   582.6   650.3   742.9   876.9  1099.6  1671.0  3960.7 12627.1  58363.7    58303
read      417.8   421.8    80.4   181.5   206.0   341.7   412.8   457.0   493.4   542.5   628.4   887.9  1772.1  3689.5 11146.7  78617.0    78732
read      456.9   519.8    86.8   183.1   208.4   351.7   427.3   478.3   524.8   596.3   743.1  1087.8  2089.0  6191.6 13159.3  81762.3    81734
read      388.2   403.2    86.8   180.4   204.1   333.1   397.3   435.3   465.3   503.3   558.3   678.4  1498.0  5343.3 12346.4  85548.3    85654
read      427.4   315.8    86.8   179.1   203.9   361.5   451.9   506.8   548.7   607.3   701.5   889.5  1362.7  3873.4  8319.9  40189.3    40030
read      480.3   835.4   101.3   190.3   218.0   398.0   480.9   529.8   568.8   620.7   683.4   783.2  1697.4 12197.3 30521.2  11085.7    11145
read      537.2  1010.7    86.8   185.5   210.9   403.2   513.6   596.6   666.2   746.0   852.9  1003.6  2546.5 15232.5 32496.4  24064.3    24220
read      515.3   660.1    93.8   184.9   210.4   389.1   505.4   591.5   672.9   788.0   964.7  1200.3  1697.1  8701.0 30157.0  36202.0    36178
read      589.5   760.2   101.3   211.6   239.0   418.5   540.3   640.1   734.5   872.0  1087.0  1470.2  2566.2  9661.0 28178.8  69372.7    69625
read      395.3   422.1    86.8   179.2   203.0   333.4   400.0   439.0   469.0   509.3   571.4   712.7  1572.9  5116.3 13946.2  80193.3    80189
read      415.0   323.5    86.8   180.2   205.4   350.0   432.9   485.3   527.2   582.8   669.8   850.2  1350.3  3474.0  8514.7  64107.7    64261
read      422.8   383.3    86.8   182.5   207.3   345.8   420.1   467.4   507.3   565.2   671.1   952.2  1666.4  3557.9 12139.5  78303.7    78356
read      395.5   258.3    93.8   173.3   195.9   352.6   437.6   479.0   507.3   545.1   606.3   742.5  1162.9  3124.1  7319.3  30553.7    30570
read      484.3   399.2    86.8   193.9   220.7   388.5   495.2   571.2   637.1   724.9   848.5  1077.1  1661.2  4094.7 11430.9  63911.3    63922
read      392.1   273.0    86.8   180.4   204.8   337.9   407.5   451.1   484.4   528.4   593.6   748.4  1380.2  3025.6  6430.6  82413.7    82549
read      393.7   731.8   109.4   189.7   215.2   344.3   389.8   417.8   438.2   466.8   505.3   578.6  1095.3  6011.0 31605.5   7627.0     7574
read      534.6   895.8    93.8   185.2   211.6   388.1   496.2   574.1   642.0   758.5   935.8  1184.9  1815.7 11959.9 31578.7  41987.3    42298
read      487.5   404.5    86.8   182.6   208.7   384.8   498.6   578.0   645.1   750.8   922.8  1161.5  1594.7  4087.7 13146.4  39256.0    39152
read      444.0   534.7    86.8   186.6   212.3   355.8   427.8   471.5   508.6   564.1   661.5   958.3  1867.3  8254.4 13383.4  88491.7    88634
read      398.2   460.8    93.8   171.9   195.4   338.2   415.8   458.4   490.5   531.2   589.3   722.5  1303.4  6651.8 14228.7  60820.0    60765
read      484.0   528.8    93.8   179.3   205.9   400.6   502.9   576.5   638.7   716.3   823.7  1005.9  1413.6  6207.4 14892.7  30514.7    30534
read      497.2   684.1    93.8   180.4   207.0   394.6   503.9   577.7   640.4   738.6   877.6  1082.5  1487.9  6650.9 31665.8  35670.3    35563
read      487.9   568.9    86.8   188.2   217.3   376.4   451.4   500.3   543.4   610.2   734.1  1252.9  2343.8  8306.8 13658.3  96887.3    96837
read      439.2   632.7    86.8   172.8   197.2   343.9   418.9   462.2   497.4   545.0   631.8   906.8  2028.7  8405.9 30516.5  74446.0    74496
read      365.8   299.9    86.8   165.0   187.4   331.6   414.6   454.9   480.9   509.7   550.2   616.3   845.5  3324.3 10302.8  42725.7    42819
read      401.1   265.6    86.8   172.2   195.9   345.6   431.3   480.7   517.2   566.9   638.6   790.7  1274.3  3175.3  5535.3  50233.0    50120
read      382.5   389.2    93.8   181.3   204.8   370.1   426.6   455.3   474.7   498.3   530.7   586.6   793.3  6231.9 15030.9  16972.0    16904
read      393.7   580.9   101.3   185.0   210.6   375.6   422.3   444.8   461.0   480.8   508.7   560.0   771.7  7651.0 31141.8  11476.3    11439
read      403.2   324.6    93.8   183.8   210.8   381.9   454.9   492.3   518.0   547.4   586.8   654.7   871.0  2861.1 15495.8  24042.7    24076
read      372.3   373.7    86.8   182.1   206.0   331.6   393.3   429.6   457.4   491.7   537.8   617.3   903.2  4905.0 10403.5  84832.0    84757
read      353.8   240.1    80.4   174.7   197.6   326.3   390.8   428.5   456.0   488.0   530.1   597.6   774.5  1709.4  9914.3  76804.7    76496
read      381.0   235.1    93.8   175.5   199.5   348.7   436.0   477.7   507.7   541.6   583.8   648.6   809.3  2343.1  8629.4  34828.7    34744
read      362.2   389.5   109.4   195.3   223.2   339.1   373.7   394.9   410.0   429.6   457.0   507.1   743.7  7550.4 15731.4   5961.0     5910
read      366.2   603.9    93.8   191.7   220.4   336.3   372.1   393.4   408.4   428.3   454.4   502.0   750.4  5514.4 30297.4   6414.3     6391
read      387.1   230.2    93.8   182.3   210.8   377.0   440.3   474.9   497.7   524.1   556.8   615.4   767.5  1819.0  8345.2  25612.0    25594
read      400.3   234.1    86.8   181.3   210.7   380.6   451.5   490.7   518.7   549.9   594.5   665.6   874.0  1960.0  8775.4  30381.0    30327
read      372.8   199.3    80.4   179.8   205.0   343.7   413.0   453.8   483.7   519.6   567.2   640.7   844.1  1550.2  7850.6  62791.0    62849
read      353.3   212.1    86.8   180.4   204.2   327.1   386.6   421.2   447.0   477.8   520.3   590.8   780.8  1746.2  8507.8  91004.3    91392
read      378.7   216.7    86.8   174.5   198.7   348.7   428.9   471.1   502.6   539.5   585.9   658.5   846.6  1654.4  8217.2  44269.3    44328
read      375.8   230.3    86.8   172.5   196.6   345.7   423.7   465.1   494.7   530.4   577.7   652.0   827.6  2171.4  6442.0  47464.3    47665
read      344.6   181.4    86.8   174.0   197.5   320.1   378.0   412.8   438.5   469.3   508.5   575.4   771.4  1814.1  5072.0  79171.0    79152
read      369.1   278.0    93.8   181.4   208.4   365.0   410.0   433.0   450.4   469.0   496.7   541.6   676.3  3987.8 11732.7  11704.0    11613
read      346.4   179.7    80.4   183.8   206.6   323.4   377.5   409.3   433.4   463.2   502.5   569.2   752.3  1695.5  5671.8  96016.0    96212
read      398.4   422.7    86.8   174.7   197.6   358.8   448.5   487.8   513.9   544.0   584.1   655.8  1015.4  5854.4 14664.0  26927.0    27129
read      362.5   292.0    93.8   196.1   218.7   329.0   383.5   416.5   443.5   477.6   524.1   601.0   847.6  2650.2 11387.4  86572.0    86430
read      376.7   328.9    93.8   175.3   198.3   332.0   405.8   448.1   478.4   514.6   562.7   638.1  1044.0  4613.2 10035.9  58575.3    58712
read      393.2   381.2    86.8   172.7   194.7   362.6   449.4   484.6   507.9   537.5   576.0   639.2   954.2  5115.8 13838.6  24046.3    23931
read      369.2   318.2   109.4   186.6   214.1   353.4   395.6   418.4   433.7   453.6   477.7   530.2   805.3  4546.7 13401.2   8434.0     8445
read      397.9   347.8    93.8   173.5   197.6   350.9   433.7   477.5   509.3   550.2   603.5   697.2  1101.3  4583.2 10639.6  55477.7    55537
read      397.4   520.5    86.8   170.9   194.1   343.0   426.7   469.3   500.7   540.2   591.0   675.1  1035.1  7971.6 23010.1  55020.3    54706
read      390.2   307.8    86.8   173.7   197.1   346.3   428.4   472.3   504.4   544.0   596.5   684.5  1070.3  3387.9 11564.3  51957.7    51997
read      375.5   248.1   101.3   171.6   194.3   363.3   433.5   462.9   483.5   506.3   541.0   599.2   843.9  3263.8  9202.5  18850.3    18803
read      391.3   315.9    93.8   193.6   219.0   349.9   415.2   455.5   486.3   524.7   577.6   673.8   979.5  4233.4 12328.1  88429.7    88693
read      381.2   325.8    86.8   186.7   211.1   339.0   402.1   440.2   468.7   505.0   554.3   645.2  1014.9  4138.1 12384.9  91413.7    91224
read      370.4   298.3    86.8   175.0   198.3   332.8   402.6   443.4   472.5   508.5   559.3   640.8   897.4  3582.8  8423.3  77148.0    76765
read      389.1   409.7    93.8   180.3   205.1   343.3   414.5   456.2   487.4   526.6   580.1   673.9  1024.7  3962.4 13910.4  80407.7    80364
read      392.0   484.0    93.8   172.3   195.8   343.3   422.7   466.1   497.1   534.4   584.6   667.7  1007.5  6781.9 15862.5  54461.0    54372
read      402.2   417.3    86.8   170.9   193.9   357.2   447.7   490.3   522.1   561.9   612.9   692.4  1083.4  4155.6 13135.6  32624.3    32473
read      402.5   378.9    86.8   171.4   194.0   357.0   448.3   488.6   519.0   556.1   604.5   689.3  1235.0  4801.4 15208.2  25874.7    25920
read      389.7   702.9   101.3   175.9   199.1   359.5   412.8   436.0   453.8   471.8   502.0   550.1   805.4 10175.0 31478.7  11573.0    11574
read      418.4   422.1    93.8   190.9   218.8   367.1   437.1   478.5   511.1   555.6   622.7   747.9  1201.5  5226.0 15358.5  99274.3    99135
read      377.9   256.0    93.8   168.7   191.6   352.9   436.9   470.7   495.5   524.6   564.6   634.2   903.8  3143.7  8069.0  24108.7    24026
read      374.5   279.6    86.8   179.6   204.2   339.4   404.1   441.8   469.0   504.6   554.5   641.5   926.0  3659.5  8617.6  92096.3    92271
read      387.9   429.0    80.4   178.0   202.9   343.2   410.3   450.2   479.4   515.2   567.8   667.0  1055.3  4768.1 12901.9  88416.3    88470
read      371.1   335.1    86.8   167.2   190.3   333.4   408.7   448.8   475.4   507.3   549.9   626.1   932.2  4338.6 11796.6  58501.3    58597
read      367.0   275.9    86.8   172.4   196.0   332.8   400.2   438.0   465.8   500.1   547.2   629.4   931.7  2934.0  9919.2  82885.3    83103
read      380.8   469.6    93.8   169.2   190.6   353.9   424.2   452.4   470.2   493.6   522.7   577.4   892.0  6338.1 17989.6  19009.3    19062
read      363.2   351.3    86.8   170.8   192.9   326.4   396.3   434.6   461.8   493.8   536.8   611.2   883.9  3905.5 11992.1  72527.3    72681
read      392.6   285.7    86.8   170.5   193.4   355.5   442.2   482.4   509.8   543.1   589.3   674.7  1074.2  4361.0  8366.1  30856.7    30900
read      384.9   397.4    93.8   180.7   206.0   344.3   411.1   450.0   478.1   513.3   564.3   649.0   969.4  4865.8 15685.6  94651.3    94867
read      393.1   362.0    93.8   170.1   192.3   361.4   450.1   485.3   508.8   540.6   581.7   652.9   975.8  3826.5 12138.2  22709.3    22477
read      381.6   298.0    86.8   185.4   210.6   340.6   402.0   438.7   467.2   503.2   553.4   648.4  1056.4  4017.8  8549.0  97662.7    97890
read      421.0   550.1    93.8   178.4   204.1   381.2   445.0   477.2   504.6   540.6   592.4   684.1  1039.2  6387.7 30690.0  11742.3    11845
read      505.3   710.4    80.4   210.6   240.4   391.6   462.9   509.1   548.6   602.2   692.3  1010.0  2921.2  8134.7 30782.2  95434.3    95363
read      357.4   251.9    86.8   173.2   196.2   327.2   389.3   425.0   451.4   482.8   525.6   597.4   854.8  2958.3  9952.2  89933.7    90122
read      441.2   506.2    86.8   185.1   211.0   354.5   425.9   469.8   505.6   554.9   640.3   903.5  2139.7  5392.5 16529.0  81345.0    81157
read      589.6   758.6    93.8   212.7   242.1   402.0   494.8   575.4   663.8   823.3  1135.2  1651.1  3081.7  7443.1 29929.0  78612.7    78569
read      395.0   384.1    86.8   185.4   211.1   351.9   416.8   454.2   482.5   519.7   572.7   670.6  1088.2  4280.5 15256.3  97355.0    97434
read      447.7   444.2    86.8   174.6   199.5   388.6   483.1   534.5   577.4   638.2   737.4   894.2  1374.6  3992.4 19087.6  29275.3    29257
read      478.0   391.2    93.8   179.0   205.5   383.9   493.6   568.0   634.4   731.2   872.4  1110.6  1551.1  4162.6 12620.3  42059.0    42139
read      481.3   568.4    93.8   177.0   203.6   400.6   495.3   571.9   638.2   712.6   809.9   946.9  1521.1  8182.6 15993.1  21533.0    21444
read      471.0   665.2    93.8   179.3   205.1   404.6   494.3   565.2   621.2   683.6   758.8   878.6  1154.1  6653.9 31812.1  18260.0    18314
read      499.1   514.7    86.8   186.3   212.8   387.2   498.0   575.6   647.6   746.8   900.3  1156.1  1774.8  4791.8 14844.5  49180.3    49203
read      551.3   778.7    93.8   202.9   233.3   385.8   462.3   519.1   576.7   680.8   946.1  1518.9  3166.0  8848.5 30655.4  87976.7    87787
read      388.1   300.9    86.8   176.2   200.0   340.1   412.6   453.7   483.5   520.9   575.7   679.6  1305.4  4350.8  7951.9  77474.7    77490
read      444.6   500.2   101.3   177.7   204.4   387.4   456.3   497.7   539.3   596.4   675.1   802.5  1816.3  5120.1 19527.1  16380.3    16464
read      465.8   781.5    93.8   178.2   203.0   379.9   463.9   505.3   543.4   596.7   700.8   910.8  1492.7 11718.7 31532.6  23323.0    23314
read      352.1   181.1    86.8   175.4   199.3   327.8   387.8   422.3   448.0   478.9   521.4   593.6   794.4  1747.2  6566.5  88577.0    88655
read      372.8   185.3    86.8   173.9   198.6   354.5   433.9   469.0   492.5   518.6   551.2   610.9   765.3  1838.6  5743.7  28463.3    28245
read      368.8   191.6    86.8   171.0   195.3   345.2   423.3   464.2   490.8   520.2   559.4   625.0   774.3  1160.4  7134.5  40531.0    40610
read      351.4   227.3    86.8   174.0   197.7   324.9   387.0   422.7   449.0   479.9   520.8   586.1   764.8  2562.3  7913.2  77080.7    77039
read      370.2   226.0    86.8   170.2   194.9   348.0   426.7   464.9   491.6   522.5   561.8   624.8   767.2  1161.0  8649.1  35059.0    35056
read      375.9   215.1    80.4   173.7   199.4   359.8   436.7   469.7   493.1   519.6   554.0   615.6   768.5  1589.2  9789.1  26847.3    26782
read      373.6   239.4    86.8   174.1   200.0   346.2   419.7   460.3   490.0   525.1   570.6   640.4   806.0  1785.5 10276.0  52958.7    53121
read      374.8   223.0   101.3   181.6   207.0   375.2   426.4   451.1   467.3   488.9   515.0   568.4   717.1  2365.4  9722.3  14979.7    15035
read      379.2   205.1    86.8   175.0   200.2   358.5   439.8   477.8   503.4   533.8   572.3   633.0   780.2  1156.5  6452.4  33635.7    33766
read      345.4   213.9    86.8   187.4   210.5   325.5   376.7   405.7   428.7   456.5   493.3   550.6   704.0  1238.0  8138.2 100065.7    99826
read      375.7   231.6    86.8   173.8   199.2   347.3   422.9   463.8   492.3   525.9   570.9   639.6   833.0  2581.0  8028.3  49730.0    49516
read      394.2   247.9    93.8   177.5   203.4   370.0   451.6   487.2   512.1   544.4   586.2   659.4   867.3  3782.6  7807.1  25847.3    25895
read      367.5   246.4    80.4   177.4   202.7   338.6   406.2   445.5   473.4   506.4   549.5   623.9   822.7  1959.9 12264.0  64541.7    64849
read      358.8   246.0    86.8   177.2   201.6   331.5   393.4   428.4   454.7   486.3   528.6   600.9   798.7  2692.1 12010.5  79642.0    79516
read      373.5   230.8    86.8   175.9   200.8   345.9   418.3   458.0   485.9   518.0   560.8   631.9   843.9  2096.4  8329.5  55129.0    55109
read      360.3   207.7    86.8   174.8   199.9   335.1   400.6   436.3   463.2   495.8   538.8   609.8   802.2  1526.2  5899.4  69999.7    69984
read      381.0   200.7    80.4   176.2   202.5   360.4   441.2   478.7   503.8   534.5   573.9   635.9   795.0  1513.3  6303.1  34433.7    34454
read      365.5   201.9    86.8   174.6   199.1   337.9   405.3   444.7   472.8   506.6   550.7   626.6   846.5  1874.0  7850.5  64646.3    64785
read      378.4   208.8    86.8   177.3   203.4   352.1   429.6   470.0   498.3   532.0   575.9   641.3   814.6  1356.5  9043.7  43995.0    43963
read      350.0   201.7    86.8   182.3   206.7   327.7   384.2   416.3   439.5   469.0   508.3   573.8   734.0  1684.5  6883.7  90661.7    90279
read      359.1   223.8    86.8   173.1   197.8   334.4   400.1   438.2   466.1   498.4   539.6   606.5   777.0  1456.7  7501.0  62104.0    62151
read      375.5   241.9    86.8   175.2   200.6   347.4   426.6   467.9   496.5   529.2   571.0   634.6   804.0  1613.5  8046.5  46917.7    46958
read      349.0   205.0    86.8   178.6   202.8   325.6   385.0   418.1   442.8   472.6   513.4   579.2   742.8  1517.8  8442.2  82703.0    82432
read      370.4   203.6    93.8   177.1   202.5   346.8   419.7   460.0   488.6   520.6   560.4   625.3   783.9  1276.9  4778.3  45644.3    45518
read      341.5   172.0    86.8   183.7   206.9   322.9   374.2   403.2   426.4   454.1   491.0   549.2   702.8  1153.1  7048.7  97045.7    97055
read      389.3   299.1    86.8   179.7   205.4   361.1   442.6   480.4   507.5   539.9   583.5   652.8   811.8  4726.3 10626.9  28775.0    28977
read      358.6   311.1    80.4   177.3   201.5   331.5   394.2   429.6   456.3   488.0   529.5   593.8   761.9  2459.8  9556.8  72500.7    72436
read      360.2   386.2   101.3   204.3   233.8   336.7   369.5   389.3   402.9   422.7   448.8   497.2   633.3  7820.3 11709.1   5214.7     5078
read      353.4   167.7    86.8   179.3   203.4   330.5   391.0   426.1   452.4   483.5   524.5   591.1   768.0  1245.1  6352.6  81200.7    81357
read      384.6   242.1    93.8   178.1   203.5   360.4   444.1   483.1   506.6   534.8   572.2   635.6   789.5  2757.7 10146.2  28541.3    28531
read      351.0   169.3    80.4   185.2   208.9   330.1   386.4   419.2   443.4   471.9   512.7   578.0   734.7  1049.9  6211.1  87266.7    87140
read      384.4   199.7    86.8   176.3   201.0   357.1   439.1   481.3   509.4   543.7   587.6   661.2   824.4  2774.8  5328.8  36841.7    36881
read      372.5   261.5    93.8   181.1   205.5   378.6   424.5   447.0   462.5   481.4   505.3   547.1   679.5  2299.3 10349.8  12940.0    12972
read      386.3   303.1    93.8   180.8   207.5   361.5   434.1   472.9   500.3   532.9   576.0   650.9   867.5  1855.7  5456.1  42030.3    41961
read      354.2   173.1    86.8   177.8   202.1   328.7   391.0   427.6   454.9   487.3   531.1   599.9   783.6  1371.9  6275.9  76232.0    76602
read      351.7   187.8    80.4   182.8   206.9   329.2   385.0   417.5   441.6   470.9   511.2   580.9   757.8  1746.0  8151.6  93014.7    93251
read      380.3   244.5    86.8   176.7   201.9   352.2   430.8   470.7   497.7   529.1   569.0   633.2   831.6  2957.0  8072.6  35172.3    35269
read      348.1   174.4    86.8   180.0   203.9   325.3   382.1   415.2   439.4   469.6   509.9   579.5   743.1  1422.1  6818.0  86429.3    86366
read      386.9   250.3    93.8   179.2   204.2   363.4   445.4   483.4   508.9   540.6   580.8   641.3   807.7  2398.9 11441.2  29180.0    29241
read      375.3   229.0    86.8   177.5   202.7   346.9   420.9   461.6   491.2   527.0   575.5   650.6   831.7  1281.8 12105.9  56930.3    57116
read      345.6   153.2    86.8   176.5   200.1   324.6   383.8   417.5   442.4   471.4   510.3   575.6   737.4  1163.0  4847.5  81607.7    81511
read      376.0   196.8    86.8   176.4   201.9   350.8   427.1   466.2   494.7   528.5   573.2   641.8   810.9  1663.8  7632.7  45067.3    45059
read      351.6   161.0    80.4   174.8   198.8   328.5   391.9   427.6   453.8   485.0   526.9   592.7   758.0  1260.5  5399.9  75730.3    75774
read      364.7   249.3    86.8   176.0   200.4   338.7   405.6   443.6   470.4   502.3   545.3   615.6   802.0  1449.4  8892.7  61876.7    61736
read      373.6   324.2    93.8   193.0   222.2   368.4   409.1   429.7   444.2   460.8   483.6   528.7   668.7  4263.5 15880.6   8821.7     8949
read      373.1   218.6    93.8   178.9   204.9   346.9   415.1   454.3   483.1   518.1   564.9   639.6   831.6  1326.1  9375.0  66142.0    66290
read      355.7   206.0    86.8   176.6   201.1   331.4   393.4   429.0   455.9   488.0   530.5   600.2   780.2  1428.1  7864.2  83040.7    82937
read      354.5   178.3    86.8   173.9   197.7   330.6   395.7   433.0   460.0   491.8   533.6   601.4   768.9  1392.7  7074.8  74218.0    74263
read      386.9   217.1    86.8   176.4   201.6   367.5   452.7   491.2   517.0   545.9   587.2   655.9   813.7  1141.6  6539.3  25658.3    25664
read      365.5   212.1    86.8   175.2   200.2   339.6   408.2   447.2   474.0   506.8   550.5   622.3   789.0  1655.8  7916.2  64062.0    64314
read      385.9   202.0    93.8   179.7   205.5   379.3   453.3   484.0   503.7   528.6   559.8   617.2   769.5  1409.0  8027.4  23707.7    23804
read      368.8   231.6    86.8   176.0   201.6   340.6   410.7   450.2   478.1   511.3   556.5   628.0   815.7  2266.7  7674.5  66178.3    66356
read      375.9   220.0    80.4   176.2   202.1   349.1   426.3   467.3   496.5   530.5   573.4   637.9   796.1  1619.6  6731.6  49689.0    49506
read      375.9   200.2    80.4   176.2   201.3   346.9   423.4   465.8   495.5   531.0   577.5   649.3   819.5  1567.6  6652.3  54703.0    54758
read      356.5   166.9    86.8   175.9   200.7   333.4   397.7   434.3   462.2   494.3   535.4   599.2   756.6  1334.0  5656.6  72256.3    72283
read      357.9   203.5    86.8   191.1   216.1   335.2   389.3   421.0   444.8   473.3   513.9   582.7   764.3  1585.3  7990.7  95695.7    95641
read      389.5   243.2    86.8   177.3   203.9   372.1   454.1   488.4   511.0   540.2   577.2   637.9   793.9  2017.2  7802.0  24124.0    24157
read      380.9   221.5    93.8   180.9   206.0   386.0   437.9   461.1   476.9   496.9   524.6   577.2   704.1  3908.0  6524.4  15035.3    15088
read      357.2   179.8    86.8   176.1   200.6   332.4   396.4   433.1   460.8   494.4   537.8   607.8   787.4  1274.7  5944.1  73911.7    73735
read      356.7   210.5    86.8   177.0   201.4   331.4   395.0   431.6   458.9   492.0   535.0   601.0   769.8  1255.1  8597.7  75542.0    75655
read      377.0   198.6    86.8   175.4   200.8   347.8   427.1   470.3   500.4   535.7   580.5   648.3   827.4  1636.5  5631.1  44596.0    44689
read      379.5   204.4    86.8   173.1   198.4   354.4   438.8   480.1   507.9   540.0   580.3   641.0   795.3  1648.0  6729.0  37784.3    37890
read      365.8   193.0    93.8   176.0   200.8   342.6   412.7   451.3   478.4   509.3   550.0   616.4   775.3  1185.3  7674.1  50571.3    50565
read      348.6   194.9    80.4   175.4   199.0   324.7   385.3   419.5   445.1   476.1   517.4   585.4   753.5  1265.0  7705.7  81151.0    81326
read      356.5   169.5    80.4   174.7   199.1   332.4   397.6   434.6   461.7   494.5   538.6   609.6   783.6  1175.4  4774.7  75769.3    75641
read      355.7   154.5    86.8   186.9   211.4   334.2   389.8   423.0   447.7   477.1   518.6   587.6   766.6  1464.0  4327.9  96886.0    97055
read      390.8   237.3    93.8   176.4   201.6   368.8   457.4   493.6   517.8   546.4   586.9   652.7   804.9  2200.4  9226.7  26324.3    26336
read      365.4   217.4    86.8   172.8   197.0   337.0   409.5   450.7   479.2   511.9   555.6   627.3   819.2  1600.8  6854.9  63968.3    63820
read      349.8   188.4    80.4   179.9   204.1   325.8   384.8   419.6   445.3   475.0   516.4   583.7   736.1  1537.4  6513.8  85308.0    85404
read      385.3   268.3    93.8   178.4   202.9   380.3   443.7   469.9   490.5   512.9   546.0   608.4   771.0  3547.5 12586.2  17926.7    18025
read      382.9   293.3    86.8   174.6   200.5   352.4   431.9   472.6   501.2   535.7   579.9   649.5   830.2  3791.0 10494.7  42141.7    42168
read      375.7   167.0    86.8   173.9   199.4   353.0   433.7   474.9   501.3   532.6   573.7   636.0   793.6  1334.6  3994.1  37523.3    37351
read      374.6   219.2    86.8   175.1   200.6   352.0   429.4   465.0   489.7   517.4   551.8   617.0   791.4  2080.7  7958.3  31666.3    31615
read      377.1   246.7    80.4   175.7   200.7   346.2   421.0   462.1   491.6   526.4   571.5   640.3   837.4  3097.2  9071.1  46006.3    46356
read      374.0   277.9    86.8   174.1   199.4   359.0   436.2   465.6   486.3   508.4   541.2   593.5   736.3  2493.3 12454.0  24827.3    24714
read      363.6   200.2    86.8   176.4   201.5   337.8   404.7   442.8   470.4   504.4   548.7   625.0   808.7  1201.4  7335.9  67433.0    67626
read      376.5   248.4   101.3   179.5   203.8   370.7   425.4   451.9   469.1   492.7   523.8   582.2   751.8  3347.1  9839.5  15740.3    15739
read      343.3   164.6    86.8   177.5   201.6   322.3   378.9   411.1   435.2   465.2   504.0   567.6   730.0  1229.3  4972.0  87691.7    87755
read      380.9   281.7    93.8   186.0   212.0   376.9   427.3   453.1   470.4   494.1   525.1   580.0   732.9  3211.5 10995.0  14287.3    14357
read      375.7   226.1    86.8   175.0   200.5   351.3   423.7   462.2   489.8   522.2   564.5   633.6   807.4  1775.5  9902.2  51286.0    51514
read      353.3   192.0    80.4   174.1   198.2   332.8   395.2   430.5   456.3   486.2   524.9   587.1   745.2  1225.2  6148.7  72037.7    72102
read      346.1   167.3    80.4   176.1   199.7   324.9   384.1   417.6   442.2   471.1   510.6   577.3   737.8  1173.4  6091.9  84955.0    84799
read      370.3   198.1    80.4   176.7   201.9   362.8   430.0   459.2   479.2   503.6   536.1   587.1   718.1  1565.6  9748.5  21095.0    21168
read      370.7   227.7    86.8   174.9   200.0   344.5   417.3   456.1   484.0   515.9   554.3   623.6   805.2  1904.6  7784.9  43917.7    43828
read      369.7   175.2    93.8   180.1   205.5   375.5   422.0   444.5   460.3   478.5   503.7   547.6   690.1  1961.2  5538.9  13337.3    13381
read      362.3   187.4    80.4   176.3   201.6   339.0   403.9   440.8   468.1   501.1   544.3   617.9   805.8  1237.3  5132.3  69921.3    70057
read      384.3   347.3    86.8   177.7   202.3   373.0   440.6   467.8   488.6   511.1   543.8   601.0   755.3  4607.1 12020.9  19569.3    19482
read      365.3   245.9    93.8   177.7   202.6   368.9   417.7   440.7   457.5   475.8   503.3   547.7   681.5  1541.5 10970.0  13753.0    13593
read      376.4   193.3    86.8   175.4   201.0   357.8   435.2   472.5   496.9   525.2   561.6   620.7   774.5  1282.0  5412.6  30787.7    30935
read      387.4   482.7    86.8   173.0   197.7   355.5   434.9   471.6   498.9   530.6   570.8   633.3   806.3  5436.5 27468.1  27338.3    27564
read      350.3   189.6    86.8   180.0   204.9   328.0   385.1   418.2   443.0   472.9   513.4   581.2   751.8  1385.7  6156.6  88787.3    89146
read      368.3   275.5    93.8   180.8   206.9   365.8   409.0   430.9   446.8   464.3   490.4   540.0   696.8  3463.4 10833.5  11948.7    12015
read      367.5   254.4    86.8   180.5   207.2   365.6   411.8   433.8   450.2   467.4   495.5   544.2   686.6  3556.8  8312.0  12448.3    12458
read      387.4   260.3    86.8   176.0   203.1   366.4   439.9   477.4   503.8   536.4   580.4   651.2   834.4  1900.1  7169.3  43239.3    43213
read      383.3   201.5    93.8   178.6   205.9   365.5   437.0   473.6   500.9   531.8   570.9   633.5   797.7  1427.1  8278.3  34299.7    34454
read      356.2   183.3    80.4   178.5   203.3   331.5   393.0   428.2   454.4   486.3   529.7   598.1   781.7  1751.9  6371.3  79168.3    79142
read      382.1   265.7    86.8   177.8   202.9   351.6   428.1   468.4   497.7   533.1   580.1   654.1   844.2  2499.3 12173.2  43683.3    43458
read      357.2   220.3    80.4   174.2   198.1   332.7   397.5   434.9   462.2   494.3   536.7   601.8   778.8  1270.7  8915.8  65476.7    65461
read      372.4   265.3    93.8   173.8   197.3   367.6   430.1   456.3   473.4   498.0   529.8   581.6   720.0  2836.0 10429.7  17845.3    17883
read      382.3   232.7    93.8   178.1   202.9   373.3   444.4   473.3   494.2   517.7   548.5   612.6   781.0  2446.3 11156.7  21763.0    21816
read      347.6   188.1    86.8   182.1   206.2   325.6   380.4   412.1   435.5   465.9   505.8   573.1   737.5  1334.2  6741.3  91934.3    92112
read      349.1   220.4    86.8   177.4   201.6   325.7   383.4   416.6   441.5   470.9   510.5   577.1   750.6  1547.7  7748.0  86310.7    86516
read      342.3   187.7    86.8   176.3   200.0   320.8   378.2   409.4   433.5   462.9   501.4   562.0   707.6  1372.4  7667.5  85647.0    85434
read      368.2   215.9    86.8   176.3   200.9   341.1   413.2   453.1   482.1   515.9   558.8   622.5   792.9  1909.7  7383.4  49404.3    49269
read      358.5   187.3    86.8   173.1   197.3   333.8   400.7   439.0   466.3   498.7   540.6   606.7   785.0  1585.3  7214.3  64867.3    64819
read      379.9   227.6    86.8   176.6   201.9   347.1   426.6   468.6   499.1   535.8   581.3   651.5   861.1  2522.5  7862.7  45561.3    45466
read      356.4   255.0    86.8   175.9   200.1   327.9   389.9   425.3   451.8   484.5   528.8   596.3   796.2  2770.7  7753.0  74684.0    74721
read      381.4   243.0    86.8   178.1   203.5   368.3   438.6   468.1   490.2   514.9   547.7   604.9   800.4  3229.1  8804.1  23071.7    22910
read      370.5   223.5    86.8   174.5   199.6   343.3   419.3   458.4   486.1   519.3   562.3   626.8   803.7  1765.1  6911.9  47945.7    47947
read      357.0   194.0    86.8   175.2   199.2   332.3   395.9   431.9   458.7   490.3   531.7   598.0   788.9  1919.9  6935.8  69659.0    69579
read      365.2   233.2    86.8   174.9   199.4   338.2   407.7   446.7   474.5   509.0   555.3   626.5   805.8  1252.9 11527.5  61453.3    61494
read      388.5   309.4    86.8   175.5   200.9   359.2   439.3   479.0   505.9   537.8   580.7   649.9   852.9  4046.0 11676.5  31984.0    31948
read      370.8   279.8    80.4   174.5   198.9   344.0   419.4   457.4   484.2   515.6   555.8   623.3   789.3  2197.3 10973.7  43737.7    43538
read      355.5   198.5    86.8   175.1   199.4   330.0   393.9   430.7   457.8   489.9   532.1   599.1   782.3  1955.3  7546.2  69834.7    70090
read      364.0   322.0    93.8   192.5   219.8   352.1   388.0   407.5   423.5   441.2   467.5   512.6   693.5  6023.8 14045.9   9132.0     9010
read      394.0   219.0    86.8   183.5   211.0   368.1   439.7   478.9   507.2   544.0   593.0   678.8   922.3  1724.2  6975.6  53379.3    53510
read      350.9   158.8    86.8   182.0   206.3   330.0   387.4   419.8   443.8   473.0   512.9   580.1   758.8  1275.3  4801.6  84362.7    84446
read      360.6   199.4    80.4   178.6   203.9   337.2   401.4   437.2   464.0   496.3   538.3   608.3   788.1  1290.4  5500.4  70632.7    70319
read      381.8   222.3    86.8   184.0   210.1   355.7   425.7   463.9   493.0   528.4   575.0   648.8   853.1  1467.6  8708.2  55434.3    55737

Total QPS = 52032.3 (93658112 / 1800.0s)

Total connections = 64
Misses = 0 (0.0%)
Skipped TXs = 0 (0.0%)

RX 23133552923 bytes :   12.3 MB/s
TX          0 bytes :    0.0 MB/s
Warning! Detected max cpu usage > 95%
CPU Usage Stats (avg/min/max): 99.98%,48.24%,100.00%