Thu May 26 15:42:49 UTC 2022
Random waveform, supplied seed
Total number of intervals = 600 (5031, 54838, 74868, 30015, 40743, 23648, 97712, 53672, 55395, 29425, 15173, 82475, 90555, 47944, 28313, 28504, 22886, 35717, 14828, 81704, 55771, 85226, 75020, 12441, 56208, 17446, 86943, 49138, 49839, 47752, 27181, 6170, 7187, 99387, 91970, 79658, 59230, 78081, 64242, 37702, 40686, 30376, 38416, 65892, 39560, 10016, 55224, 19982, 48114, 36283, 23315, 11150, 98724, 56880, 13467, 99368, 46206, 71651, 22741, 56654, 99570, 23047, 70008, 42943, 46704, 75970, 21917, 82027, 81583, 14259, 7821, 17727, 65559, 41133, 28693, 53141, 54512, 14835, 98446, 38117, 77994, 30209, 68315, 91940, 49308, 46880, 92540, 49396, 97841, 35404, 80451, 87228, 75554, 57964, 83546, 55468, 34203, 37629, 34577, 47426, 58845, 66993, 10977, 51529, 48344, 5902, 71602, 41886, 47456, 93939, 16890, 45689, 32790, 44044, 28149, 39739, 72475, 93882, 6692, 50406, 83055, 55609, 16968, 43031, 17236, 82183, 42212, 12244, 61777, 36984, 29093, 41715, 34838, 63574, 24401, 32025, 98971, 23657, 67877, 53849, 79536, 17081, 39024, 26125, 33388, 20979, 95865, 73949, 60987, 54175, 51484, 39771, 32864, 42033, 43808, 45785, 35582, 38504, 15320, 74264, 43890, 5962, 38365, 55971, 23217, 87681, 91728, 96668, 80475, 27150, 53444, 23737, 87776, 82175, 98548, 37704, 64701, 69089, 89785, 16676, 69604, 99682, 97693, 17381, 40069, 8841, 56576, 21599, 53003, 19831, 80340, 28765, 25572, 37071, 75819, 44359, 95960, 59630, 47930, 65545, 94038, 51806, 48712, 13115, 76569, 19372, 59331, 62597, 37702, 41975, 26100, 82500, 50756, 66696, 53364, 10413, 64876, 69079, 19447, 81182, 25265, 9699, 48659, 75126, 96559, 55885, 9039, 66378, 41225, 52371, 39873, 41176, 85357, 85391, 91890, 57558, 9972, 74636, 29773, 63494, 7201, 49507, 65454, 88537, 36982, 88964, 96479, 47883, 50650, 89242, 7374, 8507, 50676, 57069, 43520, 56720, 68155, 60444, 63997, 17315, 78596, 81548, 97254, 46135, 13379, 46993, 98274, 97056, 43434, 36406, 99121, 80708, 40517, 34168, 11754, 93304, 64697, 92626, 75618, 85805, 18930, 50153, 10377, 33112, 28777, 45709, 74458, 73596, 28031, 45754, 80138, 64350, 51870, 81106, 82064, 30534, 25449, 67525, 27070, 41133, 28009, 64235, 16387, 62388, 40199, 16884, 55763, 41925, 42341, 93577, 7657, 14232, 30107, 71078, 85372, 54930, 5750, 80137, 41449, 17301, 19930, 41776, 8596, 30870, 69978, 23908, 9848, 71598, 77156, 14083, 87786, 57205, 53142, 77998, 98830, 32447, 74382, 32271, 55273, 68152, 25419, 43187, 60608, 62150, 30864, 69566, 38183, 51253, 53027, 37133, 73413, 78811, 88317, 46504, 46147, 35073, 18693, 46834, 76427, 96007, 83666, 64655, 54099, 5485, 94089, 57214, 23788, 75649, 39466, 47463, 19155, 18449, 35235, 93118, 76391, 70733, 74230, 37188, 48862, 59325, 66219, 25760, 75255, 67915, 23004, 21973, 82811, 38870, 85697, 94176, 89142, 39251, 36339, 30304, 58303, 78732, 81734, 85654, 40030, 11145, 24220, 36178, 69625, 80189, 64261, 78356, 30570, 63922, 82549, 7574, 42298, 39152, 88634, 60765, 30534, 35563, 96837, 74496, 42819, 50120, 16904, 11439, 24076, 84757, 76496, 34744, 5910, 6391, 25594, 30327, 62849, 91392, 44328, 47665, 79152, 11613, 96212, 27129, 86430, 58712, 23931, 8445, 55537, 54706, 51997, 18803, 88693, 91224, 76765, 80364, 54372, 32473, 25920, 11574, 99135, 24026, 92271, 88470, 58597, 83103, 19062, 72681, 30900, 94867, 22477, 97890, 11845, 95363, 90122, 81157, 78569, 97434, 29257, 42139, 21444, 18314, 49203, 87787, 77490, 16464, 23314, 88655, 28245, 40610, 77039, 35056, 26782, 53121, 15035, 33766, 99826, 49516, 25895, 64849, 79516, 55109, 69984, 34454, 64785, 43963, 90279, 62151, 46958, 82432, 45518, 97055, 28977, 72436, 5078, 81357, 28531, 87140, 36881, 12972, 41961, 76602, 93251, 35269, 86366, 29241, 57116, 81511, 45059, 75774, 61736, 8949, 66290, 82937, 74263, 25664, 64314, 23804, 66356, 49506, 54758, 72283, 95641, 24157, 15088, 73735, 75655, 44689, 37890, 50565, 81326, 75641, 97055, 26336, 63820, 85404, 18025, 42168, 37351, 31615, 46356, 24714, 67626, 15739, 87755, 14357, 51514, 72102, 84799, 21168, 43828, 13381, 70057, 19482, 13593, 30935, 27564, 89146, 12015, 12458, 43213, 34454, 79142, 43458, 65461, 17883, 21816, 92112, 86516, 85434, 49269, 64819, 45466, 74721, 22910, 47947, 69579, 61494, 31948, 43538, 70090, 9010, 53510, 84446, 70319, 55737)
Average QPS expected = 52043
Timestamp start: 1653579770694
Timestamp end: 1653581571258

#type       avg     std     min      p5     p10     p50     p67     p75     p80     p85     p90     p95     p99    p999   p9999      QPS   target
read      436.8  1227.1   109.4   192.0   218.5   326.8   365.5   386.9   401.9   423.4   453.7   519.9  3222.0 21495.2 37244.0   4927.0     5031
read      468.8   312.8   101.3   189.2   216.2   389.3   489.6   561.1   627.9   715.6   827.1  1022.1  1455.6  2867.0  8038.2  54466.7    54838
read      395.2   347.3    86.8   173.2   196.1   329.8   400.6   445.5   479.2   525.4   594.4   778.1  1571.3  4000.8  8913.7  74912.3    74868
read      410.8   340.6    86.8   170.8   194.2   355.7   445.8   490.5   523.8   571.7   660.8   827.5  1256.4  3392.1  7153.8  30183.7    30015
read      491.4   493.2    86.8   182.8   210.3   393.2   500.7   580.6   654.0   748.2   887.6  1106.5  1539.0  4672.0 16105.9  40909.0    40743
read      495.9   615.6    93.8   180.3   207.4   406.5   505.9   580.5   642.0   709.8   794.4   933.3  2112.3  8496.5 17509.2  23654.3    23648
read      451.9   786.2    80.4   183.2   209.3   355.0   425.7   470.0   506.3   556.8   637.7   807.2  1937.1  9332.6 31957.8  97819.0    97712
read      395.1   385.9    86.8   168.0   191.3   330.0   408.1   455.8   491.4   536.5   610.8   791.1  1349.3  4539.6 14612.5  53886.0    53672
read      473.4   450.1    93.8   189.4   216.2   378.9   480.2   554.8   622.7   712.4   840.3  1065.3  1538.2  3909.9 18109.2  55392.3    55395
read      471.2   341.5    93.8   184.8   212.7   407.7   504.3   575.9   637.9   710.8   796.4   944.6  1316.3  3982.7  9553.0  29217.3    29425
read      499.9  1110.2    93.8   180.3   206.6   390.2   470.5   520.5   563.4   609.0   666.9   756.8  3166.6 14523.4 32454.3  15073.7    15173
read      472.7   604.7    80.4   177.1   204.1   353.7   431.2   482.8   527.6   598.4   764.7  1227.9  2296.5  6817.8 24384.2  82503.0    82475
read      414.6   679.8    93.8   174.1   196.9   324.9   386.1   424.0   454.5   494.2   556.3   785.2  2009.5  7503.1 31450.7  90499.3    90555
read      352.1   235.9    93.8   164.8   186.5   315.2   390.5   432.4   460.6   492.3   533.2   599.5   834.4  3829.7  7497.9  48040.3    47944
read      446.6   464.5    93.8   177.9   204.0   380.5   470.6   524.5   571.7   641.5   739.1   892.8  1287.5  6118.3 15689.5  28272.7    28313
read      474.9   305.6    93.8   183.6   211.3   411.1   513.1   587.9   657.3   733.1   824.0   958.9  1340.6  3780.7  5641.4  28465.7    28504
read      482.7   707.6    93.8   178.6   205.9   403.5   495.1   560.2   613.0   673.5   740.6   871.3  1942.7  7416.1 33530.9  22797.7    22886
read      476.8   572.7    93.8   180.7   208.5   397.2   494.7   564.5   629.8   706.6   799.4   952.6  1380.3  6691.9 30805.2  35677.0    35717
read      466.8   754.8    93.8   179.8   205.7   390.1   473.1   521.7   565.9   623.1   688.4   777.4  1809.2  9917.6 31636.7  14736.0    14828
read      466.4   504.8    80.4   180.3   206.1   351.6   434.1   492.5   545.6   639.3   807.5  1138.6  2164.3  5539.7 15670.3  81659.3    81704
read      389.7   454.7    93.8   170.7   193.8   332.6   408.6   453.6   486.2   527.3   584.9   696.4  1197.1  5328.2 13539.9  55906.3    55771
read      424.5   522.0    86.8   176.9   201.3   335.9   405.8   452.9   490.8   541.8   641.2   913.6  1890.3  7060.5 16753.4  85050.7    85226
read      383.2   260.3    93.8   175.3   199.4   330.3   401.5   445.8   478.5   522.3   592.9   749.5  1235.2  2971.4  6902.1  74801.7    75020
read      472.9  1009.3    93.8   180.4   207.0   378.7   456.5   499.4   531.0   568.8   623.7   717.8  2307.5 14357.2 31884.9  12383.0    12441
read      490.7   445.1    93.8   194.3   221.6   392.3   497.6   576.1   644.9   731.3   856.5  1086.7  1665.4  5525.9 12311.7  56131.7    56208
read      472.8   727.2    93.8   183.0   210.6   402.4   493.0   553.5   602.9   662.6   724.2   836.6  1503.9  6033.3 31678.4  17554.7    17446
read      578.2   820.5    93.8   199.0   230.0   397.1   489.9   568.5   656.3   798.5  1050.9  1527.9  3546.3  8713.5 31022.6  86919.0    86943
read      353.9   348.8    86.8   165.4   186.7   315.8   387.5   427.4   455.5   487.1   528.0   597.8   857.0  4037.1 10402.9  49068.0    49138
read      458.3   386.3    93.8   183.4   209.6   376.1   475.6   541.7   599.8   682.1   792.7   971.4  1491.9  3756.5 11671.8  49909.3    49839
read      488.1   581.7    86.8   188.9   216.9   395.5   500.9   577.2   643.6   727.1   835.5  1024.1  1509.2  6216.2 31187.0  47753.0    47752
read      491.4   675.2    93.8   185.9   212.4   400.6   501.5   576.4   638.4   704.1   785.9   933.8  1869.0  7338.5 31955.4  27083.3    27181
read      448.5  1212.7   101.3   191.5   217.8   345.0   393.0   420.3   439.0   464.2   499.0   587.5  2349.3 28955.0 32261.2   6186.7     6170
read      444.2  1050.7   101.3   191.4   218.2   360.9   413.2   442.9   465.2   494.6   537.2   642.9  1918.2 16708.6 32203.3   7105.3     7187
read      408.7   525.2    86.8   180.2   204.7   336.3   402.4   444.5   477.5   521.8   590.0   742.1  1690.8  8267.7 17134.1  99115.3    99387
read      453.2   665.1    86.8   182.1   208.3   351.4   420.1   463.3   498.5   547.2   640.2   994.4  1961.1  8524.0 30289.4  91842.3    91970
read      339.1   249.2    86.8   165.4   186.5   303.8   363.6   399.4   426.7   459.2   500.9   571.2   867.8  3148.4  7873.6  79882.7    79658
read      469.8   541.8    86.8   182.0   207.9   364.1   458.8   524.6   585.4   672.4   807.1  1064.4  1803.6  6073.2 19163.6  59183.0    59230
read      411.1   403.1    86.8   173.8   197.6   335.4   406.4   452.7   489.3   540.1   631.9   902.9  1683.3  4711.7  8743.5  77934.3    78081
read      390.0   334.1    80.4   173.2   196.9   332.1   406.5   452.2   487.0   532.1   605.8   773.2  1309.4  3144.2  8404.0  64466.0    64242
read      479.8   394.6    93.8   183.3   210.8   402.8   508.2   586.4   656.0   733.8   833.2   995.2  1391.3  4838.6 13610.1  37760.3    37702
read      504.5   638.8    93.8   186.8   213.9   398.4   507.8   588.1   660.4   747.2   860.2  1059.5  1732.4  6707.1 31408.6  40559.3    40686
read      482.0   407.4    93.8   187.1   214.2   405.2   510.1   589.7   661.1   740.7   838.0   991.5  1370.7  4846.5 13148.9  30325.0    30376
read      480.0   322.6    93.8   186.5   213.2   396.0   507.3   586.6   665.8   754.3   866.3  1045.7  1410.5  3319.9  7832.3  38483.7    38416
read      503.7   373.4    93.8   205.7   232.6   404.7   512.3   595.6   673.0   767.3   898.4  1126.5  1646.0  3845.7  8878.8  65828.0    65892
read      491.0   369.2    93.8   188.6   216.9   407.0   519.3   604.2   676.4   754.9   861.7  1037.0  1466.9  3542.1 10932.0  39536.0    39560
read      462.1   781.6   101.3   189.5   218.8   395.0   467.6   507.7   541.9   582.8   642.0   739.3  1560.9  9276.7 32215.8  10080.7    10016
read      489.0   455.2    93.8   193.2   220.9   392.8   497.1   574.5   642.8   732.1   857.1  1069.5  1629.6  4958.4 10781.0  55207.7    55224
read      483.6   604.2    93.8   184.6   212.6   414.9   511.6   586.3   641.8   698.6   765.2   878.8  1255.7  7705.0 30532.6  19867.0    19982
read      490.9   473.5    93.8   189.6   217.7   392.2   499.0   576.8   644.7   740.0   866.6  1092.5  1632.7  4533.7 11792.7  47919.0    48114
read      499.1   430.5    86.8   185.6   214.5   412.0   529.1   615.4   684.7   771.9   879.9  1061.7  1505.7  4515.8  8866.9  36303.7    36283
read      556.3  1015.7    93.8   185.8   212.5   414.0   518.9   600.2   666.5   734.2   824.7  1006.5  3305.5 13321.6 37948.6  23238.7    23315
read      462.2   835.9    86.8   185.8   211.7   394.4   466.9   508.7   544.3   584.5   638.0   722.0  1593.4  8107.5 31793.4  11122.7    11150
read      462.2   628.1    93.8   190.0   216.6   354.9   424.0   468.4   507.9   568.2   678.2  1032.3  2134.8  8585.1 28557.3  98621.7    98724
read      390.3   347.6    86.8   172.0   195.2   329.8   406.8   453.5   488.0   531.6   597.0   757.1  1342.7  3444.8  8776.7  57152.3    56880
read      477.6   820.9   101.3   185.4   212.4   405.8   489.6   543.5   586.4   636.2   694.8   802.4  1537.7  8697.8 31983.1  13475.3    13467
read      417.6   731.8    86.8   182.5   207.0   337.3   399.1   435.6   464.7   501.2   554.5   669.8  1996.0  8664.9 32091.2  99249.0    99368
read      420.3   442.3    93.8   173.8   197.2   345.9   433.5   482.8   520.4   574.4   662.7   851.1  1444.5  5599.3 12821.9  46278.3    46206
read      499.5   495.6    93.8   196.4   224.7   394.8   494.3   567.9   632.3   723.2   858.8  1098.0  1836.4  6439.2 13434.9  71627.0    71651
read      372.7   441.9    86.8   166.6   188.3   340.2   419.6   449.9   468.3   493.2   526.3   585.3   901.0  5273.7 27100.4  22530.0    22741
read      458.7   353.6    86.8   185.4   211.7   370.2   463.7   530.1   588.8   677.0   803.1  1033.5  1598.3  3839.7  8143.1  56586.0    56654
read      442.6   801.9    93.8   187.0   212.2   345.0   407.8   447.9   479.7   524.1   594.0   786.0  1934.9  9483.0 31992.6  99720.0    99570
read      395.8   268.8    93.8   168.7   191.8   359.1   435.0   470.2   501.0   544.2   627.1   764.0  1118.0  3173.5  8208.0  22981.0    23047
read      448.9   349.6    93.8   185.5   211.8   364.3   450.0   509.3   564.4   647.8   776.9  1003.9  1598.4  3741.4  7981.5  70153.0    70008
read      351.1   245.9    86.8   164.4   186.1   317.7   394.5   435.6   462.8   493.7   533.0   597.1   822.4  2634.7  8700.4  42759.7    42943
read      481.8   495.9    93.8   184.7   211.8   389.2   489.6   559.6   627.1   714.6   836.2  1061.7  1608.5  5731.4 15462.7  46766.3    46704
read      395.7   312.9    93.8   177.1   201.5   336.9   411.5   457.8   493.7   541.0   619.0   782.8  1294.1  3641.6  7679.0  76053.0    75970
read      392.1   309.7    93.8   169.5   192.6   358.6   433.3   464.0   487.5   518.1   579.2   697.3  1075.8  4332.2  9637.7  22067.7    21917
read      394.0   427.1    93.8   173.7   196.6   323.3   389.5   429.7   461.0   502.7   569.9   764.1  1779.1  5241.4  9454.6  82195.0    82027
read      456.5   646.9    86.8   177.2   202.2   340.6   414.8   463.8   506.3   578.6   726.4  1079.2  2120.8  8487.1 29116.3  81939.3    81583
read      356.7   262.7    93.8   170.9   193.1   351.5   404.3   427.1   443.0   462.6   490.1   539.3   746.2  3340.4 12408.3  14147.3    14259
read      481.1  1271.2   109.4   191.5   219.8   354.3   407.9   440.4   464.9   498.3   548.3   651.3  3410.5 27471.2 33330.8   7933.3     7821
read      492.4   685.1   101.3   188.0   216.8   415.6   514.1   587.2   640.7   696.7   768.1   878.0  1412.0  6898.7 31458.7  17691.3    17727
read      510.6   401.9   101.3   213.0   241.4   418.0   528.1   608.0   673.6   760.7   884.8  1093.2  1627.8  4137.9 12559.6  65815.3    65559
read      519.5   632.0    93.8   196.3   223.6   402.4   518.6   605.0   678.1   773.3   896.3  1102.6  1827.6  8121.9 30390.8  41324.7    41133
read      490.8   517.5    93.8   188.5   215.3   409.0   518.2   596.3   662.7   734.5   829.6   977.0  1441.0  5846.6 19590.8  28653.7    28693
read      489.7   430.4    93.8   194.8   222.0   393.8   500.3   579.5   646.9   735.2   855.9  1066.3  1613.1  5213.2 12379.9  53070.0    53141
read      494.7   379.1    86.8   199.7   226.6   397.6   507.0   588.7   658.5   753.2   886.9  1110.4  1604.8  3205.8 11859.1  54462.3    54512
read      479.2   669.2   101.3   185.4   212.4   402.2   491.8   551.7   599.3   644.7   704.8   808.5  1982.2  7539.9 30720.0  14978.0    14835
read      439.6   575.0    93.8   189.3   214.6   351.0   418.8   462.3   499.7   550.7   639.7   880.9  1834.5  8275.5 24364.9  98537.3    98446
read      407.0   368.6    93.8   177.4   200.4   348.0   436.7   485.4   522.1   569.5   645.6   801.4  1186.5  3208.7 14351.5  37980.3    38117
read      443.2   528.5    86.8   183.9   208.0   344.0   421.7   472.7   519.0   586.0   711.5  1011.3  1873.1  6310.5 12527.3  77596.7    77994
read      390.6   346.5    93.8   171.9   194.3   342.3   428.0   467.7   500.4   542.9   611.5   758.9  1092.2  2939.7 12385.5  30362.3    30209
read      506.5   376.3    93.8   206.9   234.6   406.9   517.8   600.3   672.7   769.6   903.2  1132.5  1686.3  3149.9 11013.0  68380.3    68315
read      472.5   746.1    86.8   186.5   211.7   355.0   426.3   471.9   510.8   567.1   671.6  1083.6  2325.0  8855.9 31349.8  91998.7    91940
read      398.5   351.4    93.8   174.3   197.7   337.6   423.1   472.2   509.2   555.4   623.7   759.9  1212.2  4133.0 12382.0  49298.7    49308
read      495.5   516.2    93.8   189.4   216.9   402.3   512.0   591.1   658.7   740.3   847.4  1036.2  1643.5  5171.7 28309.6  46822.0    46880
read      466.3   630.4    93.8   185.7   211.4   350.0   421.7   470.0   515.5   585.7   724.4  1095.5  2088.8  8677.8 19441.9  92589.0    92540
read      384.2   338.1    93.8   171.4   193.9   331.4   412.4   458.7   493.1   535.7   593.3   714.7  1136.4  3942.1 13188.8  49245.0    49396
read      443.6   447.7    86.8   185.8   210.8   348.1   415.9   459.0   494.5   546.4   653.3  1207.8  1891.0  3985.3 13293.0  98149.0    97841
read      411.9   338.5    93.8   174.8   199.1   354.9   445.7   493.9   530.6   581.0   661.1   804.7  1198.6  4412.5 12069.9  35508.3    35404
read      568.6   887.2    93.8   202.1   231.9   399.6   494.9   570.2   642.2   758.7   963.2  1393.0  3111.1  9439.8 31791.1  80430.0    80451
read      345.6   272.1    86.8   173.1   194.9   310.3   368.8   403.7   430.4   463.1   506.5   585.2   847.0  3432.3  7694.8  87196.3    87228
read      457.0   421.5    93.8   189.8   216.6   365.6   450.3   506.4   557.8   633.8   757.8  1004.4  1741.0  5249.3 11225.5  75415.0    75554
read      370.4   485.7    86.8   170.8   193.6   323.0   394.7   435.7   466.8   504.9   554.5   636.9   996.5  4108.0 30482.4  58026.3    57964
read      441.3   603.6    80.4   178.3   202.8   338.4   409.7   455.4   493.0   546.3   637.5   941.1  2200.4  7753.5 21272.9  83316.0    83546
read      383.9   314.2    86.8   172.3   195.1   332.9   411.7   456.4   489.9   532.5   592.8   722.4  1178.4  3010.1 12155.3  55299.7    55468
read      488.4   534.2    93.8   185.1   212.7   401.6   503.8   578.4   639.7   716.3   806.0   969.2  1601.9  6413.2 12666.9  34200.7    34203
read      506.7   634.8    93.8   184.7   212.1   403.1   513.5   594.8   663.3   748.3   858.2  1045.8  1897.8  6298.5 30826.4  37584.3    37629
read      487.7   394.0    93.8   185.4   212.3   410.2   520.9   600.1   665.1   744.8   846.3  1021.5  1432.8  4218.6 12351.5  34531.7    34577
read      506.5   512.8    93.8   188.8   217.3   401.0   517.9   602.0   675.2   768.4   893.5  1111.6  1672.4  6398.3 17786.1  47459.7    47426
read      503.0   564.6    93.8   192.8   220.1   394.0   504.4   585.0   655.4   748.2   880.7  1120.5  1738.4  6755.4 27382.4  59096.7    58845
read      487.9   413.8    93.8   199.7   226.6   395.6   499.7   577.1   641.9   725.4   836.4  1044.7  1612.5  4652.8 11848.4  67080.3    66993
read      485.0  1043.4   101.3   182.6   208.5   390.2   463.4   507.8   538.3   576.1   628.2   712.9  2586.1 12360.7 35624.9  10967.0    10977
read      491.3   485.1    93.8   187.8   215.1   389.1   495.8   571.6   637.6   728.4   859.8  1101.8  1736.7  5215.5 13586.4  51522.7    51529
read      492.8   458.0    86.8   187.8   215.6   399.4   512.1   590.7   657.1   747.3   868.6  1088.6  1543.5  4587.8 19379.0  48543.3    48344
read      467.6  1308.6   101.3   186.4   214.4   354.6   407.1   432.5   453.3   478.3   516.1   604.5  2886.0 24260.1 44635.6   5938.3     5902
read      519.2   527.1    93.8   203.3   231.2   402.6   518.1   607.5   684.8   785.2   927.5  1171.4  1769.1  5646.6 18863.0  71358.7    71602
read      365.5   306.1    86.8   166.8   188.4   320.1   402.6   446.2   475.1   509.2   553.5   628.6   951.8  4146.2  7365.6  41948.0    41886
read      435.7   391.5    93.8   179.4   205.3   361.7   457.5   514.5   559.9   622.4   718.8   896.5  1366.9  4688.6 11744.1  47377.3    47456
read      445.8   624.3    86.8   181.8   207.2   345.0   415.8   461.2   499.4   551.4   638.9   931.1  2113.0  8684.5 28325.1  94071.3    93939
read      430.8   803.0   101.3   172.7   195.7   365.7   431.7   463.1   489.9   528.2   587.8   702.8  1694.4 10089.8 35880.0  17074.3    16890
read      506.1   681.7    93.8   184.9   212.7   399.7   508.2   586.1   650.2   731.4   841.3  1038.9  1727.0  8388.8 31243.4  45654.3    45689
read      486.7   462.3    93.8   183.5   211.3   408.5   515.1   594.4   658.9   727.8   813.6   950.4  1472.7  5609.6 13563.2  32891.3    32790
read      481.8   328.0    93.8   190.1   218.7   403.8   512.7   595.3   661.9   740.8   845.2  1016.6  1434.3  2774.7  8701.7  44079.7    44044
read      515.1   691.6    86.8   188.3   216.0   423.1   533.4   618.8   679.3   742.3   825.5   957.8  1514.2 10026.2 30293.0  28030.0    28149
read      496.5   400.8    93.8   190.4   218.7   412.8   527.7   610.0   676.6   762.2   870.4  1044.3  1447.0  4670.7 12859.8  39594.3    39739
read      492.7   384.2    86.8   202.1   229.6   398.6   500.8   580.1   648.6   740.2   864.5  1087.1  1652.2  3209.3 13009.8  72423.3    72475
read      354.8   331.3    86.8   171.4   193.4   313.4   373.2   410.0   436.7   470.8   520.9   611.1  1001.8  3941.4 10993.1  93502.3    93882
read      399.1   891.6   109.4   183.4   209.5   342.8   391.5   419.2   439.0   465.6   500.1   566.1  1327.1  9987.0 42576.7   6802.0     6692
read      489.9   459.0    93.8   186.8   214.3   391.8   501.6   585.5   656.3   747.4   872.8  1094.7  1597.9  4377.1 12399.9  50262.0    50406
read      421.5   553.6    86.8   175.2   199.5   333.6   403.5   447.7   482.5   529.7   608.8   831.9  2075.5  8222.3 17947.5  83103.0    83055
read      407.7   453.2    86.8   172.3   195.5   338.4   420.8   469.5   508.9   561.4   641.5   834.0  1344.6  4328.3 19214.6  55626.0    55609
read      461.0   554.7    93.8   179.7   204.8   403.8   496.5   556.7   599.4   645.7   699.4   783.7  1427.2  8907.3 20343.4  17001.3    16968
read      487.2   374.4    93.8   189.0   217.1   397.0   511.1   594.8   665.6   756.0   872.0  1077.0  1512.9  3199.3  8597.0  43229.0    43031
read      516.2   852.9   101.3   184.0   211.0   424.5   530.6   605.2   648.7   697.6   763.1   875.0  2306.9 11468.1 31831.6  17249.0    17236
read      484.8   539.5    80.4   185.4   212.2   359.4   441.6   502.9   562.2   663.4   867.8  1230.5  2149.1  6786.5 15251.9  82299.7    82183
read      372.2   291.7    86.8   166.7   188.8   325.0   406.3   449.8   480.4   519.6   571.1   672.2  1031.6  3655.5 11139.5  42335.7    42212
read      495.6   912.9    93.8   181.6   207.8   406.4   485.8   535.1   573.0   617.7   674.8   781.4  2852.8 10387.1 29929.0  12224.3    12244
read      479.7   348.0    86.8   192.9   220.2   388.7   496.1   573.6   638.8   731.7   858.3  1074.9  1562.6  3334.7 10333.9  61690.0    61777
read      483.4   435.1    86.8   183.0   210.8   397.3   513.4   596.1   665.1   749.6   850.2  1012.0  1402.1  5582.6 15067.8  36635.3    36984
read      518.6   785.3    86.8   183.6   210.9   408.3   513.8   592.5   657.2   729.9   822.6   989.4  2790.5 10494.5 31923.5  29133.0    29093
read      482.4   461.6    93.8   182.2   208.8   393.2   503.5   581.9   649.8   742.2   861.7  1058.0  1494.6  4659.8 14856.1  41872.0    41715
read      491.2   601.6    93.8   182.3   209.1   397.6   505.0   583.8   649.6   731.0   841.1  1015.9  1516.0  7436.3 30590.0  34789.7    34838
read      475.6   330.0    93.8   193.7   221.6   391.8   497.1   571.5   635.8   722.2   835.4  1009.7  1489.6  3586.4  7514.3  63595.3    63574
read      494.2   753.8    93.8   182.4   210.4   416.8   520.7   596.9   650.3   713.2   788.6   912.7  1486.4 10177.0 32300.5  24333.3    24401
read      465.7   346.9    93.8   181.1   208.5   401.4   504.7   580.8   638.8   705.8   790.2   924.4  1331.9  3402.8  8696.6  31919.0    32025
read      457.1   613.6    80.4   185.1   211.5   352.9   422.1   466.5   505.6   564.6   681.4  1078.8  1916.4  8800.6 24215.3  99024.3    98971
read      417.9   652.8    93.8   166.3   190.0   356.8   438.6   471.8   500.7   539.6   609.5   746.7  1300.5  7851.1 32468.9  23792.7    23657
read      473.0   375.2    93.8   196.2   223.5   386.6   486.5   560.8   626.4   705.0   812.6  1003.2  1520.8  4020.1  9978.4  68153.3    67877
read      477.9   369.4    93.8   188.5   216.0   391.3   499.8   579.2   645.1   732.5   851.9  1050.4  1461.3  3277.3 11652.0  53599.3    53849
read      490.1   704.6    93.8   179.6   206.4   359.8   442.5   501.0   554.1   640.3   818.4  1244.5  2154.8  8582.5 29730.0  79543.0    79536
read      387.2   493.4    86.8   167.2   189.5   358.4   422.1   451.0   469.7   500.8   547.9   642.6  1004.7  5840.0 25722.6  17002.0    17081
read      500.4   681.3    86.8   183.2   211.2   397.3   506.2   586.6   652.7   734.6   841.2  1016.7  1564.4  9769.5 31099.3  38819.3    39024
read      477.0   377.2    93.8   181.8   209.2   414.1   519.0   598.3   655.0   717.6   792.5   913.1  1333.5  4478.0  7883.0  26165.7    26125
read      509.3   633.1    93.8   183.3   210.5   404.7   520.6   604.3   667.3   739.8   841.0   995.0  2075.4  8259.6 18664.0  33383.3    33388
read      501.5   705.9    93.8   180.0   206.8   414.2   513.0   587.8   638.4   690.4   753.0   864.7  2449.4 10227.9 30922.2  21066.0    20979
read      500.4   702.5    86.8   185.6   213.4   364.1   438.6   491.1   537.0   611.4   798.7  1406.2  2551.5  8648.4 16798.1  95850.7    95865
read      385.9   420.5    86.8   169.0   192.2   320.1   391.9   435.6   469.2   514.6   581.6   730.7  1446.1  5494.5 14172.7  73987.7    73949
read      484.0   341.0    93.8   196.6   224.4   396.9   504.7   583.4   650.6   737.4   855.3  1046.4  1580.1  2754.8 10995.2  60951.3    60987
read      501.7   475.1   101.3   196.1   223.9   400.5   512.8   598.2   668.0   764.8   894.3  1102.6  1673.4  3908.2 20384.8  54307.7    54175
read      528.3   574.4    93.8   194.7   223.7   409.2   533.5   626.8   709.1   814.1   945.1  1176.4  1886.6  6183.8 16583.8  51727.3    51484
read      489.8   356.7    93.8   186.5   214.1   404.6   522.0   609.2   680.0   768.6   875.8  1038.4  1484.7  3627.3 11534.5  39585.0    39771
read      501.0   378.1    93.8   185.8   213.0   413.7   540.8   634.0   706.5   787.8   888.1  1055.7  1459.2  4774.0 11082.7  33049.3    32864
read      508.7   556.7    93.8   189.2   217.3   402.3   522.2   609.6   681.3   774.7   891.8  1089.3  1695.7  5260.4 15301.3  42026.3    42033
read      523.0   450.0    93.8   194.2   224.2   419.7   546.4   637.2   710.3   796.1   909.4  1106.8  1767.8  5409.5 11713.5  43696.0    43808
read      485.2   357.4    93.8   187.2   213.6   396.3   511.9   597.5   668.3   757.8   878.9  1065.5  1465.5  3159.4 10752.1  45802.7    45785
read      479.1   346.6    93.8   184.3   212.3   403.7   516.9   599.2   668.3   750.1   847.3   992.8  1307.7  4271.8  9933.0  35618.3    35582
read      525.8   596.5   101.3   189.6   218.9   413.1   541.3   636.1   710.4   800.2   911.6  1108.6  1785.3  7572.6 30406.1  38500.3    38504
read      478.7   753.4    93.8   180.0   207.6   409.1   506.3   568.4   610.2   651.9   700.5   790.2  1214.4  8961.7 31608.0  15212.7    15320
read      446.7   507.8    86.8   178.2   204.0   350.3   430.3   483.9   530.0   598.8   718.2  1039.2  1886.6  4975.5 17042.9  74064.0    74264
read      411.6   463.3    93.8   171.7   195.4   343.6   428.1   473.8   511.5   561.3   635.9   800.3  1337.5  5699.1 12913.6  43581.0    43890
read      452.4   998.7   109.4   195.0   226.5   377.5   430.2   459.6   482.9   514.4   563.5   664.5  1998.3  9235.4 44567.1   6067.3     5962
read      503.7   643.4    86.8   186.2   213.4   405.9   514.9   603.9   671.6   752.2   848.5  1016.9  1390.2 10630.6 30236.0  38158.3    38365
read      482.9   355.2    93.8   191.7   219.5   387.8   494.9   576.6   647.1   747.5   879.3  1102.2  1519.0  3307.9 10098.8  56040.7    55971
read      507.5   716.6   101.3   182.4   209.3   409.4   517.9   596.5   648.6   707.8   782.7   909.5  2421.1  9701.3 30836.5  23351.7    23217
read      403.4   482.1    86.8   176.3   199.4   328.6   393.7   433.6   466.2   509.5   583.0   765.0  1799.6  5508.5 13605.4  87705.0    87681
read      470.2   754.7    86.8   184.9   210.8   353.9   424.3   470.6   509.7   567.0   659.9   910.7  3061.4  8740.2 31052.8  91814.7    91728
read      356.7   375.4    80.4   176.0   198.5   313.4   369.6   403.6   430.7   464.4   511.2   598.1  1042.0  4476.3 11956.4  96868.7    96668
read      438.4   398.2    86.8   181.8   207.0   348.0   427.4   482.5   531.8   605.7   735.2  1011.1  1723.5  4631.5 11680.0  80684.3    80475
read      382.2   439.7    86.8   166.4   188.4   342.4   425.7   464.0   492.0   525.2   569.0   640.9   919.6  5625.0 16817.7  27196.0    27150
read      450.8   402.2    93.8   179.3   205.4   364.7   457.1   520.3   575.0   651.6   771.0   973.7  1579.1  4662.6 10602.4  53393.3    53444
read      476.3   417.9    93.8   181.2   209.3   414.2   521.2   598.4   651.1   708.7   780.5   890.9  1312.1  4033.7 13373.9  23711.3    23737
read      397.5   476.8    86.8   174.4   197.7   327.1   393.0   431.9   462.7   503.5   566.4   716.0  1702.4  7584.7 15338.3  87732.3    87776
read      379.1   329.3    86.8   174.2   196.9   322.8   390.4   431.4   465.0   509.5   577.2   727.7  1258.0  3923.3  8670.3  82019.0    82175
read      358.5   361.0    86.8   175.5   198.3   317.4   378.2   414.7   442.8   478.7   530.4   620.0   944.0  4109.8  9001.4  98320.7    98548
read      472.7   528.7    86.8   181.0   208.0   393.1   497.1   567.5   624.9   703.1   805.3   956.6  1352.3  7567.8 20001.5  37597.0    37704
read      476.6   339.7    93.8   197.7   224.2   390.0   495.2   571.7   636.0   722.0   843.9  1045.2  1449.9  3276.0 11534.8  64649.0    64701
read      432.2   310.1    86.8   183.4   209.7   360.3   444.8   503.8   552.5   624.1   731.0   934.8  1427.5  2714.0  7978.7  68871.0    69089
read      350.5   266.7    86.8   172.7   194.6   315.3   374.9   411.2   437.6   471.6   522.3   602.3   864.7  3517.9  8480.7  89943.7    89785
read      489.1   701.7   101.3   179.6   207.5   415.1   516.4   586.9   629.4   673.9   735.0   829.4  1329.6 10582.6 31302.6  16713.7    16676
read      500.3   408.4    93.8   204.3   231.6   405.0   516.9   600.9   671.0   757.6   876.8  1093.3  1589.1  3437.2 11445.2  69668.3    69604
read      461.2   647.2    86.8   187.1   213.5   354.0   421.5   465.4   502.8   557.2   665.5  1093.2  1984.1  8770.9 28657.6  99733.7    99682
read      391.3   327.7    86.8   187.1   211.9   343.9   408.9   450.6   482.4   523.6   583.1   692.9  1153.3  4006.2  7985.3  97727.0    97693
read      411.6   305.4   101.3   178.4   203.3   392.5   455.2   488.5   513.7   549.7   607.3   705.8  1025.1  4498.6  9354.0  17328.0    17381
read      563.1   648.2    93.8   193.3   222.6   421.1   559.2   661.6   747.4   864.6  1021.7  1298.2  2134.4  7457.7 22737.5  39933.3    40069
read      529.6  1150.9   101.3   194.0   225.7   427.7   508.4   567.3   608.5   642.2   696.8   806.7  2255.4 15544.1 42084.8   8803.3     8841
read      478.0   420.2    86.8   190.7   217.5   378.0   477.0   550.4   613.3   705.9   853.8  1116.2  1654.5  4597.9 10309.0  56439.0    56576
read      556.5  1045.3   101.3   188.5   217.4   428.9   553.9   642.8   704.6   775.9   869.5  1026.0  2078.0 18808.4 32856.7  21629.7    21599
read      509.4   551.4    86.8   193.5   221.7   396.8   506.9   589.8   667.1   771.7   911.6  1152.9  1723.6  7230.6 23922.4  53165.0    53003
read      541.5   768.3   101.3   184.8   213.0   435.9   565.8   647.9   707.9   772.6   856.8  1000.1  2159.4 11053.2 30746.6  19838.0    19831
read      405.2   551.0    86.8   174.3   197.4   328.3   397.5   439.7   473.9   521.6   591.3   758.1  1639.0  8183.3 17464.3  79942.0    80340
read      430.7   320.9    93.8   170.8   195.1   374.2   463.9   517.5   561.2   620.1   708.4   868.4  1288.3  3963.1  7592.6  28755.0    28765
read      511.6   448.2    93.8   184.2   212.1   428.7   557.8   643.8   711.9   784.0   880.9  1033.6  1419.5  5311.9 15125.9  25655.7    25572
read      501.3   586.6    93.8   182.6   210.2   395.7   512.1   597.8   678.6   783.5   912.7  1111.4  1505.3  7282.7 29620.5  37028.3    37071
read      438.8   629.3    80.4   179.5   204.7   344.2   421.4   471.8   514.6   574.1   669.8   916.4  1860.2  7184.1 30349.4  75784.7    75819
read      424.6   364.2    93.8   177.4   202.4   354.7   439.2   492.9   535.5   590.1   679.1   889.5  1432.4  4456.5 12211.4  44543.0    44359
read      458.9   550.5    86.8   188.7   214.9   355.1   423.7   469.1   508.9   569.1   684.7  1183.8  1876.9  8389.6 12877.2  96229.3    95960
read      411.6   444.9    86.8   178.6   202.6   342.1   421.5   470.9   513.2   565.1   640.7   816.6  1362.9  4448.7 15558.2  59847.0    59630
read      509.3   558.7    86.8   194.6   222.7   399.3   517.0   603.7   681.6   785.8   921.9  1143.2  1600.1  6064.0 30240.2  47922.0    47930
read      520.5   418.1    93.8   203.9   232.6   410.8   528.2   616.7   694.3   804.7   946.2  1184.1  1772.7  4058.9 13610.5  65517.7    65545
read      404.4   438.9    80.4   178.4   202.9   335.3   401.3   443.5   478.2   526.3   600.2   777.6  1662.0  5428.0 12616.5  93967.7    94038
read      422.0   455.6    93.8   173.5   196.5   343.0   427.9   481.3   525.0   583.5   681.7   911.7  1510.1  3892.3 15795.5  51817.7    51806
read      502.8   379.7    93.8   189.0   217.7   399.4   519.5   610.6   689.7   792.0   928.3  1148.9  1599.7  4186.5  9862.3  48670.7    48712
read      489.3   712.6   101.3   180.9   209.3   419.2   519.6   578.7   618.7   660.9   711.7   801.6  1576.3 10099.0 29725.1  13076.7    13115
read      415.8   591.5    86.8   175.0   198.9   336.4   408.8   454.9   493.8   544.4   623.4   798.5  1658.9  8917.0 27878.6  76685.0    76569
read      434.9   473.5    93.8   171.5   194.9   392.7   460.4   501.7   536.7   586.0   668.3   793.3  1485.1  6420.7 15711.8  19511.0    19372
read      518.1   535.6    93.8   195.5   224.2   402.4   516.2   604.3   674.9   775.2   924.1  1173.1  1752.3  6422.2 18532.1  59014.3    59331
read      489.6   433.2    93.8   193.4   221.5   393.7   503.9   586.6   653.5   743.2   866.4  1067.4  1597.4  3821.0 12050.9  62693.7    62597
read      490.4   382.4    93.8   183.3   210.6   400.9   515.8   602.0   676.5   772.7   896.4  1090.6  1479.5  3721.8 15222.6  37667.7    37702
read      506.7   430.3    93.8   187.5   215.6   406.9   530.0   617.2   690.6   792.7   925.3  1135.4  1570.8  6017.0 12699.6  41940.3    41975
read      532.3   653.0    93.8   182.4   211.4   429.9   557.8   649.8   723.1   806.6   907.2  1066.7  1948.9  7000.4 31522.1  26106.3    26100
read      452.7   586.2    80.4   176.7   201.9   343.8   416.4   462.8   503.0   561.4   678.2  1183.1  2122.0  6032.9 14286.8  82632.0    82500
read      406.3   293.4    93.8   172.9   195.9   344.5   428.0   479.7   522.2   575.6   652.1   829.5  1335.0  3311.4  8121.6  50970.3    50756
read      508.6   406.0    93.8   201.7   228.6   394.5   503.8   592.4   668.9   781.9   947.6  1211.6  1732.0  3819.8 12890.5  66843.3    66696
read      514.9   570.8    93.8   189.9   218.8   398.9   514.0   601.6   680.2   787.7   935.3  1171.2  1727.2  7018.0 23274.0  53570.3    53364
read      505.2   880.8   101.3   185.1   215.4   422.5   517.4   575.9   616.7   662.6   722.4   828.1  1938.0 10407.4 32051.9  10455.0    10413
read      504.6   501.5    93.8   199.2   226.9   396.4   503.6   586.2   659.8   752.5   892.2  1132.3  1684.3  4990.4 15790.3  64660.7    64876
read      483.3   511.0    86.8   190.3   218.7   380.7   476.2   547.6   611.2   699.4   830.7  1071.5  1771.1  6379.3 13354.5  69087.3    69079
read      366.2   450.7    93.8   163.6   184.7   356.1   415.9   440.9   459.0   480.4   510.2   571.2   802.9  4294.7 21411.0  19612.3    19447
read      441.6   504.0    93.8   178.5   203.7   344.9   418.5   465.4   505.1   560.8   655.8   999.0  2043.7  5922.3 10230.5  80890.0    81182
read      429.6   577.1    86.8   171.1   194.4   376.9   459.6   502.9   536.0   579.4   641.9   790.2  1244.0  7802.4 31116.4  25321.7    25265
read      517.5  1128.3   109.4   185.1   214.6   417.0   496.8   545.7   580.1   619.6   673.6   775.5  2976.2 12610.6 44329.2   9773.0     9699
read      508.8   591.3    93.8   183.1   208.7   377.8   490.0   573.1   646.1   772.0   973.7  1283.2  1816.7  6461.1 24669.9  48669.0    48659
read      412.1   415.9    86.8   174.3   198.5   334.9   408.9   458.3   499.1   552.6   639.7   875.5  1660.2  4619.0 12601.6  75183.3    75126
read      408.5   456.3    86.8   179.2   204.0   333.7   400.3   442.4   477.6   524.9   596.2   783.4  1723.9  5432.4 12756.7  96631.0    96559
read      488.6   374.5    93.8   193.6   220.0   384.3   494.5   577.0   646.9   746.9   894.1  1155.8  1674.5  3181.4 10313.9  55676.3    55885
read      510.9  1088.2    86.8   189.3   220.2   409.4   482.8   528.2   563.7   606.0   662.3   757.8  3111.9 13734.2 35910.7   9069.3     9039
read      538.4   482.1    86.8   207.5   236.6   414.6   533.7   629.3   715.2   830.8   988.6  1249.4  1916.0  4990.5 12349.2  65922.0    66378
read      498.6   454.7    93.8   187.8   215.0   400.6   522.2   607.0   683.9   786.3   916.7  1100.6  1453.3  4747.0 15699.3  41053.7    41225
read      500.7   483.7    93.8   191.8   219.6   391.7   505.1   592.5   667.0   774.6   924.5  1164.2  1628.1  4146.9 15471.6  52127.3    52371
read      514.3   502.1    93.8   190.6   218.9   406.0   530.6   621.9   700.8   810.2   956.5  1149.4  1619.6  4706.9 19493.8  39933.0    39873
read      505.9   495.3    93.8   188.0   216.5   402.0   521.7   612.9   685.2   788.6   926.1  1150.3  1595.2  4419.8 18742.9  41113.0    41176
read      472.6   658.8    93.8   182.7   208.9   358.5   432.9   485.2   530.8   596.9   730.9  1111.0  2007.1  8651.3 28612.7  85714.3    85357
read      450.7   500.9    86.8   177.5   202.4   342.9   417.3   466.2   511.1   580.6   723.8  1204.1  1972.4  5197.0 12821.7  85247.3    85391
read      361.4   390.5    86.8   174.8   196.5   315.1   376.1   413.0   441.4   479.5   533.8   629.0   951.1  5205.8 12398.7  92071.3    91890
read      431.9   377.2    86.8   178.4   203.9   359.3   448.0   508.5   555.2   619.1   714.7   911.7  1415.3  3762.6 12064.4  57799.0    57558
read      489.0  1057.1   101.3   181.1   210.8   405.9   482.8   529.4   564.6   605.7   663.4   770.9  2326.2  7489.3 55750.5   9978.3     9972
read      411.5   476.7    80.4   173.1   196.6   333.2   405.9   453.7   495.3   547.6   635.8   874.9  1594.9  5661.5 15920.5  74300.7    74636
read      402.4   283.9    93.8   169.5   193.3   361.0   441.4   485.8   519.1   560.7   628.3   787.8  1136.0  3510.6  8639.1  29763.0    29773
read      517.2   618.5    93.8   200.1   226.8   392.2   499.1   580.5   653.6   758.0   907.5  1180.6  1956.5  7768.1 24514.3  63487.3    63494
read      522.0  1404.0   109.4   189.9   223.8   394.5   451.6   485.0   509.0   547.3   605.4   705.1  3395.4 30603.2 32415.5   7244.0     7201
read      491.6   410.1    93.8   186.7   213.7   390.6   505.6   587.7   658.7   754.9   898.1  1121.1  1591.7  4097.1 12243.3  49372.7    49507
read      521.5   496.4    86.8   201.7   228.3   398.0   510.8   598.0   680.1   794.5   948.7  1210.8  1896.5  6236.6 12798.7  65712.3    65454
read      445.7   488.7    86.8   181.4   206.6   341.8   409.9   457.7   500.1   563.2   684.4  1098.1  1996.8  5219.0 12659.7  88319.3    88537
read      435.4   548.9    86.8   172.2   195.9   359.6   453.1   508.2   550.3   603.3   682.9   860.4  1387.2  5979.0 30489.8  37111.3    36982
read      435.8   641.4    86.8   180.8   206.1   349.9   421.8   466.0   502.1   548.9   622.7   791.2  1798.5  8631.4 30444.7  89054.3    88964
read      359.9   356.6    86.8   175.6   197.7   320.3   381.0   416.5   444.5   482.0   533.7   621.3   898.9  4126.4 14490.2  96155.3    96479
read      487.4   627.1    86.8   179.6   206.7   381.5   485.6   556.4   619.3   711.9   858.4  1086.5  1596.6  7833.5 30867.9  47709.0    47883
read      488.9   370.9    86.8   183.7   212.0   383.8   496.8   579.3   655.4   769.1   933.6  1175.2  1637.4  2784.3 10757.1  50520.3    50650
read      441.0   497.3    86.8   180.6   205.5   345.4   416.8   463.7   504.9   569.3   687.0  1046.8  1851.7  5635.6 17294.1  89468.3    89242
read      512.6  1407.2   109.4   184.0   214.3   362.4   404.7   431.4   455.0   488.8   543.1   650.8  3954.7 29459.2 37240.2   7431.3     7374
read      519.6  1161.5   101.3   186.2   219.0   411.4   477.4   518.4   549.4   587.7   638.0   747.4  3393.3 15899.6 40018.8   8563.3     8507
read      518.1   695.7    93.8   189.5   217.4   390.4   502.5   586.3   660.5   774.4   930.6  1175.9  1744.2  9124.6 29873.0  50644.7    50676
read      485.0   413.2    86.8   189.7   218.3   392.0   500.7   581.7   646.6   735.8   862.9  1078.0  1554.9  3814.3 12587.5  56962.0    57069
read      519.8   635.5    93.8   181.6   208.9   393.7   511.2   605.1   684.2   794.6   950.4  1209.2  1820.1  6863.6 24848.0  43434.3    43520
read      499.2   443.2   101.3   192.8   221.4   398.8   508.1   590.9   657.1   745.9   876.1  1113.1  1722.0  5008.6 14237.6  56553.3    56720
read      508.2   383.9    93.8   201.7   229.6   400.5   511.7   599.1   675.9   777.5   920.9  1164.3  1745.1  3373.8  9991.3  68040.3    68155
read      495.0   384.3    93.8   194.1   222.8   397.0   509.6   593.0   665.5   760.3   899.9  1123.6  1593.3  3420.7 12741.3  60314.7    60444
read      498.2   421.2    93.8   198.9   226.0   393.6   502.5   585.2   657.4   758.9   905.8  1144.6  1652.5  3996.7 12406.5  63981.0    63997
read      527.2   881.8    93.8   180.1   208.0   422.1   537.9   617.2   677.1   744.3   826.5   954.8  1833.3 12526.9 32488.1  17365.7    17315
read      478.9   628.6    86.8   184.8   211.1   359.3   438.2   494.6   543.2   620.9   782.3  1148.7  2087.2  8426.9 25261.2  78610.3    78596
read      441.2   496.4    93.8   178.8   203.7   342.4   413.3   460.2   501.4   558.1   665.7  1027.3  2045.0  5692.2 11060.8  81413.7    81548
read      421.1   711.7    93.8   181.8   206.2   337.9   401.4   439.4   469.6   507.9   563.4   679.4  2362.8  8825.3 30752.7  97255.3    97254
read      423.1   386.5    93.8   172.7   196.5   351.4   441.0   500.1   544.6   598.7   687.7   886.3  1390.4  3997.7 11992.1  46092.0    46135
read      568.0  1176.2   101.3   184.1   215.9   427.1   534.5   588.3   624.5   671.4   739.3   866.9  4045.6 14520.4 33393.6  13325.3    13379
read      505.3   582.4    93.8   187.9   215.4   393.3   504.4   584.8   658.2   766.9   911.6  1154.4  1657.8  7951.0 30278.6  47058.0    46993
read      468.6   785.5    93.8   187.5   214.4   358.4   424.9   467.5   503.4   551.9   639.2   910.7  2600.4  9195.6 31630.7  98214.0    98274
read      366.1   350.9    86.8   176.8   199.9   325.6   387.2   423.9   452.8   489.5   541.4   631.3   928.6  4058.5 10885.4  97000.7    97056
read      492.6   515.1    93.8   181.8   209.0   383.2   492.1   569.6   636.4   743.3   912.5  1156.3  1710.8  4616.8 19762.8  43218.7    43434
read      513.0   436.9   101.3   181.7   208.8   403.5   532.4   618.5   700.9   821.6   985.5  1192.1  1671.5  4005.3 14353.4  36377.0    36406
read      463.7   740.2    86.8   186.3   212.8   354.0   421.3   464.8   502.6   556.2   654.6   991.6  2074.3  8760.0 31421.9  99198.3    99121
read      441.1   619.8    80.4   175.8   200.4   342.5   414.3   460.4   500.4   556.4   650.8   923.9  2134.5  8515.4 30041.2  80551.3    80708
read      488.6   465.7    93.8   184.9   212.1   392.7   503.0   584.4   652.6   753.6   885.2  1091.3  1483.8  5183.9 16216.4  40595.3    40517
read      489.1   380.0    93.8   182.1   208.9   403.2   518.5   597.5   672.2   773.9   898.6  1078.7  1425.4  3386.2 12398.1  34156.7    34168
read      554.5  1100.2    93.8   182.8   211.7   425.1   521.7   579.2   619.2   669.0   737.2   860.7  3567.3 14195.3 41389.3  11632.3    11754
read      413.3   500.7    93.8   178.8   203.1   336.9   403.2   444.7   478.8   525.2   593.9   779.7  1792.2  6652.5 15791.2  93162.0    93304
read      419.5   305.9    86.8   178.5   204.3   350.2   430.8   484.4   530.1   589.6   684.5   883.0  1462.4  3214.0  8882.4  64920.7    64697
read      464.3   660.2    86.8   184.1   210.4   351.1   420.5   466.6   507.2   571.1   694.0  1156.1  1975.4  8778.8 29586.2  92816.3    92626
read      403.5   417.6    80.4   174.0   197.6   331.8   401.8   447.6   486.9   537.3   613.1   815.4  1603.2  5283.9 15113.9  75854.7    75618
read      354.2   339.4    86.8   172.8   194.9   317.4   379.0   415.1   443.3   480.1   531.7   614.9   865.1  3036.5 12397.9  85689.0    85805
read      487.9  1032.1    86.8   175.3   201.3   397.0   472.3   532.1   584.0   640.8   711.7   834.1  1633.9 12638.3 52382.7  18977.0    18930
read      515.5   536.6    86.8   190.2   218.9   399.0   516.0   602.2   679.3   785.4   932.7  1160.6  1739.6  6075.2 20159.0  50363.3    50153
read      517.2  1173.5    93.8   183.2   212.1   405.2   487.5   536.4   571.2   611.0   669.0   773.9  2998.2 26906.1 32195.7  10456.0    10377
read      516.4   692.2    93.8   182.2   208.6   389.4   506.7   591.5   677.2   805.3   968.6  1180.3  1654.1  8578.5 31561.7  33309.0    33112
read      580.1  1159.7    93.8   183.3   211.8   418.2   541.3   628.8   710.5   811.7   933.1  1137.0  2849.9 17110.4 32388.5  28781.0    28777
read      519.8   626.3    93.8   186.7   215.7   399.3   516.9   600.9   676.2   790.4   956.0  1200.3  1711.2  6823.1 29296.6  45562.3    45709
read      394.1   452.9    93.8   172.2   195.5   329.8   399.7   441.4   474.6   521.3   587.3   753.0  1504.7  5328.9 18762.5  74353.3    74458
read      439.9   440.1    80.4   175.4   199.9   345.9   423.4   475.0   518.9   578.6   681.4  1016.4  1977.2  5794.5  9472.7  73728.7    73596
read      375.1   303.0    93.8   166.6   189.0   346.6   422.0   459.5   486.2   515.6   551.2   619.0   928.0  3922.7  9425.2  27962.3    28031
read      468.5   608.8    80.4   177.2   203.1   364.2   460.7   526.8   577.5   651.1   783.5  1058.0  1762.7  6965.5 30682.2  45679.7    45754
read      367.7   289.5    80.4   178.3   202.1   330.3   394.1   432.5   463.6   501.9   553.8   640.6   919.1  2621.3 10663.1  79998.3    80138
read      370.6   288.4    80.4   174.7   198.2   331.9   401.5   444.1   476.9   517.3   571.7   654.9   905.4  3326.6  8379.6  64205.3    64350
read      367.6   216.0    86.8   173.5   196.7   334.5   407.8   449.8   483.1   522.2   570.5   648.6   869.3  1571.1  8061.6  51814.0    51870
read      360.9   212.2    86.8   178.0   202.0   328.5   392.8   431.4   462.7   500.6   549.2   630.1   836.0  2197.0  7801.8  81191.7    81106
read      369.5   215.8    86.8   181.2   206.2   339.0   403.3   442.1   471.6   508.9   559.3   636.3   855.1  1949.2  7156.1  82269.7    82064
read      395.9   236.0    86.8   175.9   201.1   369.7   454.8   499.9   531.0   566.6   609.4   676.2   874.9  2412.7  7821.5  30537.0    30534
read      408.5   321.7    93.8   180.2   205.4   384.0   467.0   508.8   539.2   572.2   613.1   682.9   918.2  2938.9 11606.0  25314.0    25449
read      377.3   226.8    93.8   180.4   204.8   342.4   412.2   456.1   489.7   530.2   582.0   664.9   910.8  2008.6  6940.4  67636.7    67525
read      419.0   279.6    93.8   181.2   206.7   389.6   483.5   532.5   564.2   597.8   640.9   722.6   956.7  2325.5 11883.4  27236.3    27070
read      410.8   266.1    86.8   183.2   209.3   376.0   461.0   510.7   546.1   586.8   633.6   714.8   987.0  2493.4 11731.3  40953.0    41133
read      414.5   264.0    86.8   186.6   212.1   386.2   471.7   518.7   554.5   589.5   632.9   705.6   936.6  2997.3  8124.1  27918.3    28009
read      388.5   342.9    86.8   183.4   208.5   348.0   420.9   465.6   499.8   543.5   596.1   682.8   914.9  3053.2 10127.7  64399.7    64235
read      417.3   331.2   101.3   181.6   207.4   403.8   468.9   503.9   533.2   565.9   602.8   673.1   939.8  3708.9 12282.0  16625.0    16387
read      383.1   309.7    93.8   180.9   205.9   347.0   420.3   463.5   496.6   537.6   588.2   663.7   885.1  2675.0 12084.5  62296.3    62388
read      408.3   288.5    86.8   182.7   207.5   366.1   455.7   507.6   546.1   584.8   632.1   713.8   977.7  3756.5 10054.3  40155.0    40199
read      413.2   326.9    86.8   179.7   204.6   406.7   472.9   506.4   531.2   558.8   592.7   649.6   812.3  4840.5 12429.2  16839.7    16884
read      377.4   226.6    80.4   175.9   200.2   339.4   415.6   461.2   495.7   535.9   585.1   663.5   909.7  2714.7  7157.1  55723.3    55763
read      382.1   294.9    86.8   173.9   197.7   347.2   430.8   477.9   511.2   548.2   592.9   662.8   845.6  2617.3 12055.3  41657.7    41925
read      382.8   255.5    86.8   173.2   196.7   345.4   430.1   479.7   514.1   552.8   599.0   672.0   892.4  2103.9 11136.6  42140.7    42341
read      365.0   237.7    86.8   184.9   209.8   335.7   395.5   431.6   460.1   495.2   542.6   622.0   840.3  1733.2 10441.9  93617.0    93577
read      401.4   421.3   109.4   192.9   228.0   386.1   422.1   441.6   458.9   479.2   509.2   571.1   801.9  7067.3 15927.9   7613.3     7657
read      424.4   506.0    93.8   189.6   220.2   406.8   462.6   493.4   514.7   541.7   579.4   639.1   839.1  6160.1 30817.1  14172.0    14232
read      416.6   262.0    93.8   189.1   218.3   395.9   469.7   512.3   542.7   577.7   622.4   695.1   900.5  1962.7 11924.6  30389.0    30107
read      406.5   383.0    86.8   185.8   211.1   352.1   424.2   469.7   506.1   552.9   616.4   738.9  1256.3  4682.3 14321.7  71107.3    71078
read      558.9   919.4    86.8   205.8   234.6   385.0   464.7   523.2   577.1   666.2   848.3  1318.9  4017.9 10143.1 31897.6  85276.3    85372
read      502.1   495.9    86.8   190.7   219.0   385.5   495.0   575.6   643.2   742.5   883.5  1124.4  2004.5  5854.7 13185.5  54926.7    54930
read      474.6   772.6   109.4   212.4   253.1   412.2   472.3   508.5   540.8   576.2   618.8   700.2  1590.5  7669.1 35500.0   5779.7     5750
read      536.6   663.1    86.8   203.1   230.6   384.4   473.0   544.3   613.5   725.9   923.7  1311.6  3032.3  7371.7 19605.1  79777.7    80137
read      511.8   448.5    93.8   184.8   213.0   401.0   525.6   610.5   685.8   790.3   922.1  1130.0  1865.7  5476.3 10794.2  41201.7    41449
read      480.8   356.6    93.8   182.0   210.5   436.5   540.8   599.8   642.1   695.0   764.2   862.5  1180.0  4065.5 12461.3  17421.3    17301
read      517.4   704.0    93.8   184.8   213.3   443.7   551.3   611.6   657.9   713.0   786.5   900.5  1426.3 11396.6 27912.2  19958.3    19930
read      508.1   560.2    86.8   187.2   213.8   405.3   527.7   604.8   674.7   766.8   883.1  1079.0  1665.5  5827.3 18747.7  41635.0    41776
read      452.2   351.6   101.3   193.9   228.4   423.8   492.1   533.5   564.4   596.9   637.3   713.5  1029.0  5295.1 11252.5   8651.0     8596
read      526.5   479.4    93.8   190.5   221.3   433.7   567.6   653.6   730.5   825.6   939.7  1108.9  1493.2  4657.2 15544.4  30681.7    30870
read      533.4   641.5    80.4   200.3   228.5   390.0   490.1   568.1   636.2   740.9   912.6  1233.8  3009.8  6937.0 18955.5  70104.7    69978
read      504.7   411.4   101.3   184.5   213.0   442.1   568.8   636.5   691.7   761.7   846.6   977.3  1337.3  4505.9 11260.8  23843.7    23908
read      499.9  1010.5   101.3   188.4   220.8   416.5   490.9   543.0   577.3   613.9   661.0   743.0  1938.7 10952.5 36863.3   9697.0     9848
read      537.9   719.1    86.8   200.0   226.8   386.8   485.7   563.6   637.8   748.5   924.3  1250.7  2996.9  7621.4 29443.8  71357.3    71598
read      524.8   611.0    86.8   201.8   229.3   386.5   478.5   548.1   617.9   727.2   903.4  1222.8  2959.0  7029.1 13911.1  77034.0    77156
read      485.6   599.2   101.3   185.8   214.3   432.0   525.6   580.0   620.8   670.8   731.3   829.9  1284.5  6178.6 31063.4  14148.3    14083
read      538.4   833.4    86.8   205.3   233.1   382.9   459.9   513.5   563.5   636.9   797.6  1320.8  3300.5  8680.6 31770.6  87742.0    87786
read      511.2   515.6    93.8   193.1   220.7   383.9   491.8   571.4   641.0   740.5   893.7  1169.5  2833.1  5953.5  9721.2  57002.0    57205
read      488.4   472.8    93.8   187.6   214.5   382.6   489.9   566.9   628.9   720.3   851.6  1087.8  1706.8  5957.7 15099.5  52951.7    53142
read      536.1   638.2    93.8   203.1   230.0   385.2   478.1   553.0   629.3   751.9   959.1  1317.1  3024.7  6865.0 20385.5  78119.3    77998
read      498.5   804.9    86.8   206.4   234.1   373.6   439.6   483.4   519.1   570.3   657.3   939.0  3281.2  8538.3 31456.6  98744.3    98830
read      502.8   499.0    93.8   182.8   210.6   415.0   535.6   611.5   678.0   765.4   872.5  1032.3  1481.8  6187.9 17320.0  32471.0    32447
read      500.5   497.9    93.8   197.6   225.0   381.7   477.8   553.3   623.5   728.0   883.7  1155.3  2262.5  5702.1 10751.2  74518.3    74382
read      517.7   481.3    93.8   188.4   217.7   427.5   554.8   637.5   706.3   791.2   901.2  1063.8  1524.7  5873.8 15408.1  32384.3    32271
read      518.6   581.4    93.8   193.2   220.8   388.3   494.5   578.2   651.4   758.1   918.6  1196.2  2736.7  6075.3 21658.8  55271.3    55273
read      515.7   527.1    86.8   199.4   226.4   386.7   488.2   564.9   632.4   734.8   898.7  1194.4  2858.3  6451.1 13022.9  68272.7    68152
read      500.3   439.6    93.8   187.2   214.5   427.3   548.1   622.4   685.8   756.9   843.1   975.0  1334.5  5895.0 15286.9  25439.0    25419
read      513.7   465.9    93.8   189.2   216.5   403.1   531.7   615.9   690.7   796.4   944.1  1167.9  1662.6  4083.4 18042.7  43317.0    43187
read      509.8   526.0    93.8   195.5   223.1   388.3   495.7   575.5   643.1   745.8   902.4  1156.4  2072.5  6701.0 15373.6  60692.7    60608
read      517.6   636.1    93.8   196.1   223.9   390.0   493.7   569.0   634.6   734.6   889.7  1151.6  2851.1  7172.8 30443.1  62283.3    62150
read      560.5   817.1    93.8   189.0   217.2   425.5   558.0   642.2   716.3   809.6   931.7  1124.6  2935.9 11752.1 31029.9  31012.7    30864
read      514.3   586.6    93.8   197.5   224.6   381.2   478.9   552.3   619.3   717.7   871.6  1160.6  2964.4  6614.5 16980.5  69695.3    69566
read      511.5   457.8    93.8   188.7   215.9   412.5   544.0   621.9   689.7   781.4   902.1  1084.9  1647.2  6029.3 14570.1  38145.0    38183
read      501.8   479.3    86.8   190.1   217.0   390.3   505.5   586.5   655.6   748.4   884.6  1119.3  1786.5  5896.2 11647.3  51359.3    51253
read      506.4   507.3    86.8   192.0   220.0   390.7   502.3   586.6   654.1   750.8   894.6  1124.0  2223.2  5241.5 19817.1  52980.0    53027
read      518.5   403.2    86.8   190.4   218.7   420.6   562.5   644.6   719.1   812.7   930.1  1104.1  1602.6  5433.6 11645.8  37073.0    37133
read      529.3   754.2    86.8   200.5   227.4   381.4   471.8   541.8   603.1   697.6   866.5  1185.3  3087.5  8072.5 30699.2  73734.7    73413
read      537.7   765.3    86.8   203.7   231.0   383.5   470.4   537.5   597.1   696.8   885.8  1244.0  3169.5  7982.2 30823.2  78836.7    78811
read      534.9   838.5    86.8   206.6   232.5   371.2   446.9   503.8   558.2   649.2   843.6  1322.4  3410.2  8199.5 30925.1  88732.7    88317
read      510.9   453.6    93.8   192.0   219.3   396.8   515.5   596.8   670.3   775.2   922.7  1145.5  2104.1  5118.8 12960.4  46523.0    46504
read      537.7   669.0    93.8   193.8   220.9   403.7   530.3   620.0   695.5   799.8   942.2  1172.7  2793.2  6890.1 31021.5  46203.3    46147
read      525.0   588.9    93.8   191.4   219.0   421.9   553.2   636.3   707.8   800.6   915.8  1093.4  1752.3  6036.9 21307.7  35016.0    35073
read      516.1   734.7    93.8   187.1   214.1   453.0   565.5   626.6   673.4   728.4   797.6   906.7  1257.9  9362.3 32305.4  18786.0    18693
read      547.6   706.6    93.8   195.6   224.7   418.2   543.8   625.4   693.6   792.6   932.1  1182.3  2612.2  8012.2 30110.3  46702.3    46834
read      549.1   699.9    86.8   206.9   235.3   392.8   487.9   558.9   627.3   741.6   944.9  1331.3  3099.2  7365.9 28122.5  76084.7    76427
read      454.6   694.9    86.8   195.1   222.0   362.8   431.8   474.4   508.1   551.2   619.1   770.4  2463.6  8448.9 30732.7  96071.3    96007
read      388.0   413.0    93.8   181.8   205.2   331.3   395.7   436.2   469.1   511.4   573.2   685.6  1337.7  5087.2  9996.1  83680.3    83666
read      516.1   552.2    93.8   200.9   227.0   385.9   490.2   568.8   636.7   739.0   896.9  1185.2  2842.6  6364.0 15950.3  64631.0    64655
read      496.0   432.9   101.3   194.6   222.0   387.7   496.6   576.6   642.5   737.5   873.3  1121.0  1741.0  5308.3 12339.5  54015.7    54099
read      458.9   842.3   118.1   213.8   257.9   392.8   433.7   463.4   487.0   515.7   557.5   631.5  1328.9 12314.5 31728.5   5504.7     5485
read      375.2   204.4    93.8   192.2   216.7   343.9   405.2   444.3   473.6   511.8   562.6   644.0   887.3  1561.6  7531.7  93441.7    94089
read      377.3   224.1    86.8   177.4   201.4   339.1   416.2   464.5   499.5   540.8   590.8   670.7   894.3  2149.9  7925.6  57501.3    57214
read      415.7   369.1    93.8   178.1   201.8   389.8   482.7   525.7   554.4   586.2   627.9   699.8   917.7  4036.4  9971.9  23700.7    23788
read      385.2   388.5    93.8   183.1   207.0   335.9   402.3   446.2   479.3   521.7   577.8   674.2  1087.0  4534.4 17716.2  75639.7    75649
read      383.6   321.6    86.8   177.2   200.5   343.5   422.0   470.1   504.1   541.3   586.2   661.0   891.4  3812.3 12967.6  39498.7    39466
read      381.0   234.3    93.8   178.9   203.0   341.9   418.9   468.1   503.9   547.1   598.3   681.4   907.5  2071.2  8589.2  47451.0    47463
read      404.2   287.0    86.8   183.7   206.8   388.8   460.7   500.0   529.5   562.7   600.8   665.9   854.6  1807.7 12497.7  19160.7    19155
read      400.4   489.9   101.3   178.0   202.4   378.9   438.4   471.3   497.0   527.8   567.5   633.1   876.4  6665.2 25573.6  18376.0    18449
read      385.5   223.8    86.8   177.2   201.1   353.6   432.2   480.3   514.9   555.8   600.8   677.8   880.7  1613.5  8369.5  35080.7    35235
read      395.0   442.2    86.8   189.8   212.6   332.4   390.9   428.3   459.0   498.4   556.9   679.7  1679.6  5719.3  9967.9  92922.7    93118
read      404.8   452.1    86.8   176.0   200.1   328.7   398.2   443.4   480.9   531.8   606.7   828.0  1709.6  4296.7 19764.5  76422.0    76391
read      419.3   380.0    93.8   182.2   207.1   348.7   428.8   483.6   528.9   588.1   684.4   868.7  1339.3  4005.0 11934.8  70731.7    70733
read      395.9   339.0    86.8   176.9   200.3   332.8   404.8   453.6   492.0   540.2   613.7   792.1  1425.4  3166.7  8518.6  74172.3    74230
read      434.3   452.0    86.8   175.2   200.0   364.5   456.4   510.1   551.3   606.4   703.5   882.7  1394.1  5824.1 15510.7  37170.3    37188
read      489.4   389.1    86.8   192.6   220.6   395.4   511.6   590.3   658.7   750.6   873.6  1075.3  1509.9  3470.2 10425.0  48602.3    48862
read      495.4   346.1   101.3   203.1   229.0   401.8   517.2   596.4   664.0   753.9   883.5  1093.7  1536.0  3284.8  9953.2  59298.3    59325
read      507.7   429.2    93.8   203.5   229.7   398.8   511.0   592.9   663.5   757.0   895.0  1127.0  1797.4  4824.6 11625.0  66285.7    66219
read      524.7   675.4    93.8   186.1   214.7   432.6   557.0   638.7   705.8   781.3   868.8  1016.3  1381.3  9275.2 31103.6  25552.3    25760
read      429.9   492.5    93.8   177.8   202.5   339.3   412.9   463.9   505.5   564.1   660.4   931.4  1820.2  5796.8 13906.1  75272.7    75255
read      393.0   333.7    86.8   178.5   202.2   333.1   408.1   458.9   497.4   545.0   617.7   760.7  1265.4  3083.9 10493.0  67889.7    67915
read      548.2   809.4   101.3   187.4   216.0   439.0   569.1   653.6   718.0   791.4   877.7  1017.4  2164.6 12028.5 31327.4  23183.0    23004
read      512.9   556.5    93.8   185.4   213.9   433.1   550.8   625.1   682.9   749.7   831.2   955.5  1645.1  6525.0 19907.2  21835.3    21973
read      477.5   817.4    93.8   181.2   207.3   349.2   425.4   477.5   522.7   585.0   704.4  1059.0  2547.2 10570.8 31661.1  82992.3    82811
read      417.5   467.8    93.8   175.5   198.8   351.7   443.0   498.2   537.2   582.9   650.7   802.7  1314.8  4367.7 14459.3  38761.0    38870
read      484.0   650.0    93.8   189.1   216.2   364.5   444.3   500.4   548.8   625.2   775.5  1154.2  2200.6  8263.3 23553.3  85991.0    85697
read      416.1   460.8    86.8   184.5   209.2   340.7   408.8   454.2   490.8   540.1   618.3   801.4  1725.9  5285.7 10930.6  94058.3    94176
read      403.2   452.7    86.8   178.7   202.5   325.0   389.0   432.1   469.2   521.6   607.5   860.4  1693.9  5680.3 13545.1  89273.0    89142
read      444.9   642.1    86.8   176.8   200.7   352.7   446.1   506.2   547.6   601.9   698.6   937.9  1459.5  8462.0 31229.8  39400.0    39251
read      524.6   687.7    93.8   190.0   217.7   407.4   535.3   623.6   703.1   803.0   927.1  1099.6  1559.2 10830.1 30974.8  36445.0    36339
read      514.6   540.6    93.8   189.2   216.9   416.1   545.8   629.4   701.9   788.9   900.0  1065.0  1550.6  5708.7 25680.4  30482.3    30304
read      516.2   640.0    93.8   195.4   223.2   395.4   506.7   587.5   654.4   746.5   886.1  1125.4  1862.3  7720.0 30541.6  58197.3    58303
read      408.5   360.7    86.8   180.3   204.6   340.3   412.4   462.6   505.4   561.5   640.2   832.5  1487.8  4157.5  9377.2  78270.0    78732
read      418.2   373.7    80.4   178.6   203.1   337.9   413.3   465.0   508.9   571.2   674.1   921.7  1670.0  3955.6  9054.8  81619.0    81734
read      379.5   404.4    86.8   178.3   201.5   323.1   385.6   426.1   459.6   504.1   566.9   693.2  1280.1  4834.0 13740.2  85612.7    85654
read      426.2   341.4    93.8   174.1   198.6   356.8   445.3   500.8   543.0   599.9   701.4   908.3  1377.8  3623.2 10863.2  40081.0    40030
read      496.6   795.9   101.3   184.9   214.0   420.1   515.5   565.6   602.0   642.7   702.2   814.1  1937.6  7860.8 36068.4  11078.3    11145
read      532.0   931.7    86.8   180.0   205.4   398.2   520.5   616.2   710.3   816.5   928.5  1086.9  1515.8 12238.9 32074.8  24302.0    24220
read      525.0   698.3    93.8   189.5   218.5   413.3   535.7   620.0   693.8   788.9   903.6  1081.7  1604.0  8043.3 31271.9  36385.7    36178
read      406.7   418.1    86.8   176.6   199.7   329.6   402.6   452.3   491.4   540.3   622.4   852.3  1648.0  4299.0 15247.0  69809.0    69625
read      461.8   566.0    93.8   185.8   210.3   347.1   424.9   480.4   530.2   607.2   757.5  1117.4  2004.6  8095.9 15933.7  80389.3    80189
read      370.7   355.4    86.8   174.0   195.7   319.9   388.3   430.4   464.1   504.2   555.3   646.9  1128.2  5076.7 13460.5  64310.0    64261
read      446.9   443.8    86.8   187.1   212.2   353.6   433.6   489.5   536.9   603.9   729.2  1013.7  1768.4  5526.4 12106.2  78462.7    78356
read      375.5   235.5    86.8   172.1   194.6   342.1   420.3   465.6   495.1   528.4   571.9   640.1   924.4  3241.0  7774.7  30773.0    30570
read      460.3   552.7    93.8   187.7   212.4   362.0   454.1   518.5   571.6   649.9   780.9  1011.3  1651.5  7508.4 15898.4  63865.3    63922
read      377.0   405.2    86.8   174.6   197.1   320.4   384.1   425.5   460.0   503.7   565.7   703.0  1289.0  3987.8 14775.1  82598.0    82549
read      414.9   646.5   101.3   189.3   220.4   366.3   412.9   444.5   469.7   505.9   554.4   628.0  1089.9  8872.3 30705.3   7550.0     7574
read      498.4   535.7    93.8   187.0   215.6   402.3   516.2   591.2   655.9   739.5   853.1  1041.3  1663.4  5942.8 28283.5  42140.3    42298
read      493.5   352.6    93.8   187.9   215.5   404.0   526.5   607.1   681.7   777.3   898.1  1091.4  1437.6  3145.5 12144.4  39354.3    39152
read      391.2   471.9    86.8   176.2   198.4   318.1   381.0   423.7   461.2   510.9   592.8   819.9  1471.0  4866.6 15011.3  88628.3    88634
read      401.8   279.6    93.8   178.9   203.2   341.6   419.8   471.2   513.5   565.7   641.9   820.5  1290.0  2817.3  9595.3  60860.0    60765
read      516.4   517.8    93.8   192.0   220.2   419.7   546.2   630.6   703.6   799.2   917.3  1083.4  1495.4  5455.3 18181.6  30441.7    30534
read      509.0   510.9    86.8   187.7   215.8   408.1   531.2   614.6   686.8   779.2   894.6  1073.9  1580.6  5725.0 19148.6  35540.3    35563
read      403.6   448.5    86.8   179.4   202.7   328.9   393.8   438.5   474.3   523.8   604.1   809.6  1652.8  6158.6 11306.6  97009.0    96837
read      395.3   346.3    86.8   174.0   197.2   328.3   399.6   447.9   486.8   537.4   614.2   807.3  1496.0  3222.1 10389.3  74450.7    74496
read      378.9   263.5    86.8   172.7   195.5   335.6   415.0   464.9   502.2   547.1   597.6   684.3   971.2  2564.2 11157.4  42699.7    42819
read      372.8   234.6    80.4   176.5   199.9   334.2   408.1   454.8   490.9   534.2   583.1   665.4   872.5  2430.6  9446.1  50449.3    50120
read      383.8   270.7    93.8   177.9   201.4   378.8   436.5   465.5   488.3   515.3   551.1   610.2   784.1  2764.3 10661.8  16677.7    16904
read      391.1   357.8   101.3   181.8   208.2   375.5   423.3   450.6   468.8   494.8   528.9   591.2   912.4  4170.4 12486.8  11494.7    11439
read      417.5   465.3    93.8   179.7   205.8   374.8   452.7   493.4   521.9   555.7   600.1   688.1  1240.5  5407.3 21652.9  24314.3    24076
read      342.9   173.0    86.8   175.5   198.1   314.3   372.1   406.8   434.3   469.0   517.8   592.9   788.2  1497.2  6437.4  84658.0    84757
read      358.9   182.3    86.8   179.6   203.2   326.2   388.9   429.8   460.9   499.9   552.0   634.7   859.9  1544.4  4518.2  76464.3    76496
read      395.0   288.4    93.8   176.9   200.4   355.6   445.2   495.5   530.1   568.7   618.6   698.2   935.9  2149.8 10678.1  34817.0    34744
read      384.1   652.3   101.3   199.1   230.8   352.8   384.3   402.2   418.8   436.8   469.0   532.4   788.4  6050.1 31439.4   6003.7     5910
read      373.6   285.4   101.3   198.0   231.1   359.1   391.7   410.7   427.7   449.1   478.5   535.6   715.6  4227.8 11393.2   6388.3     6391
read      408.3   320.9    93.8   181.2   208.7   378.9   456.2   500.7   531.1   565.3   610.2   687.1   918.4  3896.3 12022.5  25783.0    25594
read      400.0   257.1    93.8   179.5   206.6   373.6   449.1   492.6   523.6   559.3   605.3   678.6   881.2  3124.1  9684.0  29989.0    30327
read      369.0   248.4    86.8   176.2   200.0   333.3   401.2   444.9   479.4   522.7   576.0   661.3   892.7  1543.5  8811.8  62926.3    62849
read      343.0   226.1    86.8   179.2   202.1   312.7   366.0   398.7   426.1   460.5   507.1   585.1   810.4  1846.5  7501.2  91257.0    91392
read      378.0   245.4    86.8   174.7   197.7   341.3   417.9   465.2   500.9   541.8   591.9   674.0   878.0  1886.9 12027.0  44300.7    44328
read      365.5   195.7    93.8   173.7   196.8   334.9   404.6   449.6   482.4   520.4   567.1   637.2   830.1  1616.5  5521.5  47685.0    47665
read      349.6   183.0    93.8   176.1   198.8   319.1   378.8   415.7   445.4   482.2   531.2   609.1   834.2  1615.8  5299.1  79190.0    79152
read      385.1   411.6   101.3   179.2   204.1   372.0   418.0   443.8   462.6   486.8   519.3   573.0   754.1  5791.0 22424.7  11700.0    11613
read      346.4   237.2    86.8   180.6   203.8   319.3   373.1   406.8   434.8   467.9   514.4   589.3   774.4  1282.5  7239.7  95937.7    96212
read      406.0   314.4    80.4   181.1   204.8   370.9   461.2   509.4   540.9   576.8   623.9   704.3   972.0  3209.5 11912.8  27189.3    27129
read      386.7   312.9    93.8   196.1   219.5   339.3   400.7   440.8   471.8   516.0   574.6   682.2  1097.9  3830.8  9768.2  86172.0    86430
read      374.4   295.7    93.8   178.5   201.0   327.8   398.1   444.2   479.5   524.3   580.4   674.8   989.1  3290.3 10344.7  58508.7    58712
read      390.4   400.2    86.8   172.5   193.5   354.4   438.1   480.3   510.5   542.9   584.7   662.1   976.8  4043.7 12871.2  23955.0    23931
read      381.9   471.8   109.4   181.4   208.3   352.4   389.1   409.8   426.7   446.9   472.5   541.1  1062.1  7770.5 12832.4   8409.7     8445
read      377.2   327.5    86.8   171.9   195.0   330.4   402.3   448.0   482.1   524.9   578.2   672.2  1046.5  4118.4 11200.0  55236.0    55537
read      369.8   293.1    93.8   172.2   194.0   324.9   395.1   439.5   473.9   515.4   568.3   654.7  1016.6  3787.5  9943.0  54694.0    54706
read      375.4   401.3    86.8   171.6   193.7   324.3   396.1   440.7   475.2   518.8   569.5   656.2  1011.2  5304.3 11786.5  51861.3    51997
read      382.6   308.7    93.8   168.7   190.8   356.1   423.8   460.7   488.2   520.9   563.1   636.0   987.9  4080.8  8648.1  18850.0    18803
read      379.4   454.9    86.8   178.9   203.1   332.0   397.1   437.1   469.2   508.9   564.8   662.3  1001.9  5068.4 16926.5  88262.7    88693
read      374.6   357.2    86.8   176.4   199.9   328.9   394.7   435.7   467.8   509.5   567.5   667.8   990.1  4673.3 12474.5  91265.7    91224
read      369.7   293.6    86.8   172.9   194.7   322.9   388.7   430.3   463.4   505.5   562.7   662.7  1107.5  3935.2  7976.1  76855.0    76765
read      365.9   286.1    93.8   175.6   198.3   321.8   387.4   429.3   462.3   503.8   559.0   655.9   981.7  3149.8  7878.3  80545.0    80364
read      394.5   544.0    86.8   173.4   195.3   330.2   404.3   451.8   488.8   534.3   591.9   694.0  1322.3  5850.3 20350.0  54293.3    54372
read      388.8   461.0    86.8   170.5   192.5   337.1   419.9   469.1   504.4   540.3   586.8   671.5  1047.8  5283.9 11865.1  32326.7    32473
read      387.8   302.7    86.8   173.7   196.9   350.2   431.3   477.5   508.4   544.9   592.5   679.0   997.2  3375.3 10753.9  25928.7    25920
read      423.4   750.4   101.3   183.9   209.9   383.4   439.8   470.5   496.0   524.5   559.2   625.2   974.2 10461.0 36310.9  11568.0    11574
read      419.8   339.4    93.8   192.3   219.1   363.4   438.8   489.6   529.7   581.2   654.9   788.4  1174.3  4525.2  9317.6  99186.3    99135
read      392.1   278.7    86.8   174.0   195.8   352.9   433.7   478.7   508.9   544.2   591.9   681.6  1104.7  4034.5  7402.6  23989.3    24026
read      367.2   319.9    86.8   179.1   202.3   322.3   383.2   422.2   453.4   492.5   545.7   640.8   990.6  4145.5 11033.2  92203.3    92271
read      398.7   365.4    93.8   190.5   215.2   342.6   408.4   451.0   485.1   529.1   592.0   719.2  1391.1  3869.5 12760.6  88289.0    88470
read      408.8   343.7   101.3   194.6   218.7   351.1   426.1   475.9   516.1   566.5   636.6   765.6  1194.7  4364.8  8757.5  58532.0    58597
read      425.5   300.0    86.8   211.2   234.9   368.5   439.2   487.7   526.6   577.3   651.4   792.2  1270.0  3679.4  8336.2  82937.3    83103
read      445.8   503.7   101.3   192.9   217.0   392.2   476.9   524.0   554.3   591.6   641.3   744.9  1411.6  6977.6 13223.7  19006.7    19062
read      410.2   335.0    86.8   203.7   225.9   354.9   425.5   471.3   509.3   557.8   627.3   754.4  1196.8  3268.3 12376.4  72802.0    72681
read      427.6   300.9   101.3   195.9   220.1   368.2   460.7   517.9   557.5   601.8   667.3   793.7  1244.0  3690.4 10987.9  31040.7    30900
read      430.3   337.4   101.3   216.8   240.0   374.2   445.5   491.7   529.9   578.4   648.7   788.6  1275.0  3437.4 11859.5  94955.3    94867
read      453.7   519.1   101.3   194.9   220.3   389.2   484.0   541.2   577.7   621.6   683.3   810.0  1335.6  7090.5 30249.3  22590.0    22477
read      387.3   257.3    93.8   199.8   224.1   352.1   415.4   454.7   485.4   525.6   578.7   671.0   929.2  2100.4  8983.0  97851.7    97890
read      474.5   680.7   101.3   201.8   231.6   428.4   499.9   539.1   565.9   595.6   640.5   732.9  1360.7  9835.5 30982.6  11865.3    11845
read      408.8   313.8    93.8   201.4   226.3   361.5   427.8   469.0   503.6   545.2   606.8   725.0  1177.0  3858.7  8452.4  95315.7    95363
read      478.7   540.6   101.3   212.0   238.5   381.4   455.0   503.4   545.2   602.5   700.9   949.6  2444.1  6376.3 17009.9  90072.7    90122
read      453.8   579.4    86.8   187.3   211.6   350.4   425.5   473.1   513.5   567.6   656.9   932.4  2623.7  7097.1 13293.4  80897.0    81157
read      412.8   413.4    86.8   185.1   208.8   340.3   411.1   457.7   495.7   544.6   622.3   804.1  1696.5  4267.7 16941.7  78620.7    78569
read      412.4   483.7    93.8   190.7   215.2   344.4   413.0   456.5   491.2   536.6   602.0   732.1  1515.4  6773.1 12618.7  97369.0    97434
read      417.5   509.4    93.8   177.5   200.2   353.1   442.9   493.1   529.0   574.3   648.1   812.2  1224.5  5093.7 31887.4  29310.0    29257
read      491.0   394.1    93.8   192.5   219.5   395.5   516.9   600.9   676.5   777.2   897.9  1075.5  1403.2  3516.1 12797.5  42060.3    42139
read      521.7   728.9    93.8   189.7   218.4   435.6   557.8   633.2   690.0   752.5   833.1   959.5  1466.5  7292.9 31695.5  21359.7    21444
read      535.3   844.4   101.3   192.1   221.2   431.9   550.3   621.6   671.1   728.8   800.7   925.5  1829.2 12205.4 31919.3  18369.7    18314
read      515.6   546.6    93.8   196.3   223.5   395.1   512.8   599.3   678.8   784.1   931.8  1173.5  1788.8  6225.5 16194.3  49421.3    49203
read      415.5   449.4    93.8   183.1   207.1   341.8   410.8   455.8   491.9   538.4   607.9   783.8  1773.8  5297.2 12877.9  87830.7    87787
read      450.7   660.0    93.8   182.9   207.2   347.0   421.8   471.7   514.3   571.0   667.6   958.8  1995.7  8609.1 28443.2  77486.7    77490
read      388.7   482.5    93.8   171.7   193.5   355.6   418.4   450.9   472.0   503.1   545.9   628.1   964.6  5893.9 19759.5  16466.7    16464
read      475.1   746.4   101.3   179.2   203.7   385.7   482.3   538.0   582.2   642.8   742.7   897.5  1676.0 10606.0 35468.5  23418.0    23314
read      639.6   933.9    86.8   221.3   255.7   430.9   528.1   603.9   681.1   813.3  1181.3  1708.0  4432.7  9306.4 31595.3  88556.0    88655
read      414.8   535.9    93.8   173.9   196.4   350.2   438.6   488.0   523.0   559.7   617.3   748.2  1285.4  7702.1 28154.8  28383.0    28245
read      434.5   452.5    86.8   180.5   206.4   364.5   457.8   513.7   553.9   605.4   689.2   885.7  1374.4  3475.6 16226.3  40607.3    40610
read      361.5   191.1    86.8   177.0   200.7   331.0   396.9   435.9   465.7   503.1   550.5   628.4   850.8  1690.4  6081.7  77000.3    77039
read      386.5   213.8    86.8   177.9   202.9   356.7   442.0   486.5   516.8   550.4   593.6   663.0   843.1  1886.4  6342.1  34991.3    35056
read      394.3   267.7    86.8   180.3   204.3   363.9   450.5   494.8   524.9   556.7   599.2   671.2   855.7  3158.3 11061.7  26806.7    26782
read      376.3   209.4    86.8   177.1   202.1   342.6   420.5   466.0   500.7   540.0   586.5   663.5   856.7  1324.0  7724.3  52937.3    53121
read      394.0   261.0    93.8   183.1   208.8   383.5   442.0   472.7   496.9   524.1   557.5   617.2   794.9  3859.6  9666.9  15145.0    15035
read      384.6   266.0    80.4   176.1   200.7   352.9   435.0   476.4   507.9   542.1   583.0   650.0   847.3  3612.6 10566.8  33623.3    33766
read      349.8   171.2    86.8   186.6   209.4   324.9   379.9   414.3   440.3   473.2   518.5   588.8   762.5  1216.7  4666.3  99419.7    99826
read      377.7   229.9    86.8   176.2   201.0   345.3   422.8   466.2   498.5   535.5   581.8   657.4   864.5  1614.5 10127.9  49412.0    49516
read      390.0   313.6    74.4   176.6   201.2   361.0   443.0   481.2   506.9   537.5   576.9   639.1   851.1  3930.9 13388.2  25998.3    25895
read      360.5   174.6    86.8   176.4   200.1   331.0   398.4   439.7   469.6   507.4   553.4   629.5   825.7  1240.8  6074.4  64882.0    64849
read      354.1   173.8    80.4   177.5   201.1   323.8   386.5   425.5   456.5   494.9   543.0   621.9   815.3  1261.1  5319.1  79190.0    79516
read      375.4   274.3    86.8   175.3   198.9   338.8   413.2   459.0   493.5   532.5   580.9   661.0   870.7  2231.7  9831.5  55183.3    55109
read      357.9   188.1    86.8   178.2   202.7   326.8   391.4   430.8   461.6   499.2   545.9   623.4   829.4  1492.9  5984.3  69938.3    69984
read      385.1   250.3    86.8   176.5   200.7   352.4   436.0   480.0   509.8   544.3   587.1   656.7   864.0  2338.2  8112.9  34492.7    34454
read      362.7   189.9    86.8   178.4   202.7   331.7   399.6   441.1   472.0   509.1   556.1   630.6   816.6  1307.6  5574.7  65071.7    64785
read      386.4   259.6    86.8   178.1   204.1   352.4   431.4   476.4   509.7   546.5   593.1   672.8   872.8  1997.4  8775.9  43627.7    43963
read      346.0   197.5    80.4   176.4   200.0   320.1   377.2   412.4   438.6   471.4   516.8   586.1   760.9  1275.1  7539.5  89892.7    90279
read      362.7   182.4    86.8   174.3   198.2   332.8   403.1   444.6   474.2   510.8   554.7   627.3   821.1  1560.8  5482.2  62241.3    62151
read      376.3   213.7    80.4   176.2   200.9   343.7   421.6   466.3   499.3   535.9   580.8   652.8   852.0  1552.9  8450.9  46808.7    46958
read      354.1   214.4    80.4   181.3   204.6   322.8   383.7   420.6   449.6   486.1   534.6   609.7   802.1  1580.2  9836.7  82468.0    82432
read      383.6   215.3    86.8   177.8   202.8   350.7   431.4   478.6   512.2   548.9   594.0   672.3   869.5  1674.5  8078.0  45363.3    45518
read      354.7   173.7    86.8   186.4   209.8   329.6   386.2   420.2   446.0   478.2   523.5   590.9   771.2  1627.4  5492.6  97131.7    97055
read      394.7   288.1    86.8   179.7   204.2   363.3   451.6   496.3   525.6   557.2   597.7   672.1   862.0  2486.7 12004.4  29053.3    28977
read      363.6   212.8    86.8   178.5   202.9   333.2   399.1   439.0   469.4   507.1   553.3   629.2   824.6  1533.2  9002.2  72329.0    72436
read      372.4   397.6   109.4   203.2   233.0   337.9   374.0   397.5   414.8   434.3   464.5   520.0   847.0  5817.7 13168.1   5038.7     5078
read      359.4   208.2    86.8   180.1   204.0   329.1   392.2   430.8   460.0   495.7   541.5   617.1   825.8  1758.7  6953.4  80951.3    81357
read      392.6   281.9    86.8   179.4   204.1   362.5   447.5   490.8   520.3   551.0   591.5   665.6   899.6  2137.2  8622.6  28485.0    28531
read      350.4   202.3    86.8   178.8   202.6   320.4   379.3   416.8   445.3   479.8   526.4   598.2   796.7  1702.1  6829.4  87165.7    87140
read      384.4   231.9    93.8   177.8   202.5   350.2   433.0   479.1   513.5   548.1   593.2   666.9   862.8  2247.5  8334.1  37005.3    36881
read      379.3   271.7    93.8   180.8   205.6   371.9   424.5   452.8   472.0   499.3   533.0   585.0   737.9  2785.3 10893.9  12914.7    12972
read      381.9   263.1    86.8   176.1   201.8   350.5   430.3   473.6   506.0   539.9   582.6   653.1   847.3  1990.4  7661.4  41949.0    41961
read      356.7   208.7    80.4   177.0   200.7   325.6   389.9   428.7   459.2   496.7   542.9   619.3   810.7  1619.5  6880.1  76491.0    76602
read      347.9   207.0    86.8   181.8   205.3   321.9   378.6   413.1   439.3   471.9   516.0   583.6   752.7  1219.0  8558.6  93049.3    93251
read      379.9   268.6    86.8   174.9   198.8   346.7   429.4   474.8   507.8   541.5   585.9   659.9   839.9  1566.5  9382.6  35435.3    35269
read      349.8   191.2    80.4   179.8   203.7   321.0   378.9   414.7   441.9   476.0   522.9   594.0   801.6  1523.4  7540.6  86521.3    86366
read      386.7   263.3    86.8   177.2   201.0   356.0   441.4   483.0   511.9   542.9   583.3   652.8   856.0  2306.3 12022.0  29122.7    29241
read      377.7   249.0    86.8   177.7   203.3   341.7   416.3   461.3   495.0   534.0   583.0   661.0   872.7  2338.5  8945.4  57058.7    57116
read      345.1   168.1    86.8   176.4   199.2   317.3   377.1   414.6   443.1   477.7   523.7   592.9   763.7  1201.9  5555.5  81873.3    81511
read      379.3   262.8    80.4   175.3   199.6   343.8   425.2   470.5   505.2   541.6   587.4   662.2   864.4  2089.2  9854.6  45081.7    45059
read      355.1   188.9    86.8   177.6   201.7   324.3   388.8   427.8   458.3   496.0   543.2   618.2   814.1  1360.3  5476.1  75904.7    75774
read      372.1   208.9    80.4   177.1   201.1   336.5   414.2   459.9   493.8   532.7   580.9   658.9   858.6  1678.8  6717.4  61709.0    61736
read      387.1   338.8   101.3   190.5   218.8   368.8   414.6   437.3   456.3   477.5   509.4   576.7   810.4  4413.2 13699.5   8970.0     8949
read      370.1   240.6    86.8   178.2   202.5   337.3   408.3   450.5   481.1   518.8   566.2   639.2   846.1  2280.1 10709.4  66290.7    66290
read      351.3   179.9    86.8   179.6   203.0   321.3   383.1   422.0   451.4   487.5   534.2   607.9   791.9  1429.9  5068.5  83189.0    82937
read      358.3   243.6    80.4   176.0   199.3   325.1   391.5   431.3   462.2   500.2   546.7   623.4   812.4  1841.0  6795.1  74513.0    74263
read      389.2   250.2    93.8   181.3   205.8   362.1   445.6   486.0   513.5   544.0   584.6   656.1   854.1  1942.6 12025.0  25748.7    25664
read      363.9   195.2    80.4   173.9   198.1   333.3   403.9   446.8   478.0   516.4   562.9   635.2   816.1  1233.2  7564.2  64506.7    64314
read      375.5   328.1    80.4   173.0   196.1   349.5   432.9   471.2   498.4   527.6   562.3   621.9   767.7  3701.9  6920.0  24081.3    23804
read      358.4   211.9    80.4   176.0   199.5   327.3   394.0   434.4   464.6   501.7   548.8   624.4   821.6  1363.3  7319.7  66464.7    66356
read      372.2   235.8    80.4   176.5   201.5   339.7   416.4   460.5   492.3   528.8   574.4   643.9   842.0  1448.7 11247.6  49397.7    49506
read      368.3   191.6    86.8   175.0   199.5   338.0   410.8   453.0   484.6   521.6   565.7   636.7   833.8  1530.6  5245.4  54828.7    54758
read      351.9   190.7    86.8   173.9   197.0   321.8   387.6   427.0   457.7   494.9   539.7   609.4   792.4  1373.1  5646.5  71832.0    72283
read      350.1   238.9    80.4   183.9   206.4   320.8   377.6   411.9   437.6   470.6   515.6   586.8   787.4  1609.3 11985.5  95746.3    95641
read      379.1   220.6    86.8   175.8   199.4   355.6   437.6   475.9   502.7   532.2   569.2   631.4   806.9  2066.7  8102.5  24144.3    24157
read      395.3   333.0    93.8   183.1   208.0   380.5   446.3   478.4   501.8   529.3   563.2   621.2   837.8  3474.6 15336.1  15167.0    15088
read      361.0   188.7    86.8   176.3   200.2   331.0   397.7   437.5   468.4   505.9   553.1   628.8   824.6  1316.0  6246.3  73804.7    73735
read      363.8   235.9    80.4   176.4   201.0   330.3   397.4   437.0   467.6   506.2   554.2   635.4   869.2  1609.5  8651.6  75463.7    75655
read      375.8   210.6    86.8   176.1   201.3   344.5   424.8   468.3   500.2   533.6   573.9   636.0   819.0  2698.5  7967.3  44750.7    44689
read      377.5   192.2    86.8   178.4   203.1   348.1   430.1   473.2   503.4   536.4   577.5   639.3   831.9  1392.2  5505.0  37783.7    37890
read      378.0   235.5    86.8   176.6   201.2   344.4   423.7   468.1   501.6   538.2   582.2   648.3   848.9  1957.8 11425.7  50715.0    50565
read      352.8   177.4    86.8   176.6   200.4   323.1   386.0   424.9   454.6   490.7   536.9   610.7   802.1  1452.6  5514.2  81226.0    81326
read      358.6   199.0    80.4   175.1   198.8   327.5   394.5   434.5   465.2   502.3   547.6   623.2   826.4  1515.8  7560.6  75723.7    75641
read      344.6   201.9    80.4   181.3   204.0   316.7   372.7   407.7   434.4   467.8   511.7   583.2   770.9  1372.8  7221.4  97093.0    97055
read      389.0   245.7    86.8   177.5   202.2   362.9   451.6   492.9   520.4   549.2   587.2   653.6   827.7  2191.3 10713.3  26258.7    26336
read      366.6   200.8    86.8   176.7   201.7   334.5   405.3   448.4   481.1   519.6   566.4   636.1   828.0  1725.8  5512.6  63700.0    63820
read      354.1   218.8    86.8   181.1   205.0   323.3   384.2   421.2   449.3   484.0   529.8   600.4   806.3  1654.6  8634.0  85734.0    85404
read      391.8   227.3    86.8   180.2   204.9   383.9   456.5   489.3   510.5   536.9   570.4   628.0   793.4  1839.0  6914.7  17890.7    18025
read      383.6   240.5    80.4   175.1   199.6   347.8   433.4   480.8   512.6   547.0   591.2   662.2   843.3  3089.9  7911.1  42158.3    42168
read      385.4   313.3    86.8   174.7   199.5   348.4   438.3   486.8   518.7   551.0   592.9   660.6   836.1  1623.6 14736.0  37264.0    37351
read      388.1   233.7    86.8   176.0   201.0   357.3   449.8   495.9   525.2   556.0   596.2   659.1   836.8  1548.5  8471.0  31571.0    31615
read      382.0   282.2    86.8   175.1   199.7   343.2   428.6   477.0   510.0   546.3   589.3   660.2   862.9  3574.1  8809.2  46309.0    46356
read      384.6   219.9    86.8   176.6   200.7   365.6   451.9   490.7   515.9   541.1   576.4   635.0   787.8  1610.0  8476.5  24819.7    24714
read      357.3   197.9    86.8   172.2   195.9   327.1   397.7   438.9   469.1   505.4   549.2   616.2   787.3  1446.7  7239.3  67520.3    67626
read      392.8   347.2    93.8   179.9   204.7   386.2   452.1   482.3   503.4   527.7   555.3   606.3   745.0  4618.3 14270.9  15705.3    15739
read      354.0   206.6    86.8   182.3   205.7   323.9   383.1   420.1   449.2   485.8   531.6   604.4   816.4  1600.0  5927.2  87494.7    87755
read      396.7   317.7    93.8   181.6   205.3   384.3   451.2   485.7   508.5   533.1   563.7   622.1   840.6  3482.3 11571.4  14376.7    14357
read      387.0   217.5    86.8   179.9   205.2   348.3   428.0   476.1   512.6   551.3   599.1   680.9   915.1  2519.5  6804.3  51201.3    51514
read      362.2   224.3    86.8   177.4   201.2   328.5   396.9   439.1   470.6   508.2   555.8   633.0   844.2  1589.0  6535.1  72375.3    72102
read      353.8   220.3    74.4   179.1   202.9   324.5   387.2   424.5   453.5   489.5   535.4   606.7   795.6  1271.0  7061.9  84662.7    84799
read      393.2   219.5    86.8   185.2   208.8   374.1   460.1   497.9   522.9   549.8   587.3   641.9   803.4  1461.7 10166.3  21141.7    21168
read      389.5   257.5    86.8   179.6   204.3   353.3   438.7   486.3   518.9   554.3   598.7   678.0   919.0  1957.9 11219.4  43916.7    43828
read      391.4   305.4    86.8   182.0   207.5   386.3   444.4   472.7   494.3   518.2   548.0   604.4   749.8  3875.1 12678.8  13303.0    13381
read      359.1   217.8    86.8   177.2   200.8   327.6   396.5   437.1   467.7   504.0   548.9   618.9   798.9  1351.6  7534.3  70149.7    70057
read      392.6   243.2    93.8   178.6   203.0   372.8   452.3   490.2   514.8   541.5   578.2   638.6   872.1  3374.1  7960.6  19628.3    19482
read      390.7   323.1    93.8   184.3   209.6   382.0   439.2   467.1   488.7   512.5   544.6   598.1   783.0  2754.2 19343.0  13457.0    13593
read      390.1   268.9   101.3   179.5   205.0   361.4   445.7   488.0   517.8   550.2   591.7   663.6   826.5  2026.9 12364.4  31018.7    30935
read      394.5   344.5    86.8   178.4   204.3   363.7   449.8   492.4   520.5   549.7   590.1   661.8   859.6  2661.0 11901.3  27536.3    27564
read      358.3   180.8    80.4   186.7   210.2   329.7   390.5   427.3   455.8   490.2   534.7   609.0   808.6  1318.2  6785.4  89151.0    89146
read      381.4   285.3    86.8   185.5   209.7   372.0   425.3   451.1   468.7   492.6   522.3   572.8   747.4  3917.7 12333.8  12027.7    12015
read      396.3   435.2    93.8   186.4   214.0   377.9   434.2   463.1   484.1   507.5   541.8   592.6   805.1  4686.7 30292.5  12351.3    12458
read      386.7   243.1    86.8   179.9   206.0   359.2   436.3   480.0   510.5   544.7   588.0   660.1   851.9  1374.4  9877.8  43254.3    43213
read      391.7   216.6    86.8   179.9   206.1   367.9   447.1   488.9   517.7   548.9   589.0   660.7   859.1  1613.9  8396.6  34106.7    34454
read      360.2   203.7    86.8   179.0   203.3   330.6   395.6   434.0   464.1   500.3   544.9   620.2   805.5  1379.9  8011.7  78971.7    79142
read      377.4   247.8    86.8   178.0   203.0   345.3   424.8   468.3   499.8   533.5   575.8   642.2   849.7  1832.4  7907.5  43581.7    43458
read      365.5   179.0    86.8   177.1   201.6   335.4   405.9   448.5   479.6   516.1   561.9   634.1   838.4  1314.1  6013.1  65602.7    65461
read      390.3   293.1    86.8   179.9   204.0   375.7   446.2   479.3   501.7   527.9   560.3   623.9   823.5  3392.1 12082.0  17858.7    17883
read      390.1   264.6    86.8   179.0   203.7   370.7   448.4   485.1   509.4   536.1   570.6   632.4   836.7  2942.6 10816.0  21893.0    21816
read      350.2   168.5    86.8   182.1   205.5   323.1   381.7   416.9   444.1   477.7   522.6   592.7   792.3  1345.9  5089.7  91727.3    92112
read      347.4   167.2    86.8   180.7   203.8   319.1   378.7   414.5   441.7   476.9   523.2   590.3   779.5  1327.9  4966.4  86188.0    86516
read      351.5   242.3    86.8   180.0   203.3   319.1   379.2   416.0   444.1   480.1   528.0   603.1   807.3  1760.1  7458.0  85142.7    85434
read      378.1   259.3    80.4   177.5   202.7   341.8   419.9   465.6   498.8   535.1   579.9   654.5   863.5  2684.1  9110.5  49078.7    49269
read      366.2   200.9    86.8   176.1   200.3   333.8   403.9   447.0   479.0   516.5   562.3   635.9   868.1  1554.4  6803.3  64555.3    64819
read      383.9   271.4    86.8   177.8   202.0   345.3   429.2   475.7   509.0   547.4   594.4   669.1   864.7  2387.3 11619.7  45606.0    45466
read      356.7   176.7    80.4   174.7   198.5   327.8   393.9   432.6   462.6   499.6   545.1   618.7   808.5  1361.6  4960.7  74810.0    74721
read      383.6   204.3    93.8   174.0   197.5   364.8   450.7   490.6   516.4   543.4   578.6   633.7   797.3  2088.8  6115.4  22964.7    22910
read      369.4   205.7    86.8   171.2   195.5   337.1   418.7   465.3   497.1   532.1   574.6   636.2   803.9  1405.0  7884.5  47929.0    47947
read      361.1   245.1    86.8   176.4   200.0   327.0   396.4   437.3   468.3   506.3   552.3   628.7   826.3  1744.1  7910.3  69232.7    69579
read      368.9   206.9    80.4   176.1   201.4   337.4   409.5   453.5   485.7   520.9   563.4   633.9   847.9  1656.2  6273.1  61192.3    61494
read      393.5   349.6    86.8   179.0   204.6   355.3   444.5   489.0   517.0   547.3   588.9   661.6   931.2  3429.1 11317.8  32065.3    31948
read      378.9   211.8    86.8   179.0   204.6   345.5   426.3   473.1   505.4   539.7   581.4   648.6   857.1  1658.1  7366.0  43498.3    43538
read      356.3   196.4    80.4   174.2   197.3   323.8   393.6   434.8   466.1   502.7   547.8   620.8   809.6  1504.3  6056.7  70231.7    70090
read      379.4   296.3   109.4   193.1   221.6   366.1   410.1   434.7   454.2   475.7   506.8   561.8   756.1  4788.4 12514.2   8931.0     9010
read      385.8   266.8    80.4   177.3   203.6   353.5   430.4   474.5   506.6   543.0   589.1   662.7   865.1  2598.5 10250.5  53430.7    53510
read      351.3   190.1    86.8   175.2   198.9   324.2   387.7   426.0   455.1   490.2   533.7   599.0   773.9  1149.6  6167.8  84838.3    84446
read      361.9   191.5    86.8   176.9   200.7   330.1   398.5   438.6   470.0   508.0   555.0   631.1   845.6  1589.9  6084.8  70482.7    70319
read      367.4   198.5    80.4   174.8   198.6   334.7   410.0   454.1   486.5   523.3   568.5   637.9   822.0  2182.7  6548.3  55542.7    55737

Total QPS = 52032.6 (93658624 / 1800.0s)

Total connections = 64
Misses = 0 (0.0%)
Skipped TXs = 0 (0.0%)

RX 23133680128 bytes :   12.3 MB/s
TX          0 bytes :    0.0 MB/s
Warning! Detected max cpu usage > 95%
CPU Usage Stats (avg/min/max): 99.98%,49.25%,100.00%