Thu May 26 16:16:41 UTC 2022
Random waveform, supplied seed
Total number of intervals = 600 (5031, 54838, 74868, 30015, 40743, 23648, 97712, 53672, 55395, 29425, 15173, 82475, 90555, 47944, 28313, 28504, 22886, 35717, 14828, 81704, 55771, 85226, 75020, 12441, 56208, 17446, 86943, 49138, 49839, 47752, 27181, 6170, 7187, 99387, 91970, 79658, 59230, 78081, 64242, 37702, 40686, 30376, 38416, 65892, 39560, 10016, 55224, 19982, 48114, 36283, 23315, 11150, 98724, 56880, 13467, 99368, 46206, 71651, 22741, 56654, 99570, 23047, 70008, 42943, 46704, 75970, 21917, 82027, 81583, 14259, 7821, 17727, 65559, 41133, 28693, 53141, 54512, 14835, 98446, 38117, 77994, 30209, 68315, 91940, 49308, 46880, 92540, 49396, 97841, 35404, 80451, 87228, 75554, 57964, 83546, 55468, 34203, 37629, 34577, 47426, 58845, 66993, 10977, 51529, 48344, 5902, 71602, 41886, 47456, 93939, 16890, 45689, 32790, 44044, 28149, 39739, 72475, 93882, 6692, 50406, 83055, 55609, 16968, 43031, 17236, 82183, 42212, 12244, 61777, 36984, 29093, 41715, 34838, 63574, 24401, 32025, 98971, 23657, 67877, 53849, 79536, 17081, 39024, 26125, 33388, 20979, 95865, 73949, 60987, 54175, 51484, 39771, 32864, 42033, 43808, 45785, 35582, 38504, 15320, 74264, 43890, 5962, 38365, 55971, 23217, 87681, 91728, 96668, 80475, 27150, 53444, 23737, 87776, 82175, 98548, 37704, 64701, 69089, 89785, 16676, 69604, 99682, 97693, 17381, 40069, 8841, 56576, 21599, 53003, 19831, 80340, 28765, 25572, 37071, 75819, 44359, 95960, 59630, 47930, 65545, 94038, 51806, 48712, 13115, 76569, 19372, 59331, 62597, 37702, 41975, 26100, 82500, 50756, 66696, 53364, 10413, 64876, 69079, 19447, 81182, 25265, 9699, 48659, 75126, 96559, 55885, 9039, 66378, 41225, 52371, 39873, 41176, 85357, 85391, 91890, 57558, 9972, 74636, 29773, 63494, 7201, 49507, 65454, 88537, 36982, 88964, 96479, 47883, 50650, 89242, 7374, 8507, 50676, 57069, 43520, 56720, 68155, 60444, 63997, 17315, 78596, 81548, 97254, 46135, 13379, 46993, 98274, 97056, 43434, 36406, 99121, 80708, 40517, 34168, 11754, 93304, 64697, 92626, 75618, 85805, 18930, 50153, 10377, 33112, 28777, 45709, 74458, 73596, 28031, 45754, 80138, 64350, 51870, 81106, 82064, 30534, 25449, 67525, 27070, 41133, 28009, 64235, 16387, 62388, 40199, 16884, 55763, 41925, 42341, 93577, 7657, 14232, 30107, 71078, 85372, 54930, 5750, 80137, 41449, 17301, 19930, 41776, 8596, 30870, 69978, 23908, 9848, 71598, 77156, 14083, 87786, 57205, 53142, 77998, 98830, 32447, 74382, 32271, 55273, 68152, 25419, 43187, 60608, 62150, 30864, 69566, 38183, 51253, 53027, 37133, 73413, 78811, 88317, 46504, 46147, 35073, 18693, 46834, 76427, 96007, 83666, 64655, 54099, 5485, 94089, 57214, 23788, 75649, 39466, 47463, 19155, 18449, 35235, 93118, 76391, 70733, 74230, 37188, 48862, 59325, 66219, 25760, 75255, 67915, 23004, 21973, 82811, 38870, 85697, 94176, 89142, 39251, 36339, 30304, 58303, 78732, 81734, 85654, 40030, 11145, 24220, 36178, 69625, 80189, 64261, 78356, 30570, 63922, 82549, 7574, 42298, 39152, 88634, 60765, 30534, 35563, 96837, 74496, 42819, 50120, 16904, 11439, 24076, 84757, 76496, 34744, 5910, 6391, 25594, 30327, 62849, 91392, 44328, 47665, 79152, 11613, 96212, 27129, 86430, 58712, 23931, 8445, 55537, 54706, 51997, 18803, 88693, 91224, 76765, 80364, 54372, 32473, 25920, 11574, 99135, 24026, 92271, 88470, 58597, 83103, 19062, 72681, 30900, 94867, 22477, 97890, 11845, 95363, 90122, 81157, 78569, 97434, 29257, 42139, 21444, 18314, 49203, 87787, 77490, 16464, 23314, 88655, 28245, 40610, 77039, 35056, 26782, 53121, 15035, 33766, 99826, 49516, 25895, 64849, 79516, 55109, 69984, 34454, 64785, 43963, 90279, 62151, 46958, 82432, 45518, 97055, 28977, 72436, 5078, 81357, 28531, 87140, 36881, 12972, 41961, 76602, 93251, 35269, 86366, 29241, 57116, 81511, 45059, 75774, 61736, 8949, 66290, 82937, 74263, 25664, 64314, 23804, 66356, 49506, 54758, 72283, 95641, 24157, 15088, 73735, 75655, 44689, 37890, 50565, 81326, 75641, 97055, 26336, 63820, 85404, 18025, 42168, 37351, 31615, 46356, 24714, 67626, 15739, 87755, 14357, 51514, 72102, 84799, 21168, 43828, 13381, 70057, 19482, 13593, 30935, 27564, 89146, 12015, 12458, 43213, 34454, 79142, 43458, 65461, 17883, 21816, 92112, 86516, 85434, 49269, 64819, 45466, 74721, 22910, 47947, 69579, 61494, 31948, 43538, 70090, 9010, 53510, 84446, 70319, 55737)
Average QPS expected = 52043
Timestamp start: 1653581802802
Timestamp end: 1653583603545

#type       avg     std     min      p5     p10     p50     p67     p75     p80     p85     p90     p95     p99    p999   p9999      QPS   target
read      472.5  1302.8   109.4   194.3   225.4   357.8   414.7   453.0   479.9   508.8   547.2   629.1  2337.7 30273.3 39438.9   5048.7     5031
read      494.9   412.9    86.8   185.0   212.9   385.0   499.8   582.3   659.3   766.4   923.1  1178.5  1707.0  3920.6 11881.2  54505.0    54838
read      485.3   797.5    86.8   184.1   211.0   363.3   444.2   496.8   539.6   605.0   738.4  1086.4  2321.8 12087.9 30449.8  74904.3    74868
read      402.6   402.1    86.8   169.8   192.5   352.9   446.1   490.2   519.6   554.6   608.9   741.7  1155.4  4760.3 20823.7  30000.3    30015
read      491.1   480.4    93.8   182.3   208.9   397.7   518.5   599.3   667.8   749.4   849.4  1015.3  1537.3  5682.8 16641.8  40478.7    40743
read      528.2   805.2    93.8   187.0   214.4   429.1   544.8   620.5   681.3   745.9   829.1   969.8  2039.8 10251.5 32503.6  23676.0    23648
read      456.9   564.9    93.8   191.9   219.7   364.7   435.3   479.8   515.2   564.5   648.4   907.0  2002.1  8224.1 14903.1  97634.0    97712
read      406.9   390.4    86.8   174.7   199.2   346.3   430.3   481.0   518.3   562.0   626.7   781.0  1274.7  4164.0 12899.3  53621.7    53672
read      501.9   475.0    93.8   192.4   219.8   394.2   510.0   594.3   666.8   758.2   889.1  1124.1  1708.5  5548.0 10553.2  55446.7    55395
read      502.6   459.3    93.8   183.9   210.9   420.9   546.2   632.3   707.4   783.7   873.5  1015.3  1345.6  7152.6 15296.1  29498.3    29425
read      571.0  1293.4   101.3   186.0   213.8   431.9   533.1   588.7   630.6   679.4   739.8   859.1  4676.0 14664.7 36340.3  15145.0    15173
read      408.1   344.9    93.8   179.9   204.9   346.9   420.3   466.0   501.8   547.3   617.6   799.9  1539.3  3126.9  8456.6  82207.7    82475
read      360.0   364.8    86.8   175.7   198.9   324.5   385.6   421.1   448.5   481.9   526.6   597.1   868.7  3415.3 15949.7  90391.7    90555
read      479.6   484.7    86.8   185.0   212.2   388.7   496.1   564.4   620.5   695.8   806.4  1007.4  1632.5  5557.0 12747.8  48015.7    47944
read      505.0   454.3    93.8   185.9   212.9   425.3   549.8   640.0   707.5   781.3   871.2  1010.5  1443.0  4298.6  9310.2  28404.3    28313
read      500.9   412.9    86.8   184.6   212.0   426.7   547.6   632.3   697.4   769.4   855.9  1000.2  1427.2  4182.7 13743.2  28659.0    28504
read      493.2   599.2   101.3   181.3   208.2   418.7   526.3   596.8   645.6   707.5   781.4   909.0  1617.8  8872.1 29637.9  22852.0    22886
read      506.4   579.2    93.8   182.9   210.8   409.6   536.7   623.4   697.2   786.0   896.6  1058.0  1449.4  6291.1 30798.7  35811.3    35717
read      515.7   942.3    93.8   182.3   210.1   425.1   528.9   583.7   621.3   665.9   727.9   846.9  2185.2 12437.7 32136.2  14832.0    14828
read      425.5   519.0    86.8   176.5   201.2   341.4   409.6   452.3   486.0   530.0   599.2   854.0  2000.4  8172.4 12573.2  81690.0    81704
read      430.6   553.7    86.8   175.8   200.7   352.2   438.6   493.0   531.0   580.3   659.1   851.7  1568.1  5586.3 28040.5  55732.7    55771
read      432.6   456.3    93.8   183.7   209.6   350.7   424.1   470.5   509.4   562.2   650.5   919.1  1728.4  6005.8 15133.7  85147.3    85226
read      417.0   323.4    86.8   183.3   208.2   352.8   432.1   482.5   521.1   571.5   645.0   813.3  1489.0  4109.8 10509.2  74794.3    75020
read      509.1  1014.0    93.8   187.4   217.0   425.2   523.8   571.1   607.6   649.2   702.0   794.7  1632.4 10694.8 37320.3  12512.0    12441
read      521.9   714.7    93.8   192.2   220.6   394.8   510.5   593.0   668.6   769.4   911.7  1151.9  1816.8  9892.4 30614.7  56172.0    56208
read      496.2   546.6   101.3   183.2   212.8   431.2   540.3   606.2   653.2   710.2   776.6   880.9  1399.1  6838.1 17516.7  17373.0    17446
read      456.8   520.5    80.4   181.9   208.7   358.8   431.8   478.3   516.3   571.0   678.1  1100.5  1984.7  7054.7 15013.0  86977.7    86943
read      408.1   459.2    86.8   172.8   196.4   348.7   433.5   481.3   515.1   555.7   613.7   745.4  1311.0  5428.2 12873.1  49194.7    49138
read      492.1   384.4    93.8   188.2   216.8   403.6   515.9   594.7   662.3   749.6   866.2  1069.5  1592.3  3861.1  9878.0  49874.3    49839
read      495.5   484.8    93.8   189.7   218.3   397.7   511.2   589.1   656.9   750.5   868.4  1078.3  1591.0  6270.4 14182.0  47912.7    47752
read      515.1   586.3   101.3   181.9   211.1   427.2   541.6   618.5   682.9   760.2   851.4  1013.4  1848.2  7950.6 16101.6  27064.7    27181
read      474.1  1070.7   109.4   195.5   231.7   394.9   456.5   487.1   506.6   534.6   574.5   657.8  2390.1 11881.0 39690.3   6147.0     6170
read      489.6   959.4   101.3   195.4   227.9   403.2   470.1   503.6   528.4   556.9   596.0   685.3  3269.8 10073.6 32087.0   7260.0     7187
read      432.5   462.4    93.8   190.8   218.2   361.7   429.1   470.4   503.6   545.5   614.2   799.7  1790.1  5465.4 12380.3  98930.7    99387
read      443.6   551.3    86.8   185.4   211.4   357.3   426.9   469.0   502.1   544.7   617.4   861.3  1874.8  7037.6 14670.0  92359.7    91970
read      355.2   383.7    86.8   172.0   194.4   318.1   381.0   418.8   447.1   481.3   525.1   590.1   833.7  3840.4 15924.2  79667.3    79658
read      477.7   445.9    86.8   187.4   214.9   385.5   482.6   546.2   600.9   684.5   814.9  1054.6  1698.7  5181.3 15847.8  59175.0    59230
read      460.9   515.7    86.8   187.2   213.9   367.3   450.2   503.6   545.8   607.8   721.6  1027.8  1862.4  6146.3 18704.6  78121.0    78081
read      419.0   374.5    93.8   180.8   206.2   355.1   435.8   485.9   523.1   570.4   639.2   822.9  1407.4  4808.6 11212.4  64049.0    64242
read      497.1   422.0    93.8   185.7   213.5   409.6   528.5   611.2   681.6   768.5   882.4  1064.9  1482.6  4106.2 16245.0  37504.0    37702
read      522.8   626.0    86.8   188.8   218.1   417.5   541.0   623.6   696.9   791.4   917.3  1120.5  1586.6  7301.5 30260.3  40921.7    40686
read      508.2   563.4    93.8   186.9   215.6   431.2   548.8   628.6   694.1   770.7   868.4  1021.9  1441.9  5312.6 29767.7  30519.0    30376
read      508.0   466.4    93.8   188.6   217.4   420.6   538.4   617.8   688.3   774.7   882.7  1050.7  1559.6  5167.6 12629.5  38322.0    38416
read      501.8   437.1    93.8   203.9   231.5   404.5   510.4   587.3   655.3   749.5   880.7  1093.3  1670.8  4261.9 10225.2  66016.7    65892
read      504.3   522.6    93.8   186.5   213.7   411.9   538.5   621.1   692.1   777.1   884.0  1052.5  1503.4  6374.0 24078.6  39699.7    39560
read      519.2   990.9   101.3   187.3   220.5   455.5   532.2   574.2   605.3   640.1   690.4   784.6  2410.3  9715.4 37940.8   9985.0    10016
read      521.2   510.8    93.8   196.2   226.1   415.6   536.2   620.7   693.1   786.6   918.3  1151.0  1768.6  4773.2 14207.7  55121.7    55224
read      551.6   949.2   101.3   183.4   211.5   445.4   549.8   623.5   678.8   745.1   831.9   981.3  2821.3 14316.9 31972.1  19931.0    19982
read      494.2   412.3    93.8   187.2   215.6   400.8   515.0   592.2   663.3   751.2   870.8  1067.9  1655.6  4403.1 12890.9  47967.3    48114
read      505.8   408.1    93.8   186.7   215.0   416.9   539.6   626.3   697.8   782.8   891.4  1063.0  1550.2  4648.9 11149.7  36091.3    36283
read      538.2  1059.2    93.8   184.1   212.6   438.0   548.7   624.2   680.1   741.8   819.6   960.3  1859.7 14669.3 53333.5  23321.3    23315
read      510.6   933.5    93.8   180.7   212.2   437.3   522.7   568.5   599.9   639.4   698.7   796.7  2272.2 10949.8 31980.4  11286.3    11150
read      398.6   463.6    86.8   183.3   208.1   337.2   397.9   434.7   463.3   499.8   552.9   688.1  1686.4  6703.3 14873.7  98189.3    98724
read      427.7   428.5    93.8   176.8   202.9   354.5   445.4   500.6   541.1   592.6   681.4   882.4  1400.0  4439.9 12788.5  56881.0    56880
read      512.9   753.5    93.8   184.3   214.0   445.9   542.7   600.4   642.1   690.6   751.7   844.9  1762.9  9484.4 31716.2  13415.0    13467
read      436.9   517.5    86.8   193.8   221.7   365.0   434.5   477.5   509.2   551.4   620.6   774.7  1734.2  7359.1 16163.6  99321.3    99368
read      442.1   449.2    93.8   175.8   201.0   365.6   460.3   515.5   556.8   610.4   703.4   955.5  1597.7  3903.0 15726.1  46343.3    46206
read      473.2   428.5    86.8   190.2   217.4   376.7   467.5   527.7   577.5   649.2   790.3  1107.1  1858.0  4857.8 11017.8  71802.3    71651
read      430.4   561.2    93.8   173.6   196.3   384.9   472.1   510.7   539.8   576.3   628.8   751.8  1177.2  7040.6 29176.4  22623.0    22741
read      519.4   600.3    86.8   195.8   223.4   397.4   509.5   589.9   664.7   766.9   914.9  1161.0  1856.4  8508.6 16597.2  56650.3    56654
read      472.4   555.9    93.8   200.0   228.1   381.5   455.2   500.8   538.8   590.4   682.0   953.1  1915.4  6646.8 16939.1  99629.3    99570
read      441.2   491.5    86.8   174.3   199.3   398.6   479.5   519.5   551.4   595.7   671.1   830.2  1267.0  5669.0 27965.4  23091.0    23047
read      459.4   435.5    93.8   187.7   214.6   370.6   459.6   515.5   562.6   630.9   748.8  1024.8  1736.2  4934.9 14306.2  70266.3    70008
read      419.4   566.9    93.8   174.3   197.5   354.7   443.2   493.4   527.9   567.5   623.2   744.1  1322.0  7328.6 30935.9  43037.3    42943
read      502.0   473.8    93.8   188.1   215.7   397.1   519.2   602.1   678.9   787.4   936.4  1146.6  1579.1  4201.3 19998.1  46611.3    46704
read      401.4   364.8    86.8   175.1   198.9   337.5   408.8   453.3   487.3   529.6   590.6   779.1  1695.0  3705.3  9195.0  76163.7    75970
read      483.2   675.0    93.8   175.1   201.7   409.4   493.5   537.6   577.1   638.9   744.8   924.6  2351.0  8424.3 30538.6  21978.3    21917
read      479.4   550.9    93.8   184.6   211.6   361.6   439.3   492.4   536.9   607.2   772.6  1226.8  2354.3  7071.1 15127.6  81775.7    82027
read      438.2   522.1    86.8   179.0   205.1   349.0   421.6   466.9   503.6   550.5   631.6   950.9  1948.0  5654.8 16181.0  81602.3    81583
read      421.3   487.8   101.3   175.3   198.3   391.6   456.6   484.2   501.6   526.2   560.9   632.6  1477.9  7142.3 12884.2  14215.3    14259
read      424.9   684.4   101.3   186.5   221.1   384.4   442.2   475.7   499.7   528.1   565.7   634.7   991.7  9587.5 31719.1   7797.3     7821
read      544.4   735.0   101.3   184.3   214.2   455.6   572.7   656.9   724.7   799.9   900.8  1051.0  1550.5 11277.7 31638.8  17692.3    17727
read      514.4   540.6    93.8   201.0   228.0   400.5   507.9   588.8   662.6   762.5   915.9  1180.0  1800.0  5349.4 18521.0  65413.7    65559
read      532.5   580.0   101.3   188.5   216.7   411.1   539.7   631.2   716.9   832.3   983.6  1199.4  1850.6  5892.5 30236.1  41156.0    41133
read      514.9   509.0    93.8   186.4   214.1   431.0   547.3   628.7   700.4   784.4   891.0  1061.3  1472.8  8924.7 12566.5  28838.3    28693
read      508.5   498.3    93.8   191.3   219.4   396.3   510.8   594.8   671.6   773.9   915.3  1169.3  1786.8  5570.1 15683.7  53066.3    53141
read      513.3   546.7    86.8   191.3   219.2   398.9   513.3   596.8   675.9   778.1   922.3  1159.1  1808.0  6436.7 21055.3  54391.7    54512
read      511.4   703.1    93.8   186.1   216.6   448.9   546.7   607.6   650.0   697.1   760.5   883.9  1612.9  6045.3 31776.0  14721.3    14835
read      460.6   593.5    86.8   192.6   219.9   361.6   428.7   470.6   506.5   559.0   659.5  1039.3  2018.7  7276.0 15656.8  98483.3    98446
read      432.1   555.5    86.8   175.6   199.6   366.1   458.2   505.8   541.1   583.4   644.9   791.3  1301.4  7732.2 26687.2  38258.3    38117
read      410.2   383.4    93.8   178.6   203.4   344.9   417.6   461.2   494.5   537.7   602.8   789.5  1697.8  4758.6 12873.9  77543.3    77994
read      473.5   692.9    93.8   178.8   205.1   396.1   494.0   543.7   585.2   642.1   757.2   960.7  1497.9  7715.8 28324.7  30043.0    30209
read      535.0   526.2    86.8   204.3   232.8   404.6   511.4   590.7   670.8   788.7   963.6  1321.6  2143.1  4985.3 19322.3  68341.0    68315
read      348.8   266.5    86.8   177.9   200.2   316.8   374.4   408.5   435.0   468.0   508.8   577.4   809.4  3051.5  8094.2  91633.7    91940
read      475.0   461.3    93.8   181.9   208.5   378.1   482.6   550.5   606.2   691.1   841.0  1107.6  1617.3  4015.7 12956.2  49348.0    49308
read      493.8   410.7   101.3   191.7   219.2   396.9   513.7   592.4   665.8   762.5   892.7  1105.6  1582.9  3371.3 12334.2  46798.3    46880
read      459.7   570.5    86.8   191.5   218.9   363.4   433.9   478.8   515.0   567.0   661.8  1031.0  1916.3  7830.6 22664.4  92683.7    92540
read      418.0   339.1    80.4   174.9   199.8   361.5   453.4   503.3   540.1   585.3   654.1   813.6  1337.6  3870.5  8507.5  49562.3    49396
read      458.0   600.5    86.8   193.7   221.2   363.5   429.7   470.6   504.3   548.4   631.6   924.1  2051.6  8467.9 19782.7  97828.0    97841
read      424.5   403.9    86.8   175.1   199.3   368.1   463.2   508.2   541.8   584.0   651.9   843.8  1284.9  3541.2 12484.1  35365.7    35404
read      412.5   426.2    86.8   183.3   208.6   348.3   420.5   464.0   498.0   540.1   601.8   750.0  1633.4  5718.0 11801.8  80217.3    80451
read      531.7   719.8    93.8   196.4   225.2   384.1   464.8   520.9   575.3   666.4   899.2  1492.8  2750.3  8129.9 30803.8  87122.3    87228
read      370.3   253.4    86.8   176.6   200.5   332.0   399.5   441.0   470.6   506.9   557.6   639.4   986.1  3289.8  5928.4  75619.7    75554
read      462.6   423.1    93.8   185.0   211.4   372.2   468.6   529.7   579.7   647.8   778.1  1041.4  1691.4  4880.8 12450.3  58109.7    57964
read      468.6   493.1    93.8   189.4   216.3   368.6   445.4   496.1   539.0   604.7   743.5  1115.9  2007.4  5101.5 12853.5  83400.0    83546
read      430.3   347.3    93.8   178.7   204.6   365.1   457.1   507.0   547.1   596.1   678.4   872.7  1463.1  3521.8  8447.2  55628.0    55468
read      534.4   507.6   101.3   187.7   216.0   427.7   554.9   649.7   736.3   841.1   970.6  1172.4  1800.4  5487.8 16219.6  34173.3    34203
read      519.4   521.8    93.8   188.3   216.0   422.8   542.0   631.1   714.4   806.8   929.0  1116.9  1579.3  6778.2 14732.5  37591.0    37629
read      525.5   490.9    93.8   183.6   211.1   420.2   544.5   636.4   724.3   833.4   984.9  1181.1  1631.5  6035.2 12163.6  34529.3    34577
read      507.0   489.9    86.8   186.9   213.3   398.4   514.6   597.2   677.6   787.9   930.0  1147.8  1699.3  5442.6 16826.5  47635.3    47426
read      515.6   436.7    93.8   198.7   226.8   407.2   525.6   611.6   690.1   794.5   943.8  1187.6  1733.3  3621.6 12210.8  58949.0    58845
read      544.9   530.7    93.8   209.4   238.6   419.7   537.4   629.1   711.6   820.3   978.7  1248.8  1985.2  5502.6 15933.5  66910.0    66993
read      404.7   439.3    93.8   180.0   205.4   394.6   443.3   468.2   486.7   506.2   538.7   599.7   872.1  4314.0 28654.8  11030.7    10977
read      472.6   491.5    93.8   183.2   211.1   381.9   473.2   533.9   583.1   657.7   793.7  1052.9  1749.7  5686.7 15743.3  51457.3    51529
read      503.9   380.3    93.8   189.8   218.4   396.6   514.5   597.9   674.0   787.2   941.9  1204.3  1690.5  3402.2  9124.7  48414.7    48344
read      502.7  1054.6   109.4   202.4   242.8   425.1   484.7   513.8   538.0   567.1   606.7   694.8  2437.8 15506.4 36692.5   5901.3     5902
read      427.3   419.3    86.8   179.7   206.1   356.4   437.1   484.2   520.1   568.1   644.1   871.6  1641.3  5152.3 11014.5  71194.3    71602
read      446.8   441.6    86.8   177.9   204.5   378.3   474.8   527.8   567.1   618.7   712.8   912.0  1442.5  5666.5 12194.5  41745.0    41886
read      503.4   396.0    93.8   188.6   218.6   412.1   528.0   606.0   675.1   768.9   901.8  1113.3  1646.1  3682.3 12100.2  47541.0    47456
read      429.4   493.2    86.8   184.1   209.3   346.2   411.4   451.8   482.6   524.6   591.4   835.1  2088.7  6081.7 12369.2  93807.3    93939
read      446.6   641.7    93.8   176.4   201.9   415.5   481.3   513.9   541.5   578.3   633.2   735.2  1207.3 11695.1 29209.4  16766.0    16890
read      532.4   639.4    86.8   189.1   219.0   416.9   536.6   622.5   696.8   792.3   929.1  1165.7  1990.1  6928.2 31088.7  45683.3    45689
read      516.9   601.8    93.8   188.1   216.1   428.2   544.5   627.3   697.5   779.7   883.9  1054.8  1526.1  7203.1 30950.5  32661.3    32790
read      516.6   602.5    93.8   188.0   215.7   409.8   531.3   614.8   688.2   787.6   924.0  1136.4  1688.8  6181.1 30401.4  43893.3    44044
read      503.6   448.9    93.8   184.4   212.8   435.8   548.9   627.8   696.3   780.1   881.0  1026.4  1379.8  4330.9 12452.6  28175.3    28149
read      501.9   447.8    93.8   185.7   213.5   407.7   527.7   608.1   680.9   778.1   905.9  1105.1  1543.9  5141.5 12681.2  39808.0    39739
read      508.4   553.5    86.8   196.0   225.3   394.2   494.8   569.2   637.0   740.4   902.3  1161.6  1882.0  5406.2 24679.8  72622.3    72475
read      355.1   222.7    86.8   177.9   201.7   326.6   387.4   423.6   450.6   482.2   523.8   590.8   825.5  2392.1  8458.8  94126.7    93882
read      450.4   632.0   109.4   195.6   232.7   407.3   468.6   499.6   522.6   549.2   586.6   656.1  1648.6  7579.4 35146.3   6619.0     6692
read      512.4   533.1    86.8   194.8   224.7   416.8   531.6   611.0   679.3   769.3   888.1  1077.7  1565.9  6566.1 20386.6  50239.7    50406
read      405.8   334.1    86.8   177.8   202.5   340.6   410.9   455.4   489.6   534.2   601.2   817.3  1657.0  4003.6  8148.9  83133.0    83055
read      431.7   457.0    80.4   176.5   202.1   362.8   453.3   503.6   542.5   592.2   673.2   860.4  1503.9  4820.5 16009.6  55766.7    55609
read      505.2   815.1   101.3   184.9   213.2   438.5   534.6   595.7   641.7   693.6   758.6   875.7  1319.1 12421.7 37869.9  16981.3    16968
read      523.4   606.6    93.8   189.6   218.2   417.3   541.5   628.9   707.9   804.3   933.2  1138.7  1647.4  5849.7 29454.1  42962.7    43031
read      534.7   915.4    93.8   185.0   213.8   445.3   546.2   610.5   657.9   712.2   781.7   904.8  2190.6 12819.7 31795.8  17134.0    17236
read      448.3   519.7    93.8   182.6   208.4   357.6   433.6   478.3   513.0   562.9   641.1   972.2  1927.0  7046.8 12751.2  82403.3    82183
read      449.9   553.9    93.8   175.6   200.6   373.3   473.7   525.2   564.0   614.0   701.4   921.1  1540.4  5296.6 30526.0  42039.0    42212
read      515.0   692.6   109.4   192.9   224.8   462.5   556.0   608.3   642.9   689.0   745.2   840.0  1530.8 10308.4 31850.3  12261.3    12244
read      535.6   597.4    86.8   201.1   230.0   415.4   531.9   621.4   701.4   808.8   967.8  1224.4  1849.4  6430.3 22850.6  61795.3    61777
read      529.3   652.0    93.8   188.6   217.6   425.4   546.8   632.7   709.2   806.4   930.4  1121.1  1730.7  6690.3 30093.2  36927.7    36984
read      519.0   498.0   101.3   188.8   217.4   449.1   564.7   643.5   709.7   787.1   885.8  1037.9  1457.2  5113.0 22924.5  28877.3    29093
read      517.4   473.3    93.8   189.5   218.5   416.9   539.1   625.3   699.2   797.9   935.4  1154.2  1652.6  4294.1 15683.6  41534.3    41715
read      500.7   479.6    93.8   185.1   212.5   414.3   531.7   610.8   680.1   769.7   889.1  1080.9  1487.8  5615.7 11872.9  34955.3    34838
read      486.9   383.9    93.8   195.3   223.4   396.9   505.5   584.3   646.9   733.9   854.6  1058.2  1530.9  3589.7 12586.5  63659.0    63574
read      489.3   379.6    80.4   183.3   210.7   433.3   541.1   614.1   674.2   741.5   825.2   953.6  1279.3  4908.7 10434.0  24459.7    24401
read      514.2   643.6    93.8   185.2   212.9   430.2   541.8   618.9   686.6   764.9   866.2  1029.8  1457.0  7028.4 31071.7  32155.3    32025
read      461.9   552.3    93.8   199.0   227.2   375.6   443.2   485.2   518.8   565.6   641.4   872.6  1995.9  6515.8 19339.3  98725.7    98971
read      432.9   473.9    93.8   175.9   201.4   397.0   476.8   515.1   545.6   585.2   649.0   777.1  1125.4  6770.5 13390.6  23603.3    23657
read      520.6   406.3    93.8   210.0   238.6   414.1   523.0   606.9   682.6   783.8   918.6  1163.6  1851.9  4865.6  9013.7  68039.3    67877
read      493.1   408.0    93.8   191.3   219.2   397.1   507.0   584.6   651.8   744.0   872.3  1117.0  1668.0  3311.2 11922.8  53879.7    53849
read      396.8   319.3    86.8   177.9   203.2   344.5   418.4   462.4   495.6   537.2   596.1   727.1  1310.7  3718.7  9662.1  79633.7    79536
read      460.6   631.8   101.3   177.4   202.1   410.1   477.3   514.4   546.6   593.9   680.2   819.5  1688.3  6503.3 29169.1  17067.7    17081
read      515.2   539.5    93.8   193.2   221.8   418.3   537.8   618.7   689.9   782.9   904.7  1095.7  1544.2  5879.8 16165.6  39119.3    39024
read      534.4   661.4    86.8   188.8   218.7   444.6   564.1   645.1   714.3   789.0   881.7  1031.9  1676.5  9672.1 30423.6  26157.3    26125
read      517.1   575.8    93.8   186.1   215.4   427.9   542.0   623.9   691.7   778.4   887.2  1052.1  1528.2  7113.8 19997.9  33279.7    33388
read      507.2   579.1    93.8   185.0   213.5   444.3   554.1   625.1   680.2   743.2   822.7   937.4  1260.9  7472.5 30801.1  20971.3    20979
read      482.2   617.8    86.8   194.9   223.8   376.6   447.8   491.5   528.9   580.7   677.9  1014.5  2559.5  8551.8 15937.4  96094.7    95865
read      407.5   365.6    86.8   176.5   201.9   352.2   430.2   475.7   509.6   552.6   617.9   768.7  1341.5  3691.0 12537.0  73959.3    73949
read      495.7   489.3    93.8   193.0   221.5   396.5   503.4   581.5   649.5   736.4   864.2  1078.3  1679.5  5584.1 15806.6  61027.3    60987
read      511.1   512.8   101.3   190.5   218.2   400.2   517.1   603.8   681.1   784.0   930.1  1163.7  1747.2  5643.3 18367.9  54337.3    54175
read      495.1   505.3    93.8   189.4   216.9   403.9   515.9   592.4   658.1   745.0   861.1  1061.4  1532.5  5783.8 17372.6  51530.3    51484
read      536.6   755.0    93.8   186.2   214.5   417.4   539.1   623.2   700.7   797.4   926.8  1138.4  1849.0  9277.9 29681.7  39807.7    39771
read      500.1   474.3    86.8   183.2   210.5   419.7   538.4   619.3   686.4   764.3   868.3  1037.4  1461.0  5729.5 16053.5  32996.7    32864
read      526.4   545.0    86.8   189.3   218.4   418.9   541.0   628.1   700.7   798.1   937.0  1157.1  1924.0  5106.4 21849.7  42323.7    42033
read      505.0   575.4    93.8   184.2   212.1   406.6   523.2   601.9   670.8   759.8   879.5  1074.4  1558.3  7140.5 25756.4  43768.0    43808
read      507.0   486.8    80.4   187.7   215.1   399.9   516.6   597.1   672.5   777.4   924.2  1176.5  1676.7  5422.3 13019.3  45665.3    45785
read      514.7   500.3    93.8   185.9   214.5   417.5   538.2   625.5   703.9   806.5   948.9  1133.5  1553.8  4650.5 21124.1  35389.3    35582
read      511.1   722.4    93.8   182.7   211.0   408.0   521.7   604.1   674.0   756.9   870.7  1043.9  1506.2  9390.2 31365.4  38607.0    38504
read      533.8   930.8   101.3   184.0   214.8   452.3   556.9   616.8   660.0   714.6   787.2   898.5  1682.8  9203.8 35789.9  15276.0    15320
read      432.8   420.3    86.8   181.7   207.9   359.6   441.5   490.1   530.0   582.7   667.4   889.5  1613.2  5016.3 14831.8  74030.0    74264
read      422.6   365.3    86.8   174.3   198.5   363.3   456.9   506.9   543.5   589.8   666.8   838.8  1335.5  4221.8 12169.6  44131.7    43890
read      573.3  1725.6   109.4   198.9   233.0   405.7   466.3   496.4   518.9   547.0   593.9   689.2  5445.6 31581.6 37423.1   6086.7     5962
read      522.1   540.3    93.8   185.2   212.7   410.8   530.2   616.8   697.4   812.2   962.8  1203.4  1716.2  6249.4 19345.1  38386.0    38365
read      516.1   477.3    93.8   191.4   219.6   395.9   509.5   594.2   670.4   789.1   967.2  1248.6  1876.2  4341.4 15922.3  55773.0    55971
read      531.9   741.6    93.8   182.8   211.5   443.4   553.6   633.6   700.9   772.9   860.2   995.3  1701.9 12015.9 30127.6  23211.3    23217
read      466.1   538.9    86.8   185.7   212.7   365.7   441.3   488.7   527.3   582.8   692.0  1092.5  2028.8  6340.2 15424.4  87369.3    87681
read      374.7   305.3    86.8   182.2   206.5   339.0   404.0   442.0   469.1   502.4   546.0   624.6   916.3  3833.3 13143.2  91660.3    91728
read      384.1   401.2    86.8   183.5   209.1   345.8   410.3   447.8   473.9   506.4   552.3   636.2   931.3  4597.2 16262.8  96728.3    96668
read      436.5   425.3    86.8   179.3   205.3   352.1   426.1   471.1   508.2   558.0   640.2   958.4  1986.3  5123.1 12306.0  80330.0    80475
read      412.7   338.4    86.8   175.2   199.3   381.4   473.7   512.6   540.4   572.5   614.3   688.2  1044.3  3479.0 16100.3  27136.7    27150
read      519.7   458.6    93.8   194.3   223.6   404.8   522.4   606.8   685.7   797.4   962.1  1218.5  1804.7  4363.1 15293.6  53505.7    53444
read      526.2   713.8    93.8   186.4   215.0   438.9   549.0   625.1   686.7   750.9   838.3   976.5  1931.7 10300.1 30416.0  23751.3    23737
read      431.1   464.2    86.8   181.9   207.6   347.0   416.4   458.3   491.3   536.0   611.6   939.9  1841.7  5749.4 12302.8  87766.7    87776
read      441.8   588.7    93.8   184.3   210.1   357.6   430.6   473.8   507.6   552.3   626.5   854.9  1943.3  6416.2 28813.7  82223.0    82175
read      371.1   416.6    86.8   180.0   203.9   328.1   388.0   423.8   450.4   482.4   527.5   609.6  1023.4  5140.9 14483.0  98549.0    98548
read      462.1   507.7    93.8   178.8   205.6   382.7   483.4   539.8   584.1   652.5   785.6  1002.6  1414.2  6069.7 19495.7  37725.0    37704
read      519.4   442.0    93.8   204.8   233.2   412.8   524.3   607.7   683.4   780.0   922.7  1173.2  1794.4  4487.9 14370.9  64959.7    64701
read      515.2   399.8    93.8   204.6   232.6   410.7   522.9   607.9   685.5   784.9   930.5  1167.8  1732.0  3694.2 11991.3  69101.0    69089
read      447.7   598.6    93.8   187.9   213.5   359.3   429.0   470.0   503.6   546.0   612.0   777.9  2200.1  8357.4 15692.5  89725.0    89785
read      418.2   491.1   101.3   176.8   200.9   398.7   457.7   484.9   504.0   530.7   568.2   642.6  1419.9  5281.2 16226.1  16910.7    16676
read      373.6   279.1    86.8   179.3   204.3   340.4   411.7   453.1   482.0   516.8   562.4   636.8   870.0  2491.5 10478.6  69665.7    69604
read      364.5   211.1    86.8   186.2   210.4   332.6   389.8   424.0   449.9   481.2   526.2   606.1   986.9  2781.3  6727.6  99484.0    99682
read      447.6   527.0    86.8   195.0   223.8   380.0   452.2   495.3   529.3   574.3   641.8   794.7  1659.8  8152.9 21799.1  98034.3    97693
read      491.6   681.7    93.8   179.4   206.8   436.3   514.8   565.1   605.2   659.9   742.9   891.5  1598.2  7904.0 32386.3  17430.0    17381
read      539.3   724.4    86.8   188.8   217.2   425.2   544.1   627.9   706.3   807.5   944.4  1164.4  1833.1  8048.1 31685.2  40032.3    40069
read      506.4   945.5    86.8   189.9   223.8   436.5   506.5   545.8   576.6   614.2   665.7   768.3  2195.5 10803.7 36068.5   8862.0     8841
read      549.6   696.6    93.8   199.1   228.4   424.2   542.7   628.3   705.8   805.3   946.8  1187.7  2035.6  8392.7 31245.9  56325.3    56576
read      549.3   842.4    86.8   184.4   213.2   456.8   569.3   647.9   710.6   785.1   875.0  1031.9  1625.5 12229.8 31926.7  21547.7    21599
read      578.5   803.5    93.8   201.7   232.4   433.6   560.1   653.7   738.6   854.5  1022.1  1301.7  2125.7 11864.6 31450.5  53008.7    53003
read      547.9   874.7   101.3   182.5   209.8   448.6   557.4   637.5   709.0   791.4   888.2  1029.6  2321.5  8605.9 32110.9  19819.0    19831
read      475.1   718.1    93.8   183.9   211.2   372.7   450.4   495.4   530.4   575.9   647.3   889.8  2714.4  9794.0 30088.2  80281.0    80340
read      459.7   497.8    93.8   174.8   200.0   406.2   499.4   546.6   585.1   636.4   726.7   907.6  1360.6  6918.4 15407.1  28602.3    28765
read      512.0   471.5    93.8   184.0   211.6   438.8   546.7   626.8   698.0   785.0   908.0  1069.0  1425.2  5668.1 15868.4  25556.3    25572
read      543.9   609.2    86.8   190.2   219.6   431.5   549.6   635.1   709.4   803.8   938.2  1156.5  2352.3  7405.4 20339.4  37109.0    37071
read      461.5   489.3    86.8   180.9   207.7   362.9   441.0   488.5   528.2   583.7   692.4  1151.9  2029.2  5384.5 12500.9  75782.0    75819
read      426.5   406.6    86.8   177.5   202.2   371.0   466.2   516.7   552.3   597.0   666.0   825.5  1227.9  3710.3 15408.0  44308.0    44359
read      498.4   679.1    93.8   200.1   230.4   390.0   464.0   510.6   547.8   602.8   698.1  1067.0  2078.2  8786.6 21479.4  96000.7    95960
read      420.8   367.5    86.8   177.3   202.7   357.0   441.9   491.1   529.0   575.7   644.6   815.0  1549.8  4051.2  9582.5  59609.3    59630
read      532.9   568.9   101.3   190.8   218.5   398.9   518.9   606.0   691.3   815.8  1017.9  1354.4  1982.6  4980.1 24935.3  47699.0    47930
read      524.7   482.1    86.8   204.4   232.7   413.4   526.2   615.9   696.4   800.4   951.5  1205.1  1774.8  4523.9 15144.5  65567.3    65545
read      427.5   600.7    86.8   187.9   213.2   351.7   417.6   456.9   487.6   528.0   588.2   741.2  1723.4  8530.3 25551.3  94265.7    94038
read      440.2   363.2    86.8   177.0   202.8   367.9   462.6   515.8   557.6   611.9   706.4   928.8  1592.8  4480.5  8215.6  51767.3    51806
read      498.3   414.8    93.8   190.8   220.2   412.0   523.1   600.2   668.8   754.8   875.0  1078.9  1528.6  3791.2 12420.8  48624.3    48712
read      518.7   869.3   101.3   182.5   213.5   449.7   540.0   592.1   630.0   678.0   740.9   856.1  1953.8  7910.1 32322.3  13073.3    13115
read      451.3   590.8    93.8   179.8   206.0   357.4   434.4   480.3   517.2   569.3   665.1  1016.3  2020.7  5776.2 30462.7  76564.0    76569
read      431.1   507.3    93.8   175.7   199.7   410.4   477.2   509.0   537.4   577.4   645.5   765.7  1014.4  4826.7 30521.7  19394.3    19372
read      564.5   675.4    93.8   200.0   229.3   418.1   539.6   635.8   723.6   845.0  1026.1  1356.0  2203.0  9530.0 21543.3  59352.0    59331
read      455.6   482.4    93.8   179.3   206.3   371.9   460.6   510.3   551.4   609.8   713.2   994.5  1860.8  4800.6 15094.6  62678.3    62597
read      444.3   446.4    93.8   173.7   200.3   383.9   479.4   526.4   562.1   610.3   692.5   885.2  1443.5  4732.4 16107.0  37569.7    37702
read      525.1   531.5    93.8   183.8   211.4   407.5   530.6   614.8   694.9   818.5   997.5  1267.6  1809.1  5099.7 19316.1  41846.7    41975
read      542.1   541.5    93.8   190.0   219.4   461.4   577.4   657.3   720.1   799.1   908.2  1077.1  1892.9  6848.2 15274.7  26086.7    26100
read      413.5   451.3    86.8   181.2   205.8   342.4   414.0   456.7   489.2   531.2   591.4   750.2  1851.0  5526.0 14044.0  82482.7    82500
read      451.8   456.4    86.8   179.9   206.7   372.6   467.8   522.4   564.0   618.8   713.8   953.9  1602.3  5368.7 11694.0  50997.3    50756
read      519.8   582.1    93.8   191.5   220.7   397.6   496.2   567.1   631.7   739.4   929.7  1257.9  2172.2  5534.7 23828.0  66814.0    66696
read      386.3   277.0    93.8   172.8   196.4   346.8   431.8   475.6   507.1   544.2   588.9   662.3   980.6  3766.7  8117.7  53452.0    53364
read      503.7  1095.2   101.3   183.6   212.6   429.9   501.4   539.3   567.6   600.6   641.1   723.2  1713.9 15891.8 32257.6  10341.3    10413
read      553.3   831.7    93.8   200.3   228.0   406.0   518.5   605.0   686.5   799.4   960.0  1253.6  2145.3 11995.7 31958.2  64657.7    64876
read      372.6   338.4    86.8   170.4   194.2   333.2   404.3   444.7   472.5   508.3   553.8   628.0   989.1  3669.7 10998.5  69114.3    69079
read      476.1   703.6    93.8   175.4   201.5   417.7   489.6   531.9   569.3   624.9   717.5   877.2  1670.8 10692.4 31459.6  19536.0    19447
read      479.8   661.7    93.8   181.5   209.5   367.5   444.0   488.9   525.4   575.6   676.0  1291.7  2200.4  6839.8 28202.2  81433.3    81182
read      423.9   423.5    93.8   171.9   196.1   393.7   468.7   506.7   535.9   573.0   633.1   758.9  1093.6  5493.2 11495.1  25237.7    25265
read      528.6  1195.1   101.3   186.0   217.1   441.0   515.5   555.9   588.7   629.1   688.4   797.3  1630.9 22024.8 36766.7   9711.7     9699
read      548.6   775.9    86.8   183.8   211.2   394.7   512.7   604.5   693.1   823.6  1012.6  1308.6  2036.4 10457.1 30576.8  48361.3    48659
read      408.5   401.5    86.8   174.0   198.4   340.9   412.8   454.9   487.3   528.4   588.4   798.1  1739.6  4531.3 11160.4  75354.0    75126
read      372.3   424.2    86.8   179.5   204.0   336.0   398.4   434.0   459.6   490.9   533.2   603.4   858.3  4465.6 17407.0  96372.3    96559
read      490.0   478.8    86.8   187.3   214.9   386.7   491.8   562.9   626.4   722.4   864.8  1129.3  1739.6  4324.6 18745.9  56080.7    55885
read      516.5   860.3   101.3   189.6   223.4   449.7   519.1   558.9   587.9   626.3   677.4   769.5  2314.3 10857.6 31871.3   9034.3     9039
read      425.5   435.1    86.8   174.5   199.6   351.2   430.5   474.9   511.5   559.1   632.9   877.2  1734.7  5787.5 11992.8  65961.7    66378
read      445.7   411.4    86.8   175.2   200.8   380.9   477.5   528.2   565.7   615.4   698.7   904.1  1442.0  5316.0 11319.3  41481.3    41225
read      513.1   507.6    93.8   192.6   221.0   397.7   513.1   596.7   674.5   789.6   959.7  1235.6  1724.6  4521.6 20061.4  52389.3    52371
read      532.7   673.2    93.8   184.5   211.8   408.0   524.1   605.8   683.3   794.7   956.1  1207.2  2201.2  8101.8 30637.9  39871.0    39873
read      528.2   663.6    93.8   186.1   214.2   413.4   529.9   610.5   686.8   795.0   949.2  1193.4  1743.3  7864.8 30865.3  41314.7    41176
read      476.2   564.1    86.8   183.4   210.6   364.7   438.5   484.2   521.8   576.8   702.8  1381.2  2129.0  7367.6 15633.6  85469.7    85357
read      402.8   428.5    80.4   175.1   199.1   339.4   408.1   448.0   477.9   515.9   572.4   721.5  1718.8  5372.3 12792.2  85070.0    85391
read      427.2   584.3    93.8   180.2   205.7   347.6   414.2   453.5   484.2   525.2   588.1   792.6  1795.5  8490.8 28660.6  91879.3    91890
read      423.3   426.1    86.8   175.0   199.9   353.5   438.1   486.8   525.2   575.5   657.4   893.7  1474.0  4552.7 12617.0  57497.7    57558
read      564.2  1557.3   101.3   187.3   218.3   439.8   512.7   553.1   583.7   625.1   680.0   772.3  2795.1 30323.6 47793.7   9987.0     9972
read      551.5   573.0    86.8   204.0   232.9   412.1   520.5   609.4   699.2   825.5  1013.9  1375.5  2232.8  5576.0 19459.8  74706.0    74636
read      384.8   264.0    86.8   170.3   194.1   360.2   442.6   477.8   502.2   530.3   566.4   633.8   935.0  3221.2  7904.5  29820.3    29773
read      462.6   394.5    86.8   187.7   214.0   380.6   474.4   538.1   589.3   665.5   786.1  1024.4  1572.1  4118.7 12772.4  63498.0    63494
read      493.6   982.2   101.3   195.1   226.1   408.8   465.6   498.0   522.8   552.6   598.5   703.4  2974.0 16557.9 30775.2   7259.7     7201
read      553.4   797.7    86.8   189.2   217.8   402.1   518.1   607.3   696.0   830.9  1014.4  1302.2  2074.8 10085.7 31036.8  49304.7    49507
read      523.2   551.9    93.8   196.1   224.9   402.7   508.6   589.5   666.4   777.8   949.2  1223.3  1934.4  6231.3 19783.3  65642.0    65454
read      368.4   315.7    86.8   174.0   197.0   331.9   399.8   439.1   467.3   500.9   545.8   625.2   927.7  3246.3 12363.4  88215.7    88537
read      481.9   494.3    93.8   181.3   207.8   397.4   499.1   563.5   617.7   700.5   833.3  1051.1  1597.6  5343.0 15748.2  37219.3    36982
read      484.3   606.2    86.8   191.8   219.3   368.2   441.2   488.9   529.7   587.9   721.1  1307.4  2184.6  8404.0 18231.9  88841.3    88964
read      391.0   411.6    93.8   187.9   213.0   348.2   413.3   451.6   479.8   514.9   565.3   658.0   991.4  4656.0 16082.5  96529.3    96479
read      499.8   469.1    93.8   189.7   216.4   394.8   507.6   583.7   648.2   744.3   900.5  1156.1  1753.0  5153.0 13763.3  47865.7    47883
read      504.6   501.4    93.8   191.4   219.8   409.2   524.0   602.7   673.4   761.5   886.0  1093.5  1576.5  6618.5 13331.7  50607.7    50650
read      450.4   516.3    86.8   185.6   213.1   360.7   433.0   478.1   515.7   568.8   659.4   994.8  1857.7  6849.2 13676.2  89495.3    89242
read      456.9   980.2   101.3   187.7   221.8   386.5   433.9   460.9   481.0   506.0   544.6   626.6  1740.2 12120.6 36691.1   7385.3     7374
read      566.7  1602.4   101.3   191.1   223.2   423.7   486.4   523.4   548.4   583.0   629.9   723.3  3968.2 31136.2 36491.4   8569.3     8507
read      522.2   641.7    93.8   188.9   217.5   401.4   519.7   608.3   688.8   793.4   936.8  1159.2  1734.8  8087.1 30602.7  50512.3    50676
read      519.9   582.1    93.8   193.2   221.7   405.6   518.0   605.8   682.3   785.9   936.4  1188.1  1745.6  7214.6 19605.9  57010.0    57069
read      510.3   511.6    86.8   184.4   210.3   392.0   508.9   587.9   667.2   791.1   980.2  1241.5  1712.4  6522.3 16464.6  43680.0    43520
read      479.7   363.8    93.8   190.1   218.4   394.0   501.8   576.5   639.8   730.0   852.2  1056.3  1501.3  3039.2 12926.5  56598.0    56720
read      497.1   471.6    86.8   193.5   222.7   393.7   490.7   560.2   622.1   719.0   879.4  1146.7  1819.4  5008.7 15573.8  68223.7    68155
read      380.2   376.7    86.8   169.4   192.1   338.4   417.3   459.9   490.1   525.9   571.8   643.9   984.3  3887.7 16239.5  60594.3    60444
read      530.9   537.4    86.8   195.6   224.8   404.3   519.9   606.8   688.6   806.5   986.1  1285.8  1963.7  4633.5 19594.4  63853.7    63997
read      486.1   601.8    93.8   179.6   208.6   428.6   526.6   585.2   630.1   683.9   745.6   855.8  1536.6  6297.9 30975.6  17380.0    17315
read      403.8   419.8    80.4   172.5   197.0   337.0   409.3   452.2   485.1   527.1   591.1   786.3  1625.5  4484.3 13867.0  78476.7    78596
read      530.5   711.7    86.8   189.3   219.0   383.4   464.4   519.7   569.8   652.3   895.7  1504.3  2762.2  8630.0 25422.0  81508.0    81548
read      384.8   394.1    93.8   183.3   208.0   341.2   404.0   440.8   467.5   502.6   548.7   636.5  1202.8  4380.4 14710.7  97355.3    97254
read      458.0   501.1    86.8   175.5   202.1   376.1   471.8   528.5   573.2   633.1   744.0   977.4  1625.9  5259.1 19562.4  46148.0    46135
read      503.6   912.1    86.8   178.2   207.0   422.0   508.5   557.1   595.4   646.0   716.5   829.9  1985.8 14222.0 31998.4  13518.0    13379
read      509.8   610.5    93.8   185.8   213.8   397.2   508.0   589.9   660.2   756.1   903.4  1149.5  1752.8  7659.6 31163.2  46947.3    46993
read      476.9   730.7    86.8   197.3   226.5   385.3   457.7   500.9   535.6   582.0   652.4   808.6  2086.2  8811.7 30967.7  98502.0    98274
read      368.7   266.6    80.4   178.8   203.3   335.3   398.7   434.9   462.4   495.5   539.8   619.2   903.5  3266.7  8032.7  97061.7    97056
read      518.1   669.8    93.8   186.0   213.5   397.8   509.1   586.2   656.4   766.6   930.8  1180.5  1790.9  9379.5 30330.5  43387.7    43434
read      524.0   579.4    93.8   188.4   215.4   408.1   527.6   611.8   691.9   809.8   974.2  1221.4  1688.2  7561.7 18979.5  36662.3    36406
read      444.9   566.3    86.8   188.8   215.7   361.1   430.5   472.2   506.0   550.2   627.8   845.1  1858.5  8370.1 15864.0  98989.0    99121
read      436.5   581.9    86.8   178.7   204.3   350.5   423.4   466.0   500.1   544.4   618.5   874.7  1958.8  6691.2 25344.6  80772.0    80708
read      385.8   374.5    86.8   170.2   193.4   351.0   438.2   477.5   506.5   538.6   577.9   640.2   911.6  3713.8 12899.6  40339.3    40517
read      549.0   889.8    93.8   182.6   209.4   404.9   510.4   580.3   642.7   752.9   925.4  1184.6  3109.7 10932.1 31857.8  34185.7    34168
read      509.5   947.8    93.8   184.3   214.4   432.9   510.8   549.8   580.6   618.6   670.3   765.8  2145.2 11338.8 31811.4  11834.3    11754
read      448.1   674.9    86.8   185.9   212.5   359.2   427.7   467.9   500.7   544.2   616.6   847.0  1954.3  8493.2 30942.9  93449.0    93304
read      434.3   495.4    86.8   177.0   202.9   358.7   442.6   492.2   531.7   582.3   671.0   907.8  1669.5  5328.4 13597.9  64531.3    64697
read      422.1   534.3    86.8   186.2   212.5   358.3   427.0   465.9   496.9   536.5   592.1   729.4  1646.1  8196.1 19022.7  92838.0    92626
read      453.6   494.8    86.8   183.8   210.1   365.3   444.3   492.1   531.3   586.7   686.8  1022.4  1894.7  5858.4 12857.6  75881.7    75618
read      367.7   253.9    86.8   177.2   201.1   335.3   401.8   438.8   466.2   499.4   542.4   617.1   883.9  3126.9  9068.7  85684.0    85805
read      504.1   783.4    93.8   182.2   209.4   428.7   511.4   569.4   613.6   673.7   750.8   893.1  2542.0  9385.2 32184.4  18975.3    18930
read      527.8   683.2    93.8   190.3   218.7   403.2   515.6   597.0   672.9   769.1   907.8  1156.2  2008.1  9605.7 30298.7  50029.7    50153
read      480.1   723.4   109.4   185.4   215.5   425.0   493.4   532.5   561.1   593.8   645.1   739.5  1463.9 10452.6 30652.3  10360.0    10377
read      540.6   694.4    93.8   187.8   214.7   420.8   539.1   625.5   712.9   841.3   989.7  1188.6  1675.3  7812.5 32076.4  33098.3    33112
read      517.3   592.1   101.3   185.0   212.4   423.2   537.0   621.7   700.6   797.7   916.2  1069.7  1451.3  7474.9 28298.5  28762.0    28777
read      499.2   436.8    86.8   181.9   207.0   366.5   476.8   556.7   631.9   784.8  1043.7  1379.6  1800.4  2990.7 12594.1  45694.0    45709
read      423.5   326.9    93.8   179.9   205.8   358.4   437.5   485.0   522.9   572.7   653.8   874.0  1642.0  3557.7 10581.7  74616.0    74458
read      425.7   364.6    86.8   182.2   208.5   362.2   442.4   491.7   530.6   581.5   666.6   864.4  1473.9  3982.2 12514.6  73655.7    73596
read      415.7   475.0    93.8   170.9   194.6   376.5   458.0   493.8   518.5   546.3   586.2   668.6  1272.3  7395.8 12476.0  27930.3    28031
read      405.6   353.9    86.8   178.7   203.0   357.5   441.7   488.7   523.5   564.3   616.7   715.4  1144.1  3720.8 12210.5  45448.7    45754
read      372.2   211.5    86.8   185.3   209.2   339.8   405.0   443.6   471.9   508.5   558.8   641.1   925.6  1914.6  7834.6  80308.7    80138
read      382.8   295.2    86.8   179.4   204.1   348.2   422.9   463.8   495.3   531.9   578.1   656.9   893.9  3799.7  9104.2  64404.3    64350
read      401.3   294.4    86.8   182.9   207.8   365.5   449.0   493.5   526.1   565.2   615.5   696.9   964.6  2198.0 10310.4  51933.0    51870
read      364.5   255.2    93.8   178.9   202.5   330.9   398.2   436.4   465.9   501.8   547.7   629.6   856.8  1909.7 10671.7  81145.0    81106
read      355.4   204.3    80.4   176.4   198.7   323.5   388.9   427.3   456.0   490.7   536.9   615.1   844.9  1726.8  7054.9  81956.0    82064
read      394.2   326.1    93.8   175.5   198.3   365.4   453.9   495.1   522.1   550.2   590.8   660.3   869.6  3298.4 12799.4  30317.3    30534
read      398.2   385.4    93.8   175.7   199.5   372.0   454.6   493.2   519.0   546.1   584.6   649.8   917.3  4652.7 14334.3  25516.0    25449
read      364.6   252.8    86.8   176.4   199.6   329.5   399.7   441.5   471.4   508.4   555.2   633.5   864.4  1653.6 12021.3  67397.0    67525
read      413.0   376.5    93.8   175.7   199.8   384.9   466.4   506.1   533.9   566.7   612.2   690.9   956.4  4968.6 12719.7  26833.3    27070
read      393.8   274.8    86.8   181.1   204.9   356.7   442.5   490.0   523.8   563.2   615.6   700.5   921.8  2328.1  8098.4  41125.7    41133
read      394.4   252.4    93.8   174.8   197.8   372.7   457.4   497.2   524.6   555.1   594.0   667.1   865.1  3040.6  8036.6  27800.7    28009
read      376.4   224.1    80.4   177.4   201.7   340.9   416.4   458.3   489.5   527.6   577.9   663.7   916.1  1999.2  7909.1  63989.0    64235
read      402.9   253.0    93.8   178.7   202.8   411.2   467.1   495.2   514.4   538.4   571.4   629.7   805.5  2694.1  8155.4  16416.7    16387
read      390.7   295.4    86.8   179.6   205.3   356.8   434.1   475.8   505.8   541.6   589.0   673.9   938.1  2787.0 10569.8  62046.0    62388
read      410.4   294.3    93.8   185.3   211.4   378.7   460.5   504.5   535.9   572.4   619.3   696.5   983.3  3497.0  8781.6  40177.0    40199
read      412.4   276.5    93.8   183.1   208.7   415.9   471.1   500.5   521.4   544.8   579.7   643.1   862.7  3968.2 12141.7  16819.7    16884
read      400.9   306.6    80.4   182.8   208.8   367.9   448.0   490.8   522.6   560.0   609.7   689.2   936.7  2906.8  9377.3  55508.3    55763
read      408.6   255.8    86.8   183.8   210.3   379.1   463.4   508.3   540.3   577.7   624.9   703.8   928.6  2074.8 10709.5  42201.7    41925
read      402.3   251.3    86.8   181.1   206.5   375.1   459.7   503.8   534.8   570.4   614.7   685.7   905.8  2226.7  8637.9  42340.3    42341
read      359.1   192.2    86.8   187.4   211.2   334.9   393.3   426.9   452.2   482.7   524.9   593.3   804.0  1330.9  5525.9  93551.7    93577
read      426.6   644.2   109.4   199.7   235.9   401.7   440.3   459.3   471.1   491.4   515.9   577.6   932.4  8676.1 31135.8   7684.0     7657
read      424.3   317.2   101.3   189.4   220.6   419.8   474.0   504.8   527.4   551.4   588.5   651.0   846.5  4201.5 13177.2  14136.7    14232
read      411.7   266.2    93.8   179.9   208.1   394.6   470.5   508.4   536.3   569.2   612.2   683.9   911.4  2471.8 12505.9  29996.3    30107
read      367.5   224.9    86.8   177.7   201.5   335.2   403.8   444.0   473.0   509.8   559.0   635.2   872.6  2013.9  5966.6  71076.7    71078
read      354.4   192.5    86.8   178.2   201.9   325.8   389.6   426.7   454.3   488.0   533.9   606.0   811.9  1347.0  5739.9  85158.3    85372
read      464.9   409.1    93.8   188.2   214.0   377.2   476.0   541.2   594.3   670.0   790.6  1015.0  1609.2  3406.2 15738.6  54803.7    54930
read      471.4   864.5   118.1   203.9   244.0   404.9   456.5   486.8   507.2   537.1   578.3   656.4  2161.8 10558.1 31692.8   5752.0     5750
read      538.5   672.2    86.8   202.9   231.5   387.6   477.3   546.7   615.6   725.8   918.4  1292.7  3018.9  7182.5 24556.1  79871.0    80137
read      487.7   419.7    93.8   182.8   209.1   401.5   514.2   585.8   648.7   737.1   858.5  1039.4  1552.9  5114.1  9233.6  41595.3    41449
read      493.3   446.5    93.8   186.3   212.3   449.2   542.2   600.8   650.8   707.4   778.6   892.1  1252.5  6797.9 12625.5  17378.7    17301
read      495.9   486.5    93.8   183.0   210.3   444.3   539.1   602.3   654.6   714.8   793.6   921.5  1361.0  5797.3 16934.7  19930.0    19930
read      515.7   465.1    93.8   187.7   215.1   405.5   526.0   609.3   682.4   785.1   924.1  1147.2  2175.4  5224.9 12514.4  41724.3    41776
read      538.1  1375.2   101.3   193.6   225.8   427.8   493.7   531.6   559.6   597.9   651.3   731.8  2622.1 30503.5 33447.4   8602.7     8596
read      509.3   454.2    93.8   186.6   213.9   430.7   546.0   623.8   687.8   777.1   893.3  1050.1  1467.4  6477.5 12521.5  30788.3    30870
read      522.8   606.3    93.8   198.3   226.8   392.1   488.1   558.5   624.8   727.6   895.3  1225.6  2812.8  6867.5 25164.8  70172.0    69978
read      486.8   374.5    93.8   181.2   209.5   445.2   542.8   607.7   661.1   725.3   807.0   925.1  1200.0  3789.4 12691.7  23904.7    23908
read      503.3   666.8   101.3   190.2   223.2   453.9   523.2   565.6   597.4   636.0   691.1   794.3  2087.9  6203.2 31334.8   9874.3     9848
read      554.0   621.2    93.8   204.0   233.9   406.7   507.5   587.0   661.8   775.9   959.8  1367.8  2916.0  6883.4 16785.7  71385.7    71598
read      533.1   670.8    93.8   200.5   229.3   393.9   484.8   552.4   617.3   720.3   902.1  1275.4  2868.3  7391.4 30347.1  77231.3    77156
read      483.5   626.2   101.3   182.9   211.0   437.8   516.3   567.6   605.1   652.2   717.3   817.7  1211.0  7741.7 31227.4  14098.7    14083
read      564.7   886.5    86.8   209.1   239.6   395.1   476.2   535.4   591.2   685.4   877.4  1348.7  3713.5  9230.8 31701.9  87705.7    87786
read      503.6   434.6   101.3   188.5   216.2   393.2   501.5   579.8   647.6   748.5   902.6  1156.8  2020.3  5042.4 11898.0  57356.7    57205
read      507.0   508.6    93.8   187.5   214.9   387.4   495.5   574.5   641.9   740.2   898.2  1179.1  2733.4  5535.3 15320.3  53136.0    53142
read      545.3   746.3    86.8   202.0   230.8   394.4   485.0   549.9   611.9   714.0   903.8  1282.6  3104.9  7577.1 30772.4  77561.3    77998
read      514.0   864.9    93.8   209.5   239.3   390.3   459.9   503.9   540.0   589.2   673.8   935.1  3295.6  8897.9 32393.3  98873.7    98830
read      507.2   550.2    93.8   183.0   210.9   420.1   536.4   605.6   665.0   749.7   863.4  1025.8  1691.7  7338.7 27981.1  32610.3    32447
read      525.7   651.8    93.8   197.1   226.0   392.5   488.4   557.9   625.6   727.0   886.7  1180.2  2868.2  7316.3 22569.4  74216.3    74382
read      498.7   448.9    86.8   184.6   210.8   422.0   536.1   609.1   671.7   752.4   872.3  1030.9  1458.6  4461.1 15601.6  32214.7    32271
read      522.3   794.6    86.8   190.4   218.2   392.0   499.3   575.9   640.5   733.5   873.7  1122.3  2748.0  8631.5 31690.6  55373.7    55273
read      513.6   551.3    86.8   194.0   221.7   386.7   484.3   560.7   633.6   743.3   913.5  1191.1  2730.1  6037.9 19105.6  68031.7    68152
read      504.2   491.0   101.3   180.9   208.7   433.6   543.1   615.2   678.1   752.0   858.3   998.1  1462.7  5603.9 20645.7  25447.7    25419
read      516.3   644.8    93.8   184.0   212.6   401.5   519.4   593.3   664.5   758.3   901.9  1130.2  1905.8  8623.5 30797.0  43016.3    43187
read      513.6   463.0    93.8   195.4   223.1   397.0   502.8   580.5   650.4   759.4   923.4  1206.6  2092.7  5077.4 11894.8  60538.0    60608
read      502.4   457.2    86.8   191.7   220.2   392.8   495.2   571.0   640.7   741.6   894.5  1139.9  2000.1  5442.0 12005.3  62367.3    62150
read      515.3   645.6    86.8   182.4   209.6   421.3   530.5   605.1   672.1   754.3   869.5  1032.2  1878.0  9165.9 30811.3  30810.3    30864
read      499.7   554.6    93.8   193.1   221.5   383.6   477.7   546.3   607.6   698.0   843.5  1104.0  2761.9  6448.1 18076.9  69740.7    69566
read      501.9   484.1    86.8   183.8   211.1   412.8   528.7   599.7   662.6   745.0   871.9  1048.0  1745.4  6166.4 13368.8  38310.7    38183
read      507.3   493.5    93.8   186.4   213.1   392.2   500.1   576.5   644.3   738.1   896.6  1146.2  2685.7  5469.6 12358.3  51103.0    51253
read      507.6   547.3    93.8   186.6   214.3   392.5   499.3   572.6   639.2   734.6   884.8  1145.6  2601.4  5976.4 15952.8  52990.0    53027
read      494.9   518.0    80.4   185.7   211.5   411.1   523.9   593.0   655.6   738.2   859.1  1030.1  1482.8  6370.1 19886.5  37346.3    37133
read      554.4   702.9    93.8   202.8   232.3   398.3   497.3   571.6   642.5   759.7   965.9  1348.7  3028.7  7231.4 28181.8  73555.0    73413
read      568.3   858.7    93.8   208.2   239.9   406.0   497.4   562.4   621.2   716.1   887.6  1338.8  3419.2  8768.7 32129.2  78638.3    78811
read      513.0   829.8    86.8   201.3   229.3   378.8   450.4   497.3   536.9   593.0   704.4  1058.7  3373.4  8312.1 31522.9  88487.7    88317
read      523.3   549.8    86.8   190.3   218.7   405.6   521.2   598.4   668.3   765.9   918.0  1171.6  2679.2  6105.6 20444.8  46778.7    46504
read      534.0   742.5    93.8   193.0   220.8   403.6   518.8   597.0   667.3   770.9   926.1  1169.2  2575.9 10389.8 31041.1  46166.0    46147
read      488.0   415.8    93.8   185.1   211.1   407.0   525.1   597.1   660.3   742.4   865.1  1025.4  1402.9  4956.5 14477.1  35268.7    35073
read      509.6   641.6    93.8   181.9   208.2   446.1   540.5   603.6   653.9   715.0   796.8   922.8  1468.3  9100.2 26212.6  18729.0    18693
read      520.1   568.1    93.8   188.1   215.3   399.3   510.8   590.5   662.1   762.1   920.3  1176.5  2719.6  6718.3 15856.2  46870.3    46834
read      539.7   710.2    93.8   199.9   229.5   393.5   480.7   546.2   610.3   711.4   909.5  1319.8  2903.6  8169.9 29259.8  76389.7    76427
read      513.7   830.0    93.8   205.7   234.2   378.3   444.4   488.7   526.5   580.6   688.3  1079.2  3369.2  8618.7 31682.0  95932.0    96007
read      560.9   832.6    86.8   207.4   236.6   390.8   469.8   527.2   580.1   669.3   878.9  1474.3  3667.7  8251.1 30840.3  83550.3    83666
read      526.0   572.0    86.8   196.0   225.3   398.4   502.9   580.7   654.8   762.9   918.6  1210.7  2521.2  7207.0 15309.5  64589.3    64655
read      497.4   548.4    93.8   185.7   212.2   383.2   486.3   559.3   622.7   712.2   852.4  1097.7  2676.4  6173.5 16136.1  54079.7    54099
read      453.0  1028.5   109.4   199.2   238.8   386.7   433.7   461.4   482.1   506.8   542.8   614.7  1456.1 10764.0 32165.5   5459.0     5485
read      511.3   913.3    86.8   199.5   227.9   377.6   447.5   491.4   527.6   579.1   674.8  1013.6  3534.6  9358.7 32943.5  93981.3    94089
read      437.3   418.9    86.8   184.2   209.9   365.2   449.8   502.1   543.2   595.4   680.9   864.6  1574.3  4865.2 11050.1  57324.0    57214
read      404.2   234.7    86.8   177.1   201.6   394.6   473.0   509.1   533.5   560.9   595.4   664.0   867.1  2198.4  8133.0  23675.0    23788
read      367.0   243.2    93.8   176.2   200.1   339.0   407.8   446.1   473.3   507.2   552.0   627.4   842.4  1899.0  7703.9  75365.7    75649
read      404.2   356.1    86.8   178.4   204.1   370.5   455.8   500.9   532.8   568.7   614.9   689.6   938.9  3420.8  8713.9  39593.7    39466
read      398.2   252.9    93.8   177.6   202.7   360.0   440.0   483.5   515.7   553.3   602.4   693.6  1112.8  3099.5  7898.7  47322.3    47463
read      408.2   309.2    93.8   180.4   205.7   404.1   467.5   498.6   520.5   545.7   583.5   644.8   887.2  3435.6 12253.1  19235.7    19155
read      431.7   514.2    86.8   184.5   210.4   415.1   482.6   514.4   537.5   565.8   605.0   685.0   992.1  4676.4 29534.3  18540.0    18449
read      391.5   216.1    86.8   178.3   203.8   370.8   451.9   491.9   518.4   548.7   590.0   653.0   838.9  1928.3  7690.7  34958.7    35235
read      387.0   234.2    86.8   191.9   219.0   354.1   417.0   453.2   480.0   513.6   561.3   645.9   983.4  3244.9  7791.8  93259.0    93118
read      370.9   215.5    86.8   177.5   202.6   343.8   411.7   449.2   476.1   509.2   555.0   632.1   871.5  1854.5  7255.2  76690.3    76391
read      441.7   328.2    86.8   188.4   216.0   374.5   458.3   512.1   556.4   622.0   729.1   931.7  1401.2  3167.8 11393.6  70639.3    70733
read      399.1   345.1    86.8   174.5   198.5   342.4   416.4   459.1   492.0   533.1   591.7   752.1  1460.4  4389.4 10111.5  74119.3    74230
read      456.4   537.1    86.8   176.6   202.0   377.1   466.8   517.1   554.6   608.4   706.3   924.7  1909.1  7007.3 16079.8  37193.3    37188
read      491.9   523.0    93.8   188.2   215.0   399.9   510.7   586.5   648.0   728.5   844.8  1050.7  1504.5  7067.7 20257.1  48763.0    48862
read      492.9   398.1    86.8   192.8   221.0   398.3   505.7   583.6   649.9   737.6   858.1  1070.3  1707.9  4406.4 10778.4  59324.3    59325
read      527.9   536.1    86.8   204.6   232.1   407.7   519.2   604.1   681.4   778.8   921.0  1173.9  2156.8  5681.2 12811.1  66253.0    66219
read      536.8   692.6    93.8   185.3   214.4   433.7   545.5   627.4   697.5   782.0   889.3  1052.7  2433.5  9683.5 29223.2  25998.7    25760
read      473.6   504.0    86.8   194.0   221.7   378.0   464.5   523.7   575.7   654.2   783.5  1039.3  1804.3  5972.0 15503.3  75150.7    75255
read      362.8   367.1    93.8   171.4   194.1   324.0   392.8   430.2   458.7   493.2   536.2   601.6   881.1  4171.8 12539.9  67976.3    67915
read      512.9   664.0    93.8   183.0   210.9   427.6   529.4   601.3   657.2   726.1   813.9   946.4  2329.0  9122.6 31046.9  23018.3    23004
read      509.0   594.7   101.3   180.8   206.8   424.2   536.1   624.2   693.5   786.4   893.9  1029.0  1330.4  7267.2 30673.8  22028.3    21973
read      451.3   499.5    86.8   182.0   207.7   356.3   433.1   482.7   525.1   585.9   719.5  1032.1  1906.5  6148.9 17094.2  82687.7    82811
read      440.1   425.2    93.8   180.3   205.5   376.9   470.3   520.8   558.1   605.8   683.1   857.4  1358.0  5003.3 12287.9  38854.3    38870
read      488.3   629.3    93.8   190.6   218.4   371.6   444.3   492.3   532.9   593.0   739.8  1345.6  2262.8  7089.8 28097.2  85394.3    85697
read      422.0   589.7    86.8   185.9   210.4   347.2   412.9   451.6   482.0   521.6   581.4   738.2  1808.3  8282.0 30036.0  94160.0    94176
read      354.1   252.2    86.8   178.0   200.6   320.7   380.6   415.5   441.0   471.6   515.0   586.4   855.0  3498.9  8183.4  89093.3    89142
read      489.6   524.4    93.8   185.6   213.2   400.1   503.3   567.7   624.6   708.8   838.5  1046.2  1645.2  6399.9 19242.3  39418.7    39251
read      503.6   380.1    86.8   187.6   214.7   417.1   538.7   623.1   693.8   793.0   915.7  1092.8  1481.4  3915.1 12214.0  36447.0    36339
read      527.0   572.0    93.8   188.3   216.6   437.2   555.9   639.3   706.4   786.7   890.5  1044.2  1623.7  8099.8 20410.0  30188.3    30304
read      504.0   419.6    93.8   198.0   226.1   402.2   513.2   596.9   671.5   768.4   909.5  1120.3  1669.4  3989.3 15367.1  58303.3    58303
read      431.8   407.6    93.8   185.3   211.4   358.6   434.2   482.9   522.5   576.9   674.0   898.7  1702.0  3903.3 14591.6  78687.0    78732
read      430.2   410.7    86.8   180.2   205.5   352.2   424.0   467.2   502.1   548.3   631.4   894.3  1887.4  5118.5  8739.0  81991.0    81734
read      361.7   316.9    86.8   173.5   196.3   322.0   383.3   418.7   444.9   476.7   522.1   601.6  1119.8  3773.2  8074.2  85847.0    85654
read      457.8   407.2    80.4   181.1   207.1   387.9   483.5   541.4   588.2   653.4   773.7   979.6  1404.8  4066.8 11955.6  40181.7    40030
read      515.0  1041.5   101.3   186.1   215.8   432.7   513.2   557.9   591.2   630.9   684.8   772.7  2261.3 13035.8 33625.4  11023.7    11145
read      541.4   765.9    93.8   183.3   211.0   432.0   549.5   641.4   726.6   826.3   938.1  1091.3  1562.9  9355.3 31574.0  24369.7    24220
read      543.4   681.6    93.8   188.1   216.1   418.9   537.2   624.7   703.7   814.5   971.4  1191.5  2045.6 10401.1 30145.2  36207.0    36178
read      500.4   393.2    86.8   204.8   231.8   404.8   510.6   589.9   659.3   750.3   876.7  1087.3  1648.5  3968.7 13308.4  69533.7    69625
read      477.4   431.9    86.8   189.6   217.5   373.6   458.6   517.5   572.5   662.9   831.7  1166.5  1859.6  4771.3 11065.7  80183.3    80189
read      392.4   515.0    86.8   171.8   195.9   340.3   413.8   454.3   483.4   519.7   567.5   654.8  1275.3  5080.6 17894.3  64372.7    64261
read      428.5   578.4    86.8   177.3   202.9   349.1   420.1   461.9   495.5   538.5   609.0   857.5  1825.9  8289.7 29954.2  78109.0    78356
read      437.5   359.5    93.8   176.1   201.4   388.0   475.1   521.0   551.9   606.1   703.8   909.1  1328.9  3387.4 11906.4  30595.0    30570
read      504.0   426.9    86.8   204.6   231.6   407.7   518.4   598.6   671.1   765.2   895.3  1094.5  1587.9  4075.1 12165.9  63968.0    63922
read      428.1   475.9    93.8   178.4   203.7   345.2   417.2   460.6   496.8   546.5   638.7   923.8  1831.5  5679.2 12745.5  82458.0    82549
read      421.0   855.4   101.3   185.0   213.4   358.6   400.2   425.9   446.0   471.8   513.4   593.6  1715.9 11465.3 32389.9   7595.7     7574
read      485.3   422.8   101.3   186.7   214.5   406.5   518.8   592.6   655.1   732.6   835.6   989.7  1421.5  4370.4 11008.2  42214.7    42298
read      503.1   397.4    86.8   185.5   214.8   418.8   537.5   621.5   689.0   773.6   877.2  1055.3  1490.4  4892.5 12112.7  39051.7    39152
read      464.5   503.9    93.8   184.4   211.3   363.7   437.7   487.5   531.1   599.0   755.6  1123.0  2004.2  5324.4 15336.8  88496.7    88634
read      412.4   424.8    93.8   175.0   199.5   350.1   430.0   476.7   513.6   560.5   632.2   802.3  1382.5  5663.3 15605.5  60687.3    60765
read      526.9   743.4   101.3   185.2   213.8   423.0   536.7   619.9   686.5   771.2   879.6  1038.0  1852.3 11081.3 31285.5  30567.0    30534
read      509.2   667.9    93.8   182.6   211.2   414.6   524.3   600.4   667.7   747.9   855.3  1030.2  1606.9 10933.1 30472.7  35546.3    35563
read      409.0   571.6    93.8   181.3   206.3   342.1   405.2   443.5   472.1   509.3   565.1   690.8  1695.3  8553.0 25751.3  96902.0    96837
read      403.2   352.5    86.8   173.5   197.9   340.4   412.6   457.6   492.6   538.3   610.4   815.8  1537.3  3905.6 10711.3  74804.3    74496
read      379.0   383.7    86.8   166.8   190.2   339.5   417.9   459.0   487.7   519.6   559.3   629.2   959.3  5058.8  9785.2  42826.7    42819
read      365.5   202.3    86.8   169.6   193.5   338.9   412.9   453.7   482.8   514.3   552.6   619.6   823.2  1861.5  7532.6  50109.0    50120
read      397.5   371.5    93.8   176.2   200.3   396.3   454.0   482.0   502.4   527.4   559.0   621.3   801.6  3817.4 12568.2  16967.0    16904
read      414.3   460.5    93.8   187.0   214.8   407.6   451.0   473.4   493.9   517.0   549.3   609.8   828.9  5113.3 19424.1  11372.7    11439
read      431.3   414.4    93.8   183.5   210.1   398.4   472.3   509.6   536.6   568.7   615.3   717.9  1228.5  5365.6  9396.5  24027.7    24076
read      359.1   186.3    80.4   177.8   201.9   333.0   397.2   433.7   461.9   495.0   538.2   613.2   818.5  1396.9  5737.1  84411.0    84757
read      366.5   292.0    80.4   178.0   202.4   336.2   401.8   438.6   466.1   500.3   543.4   616.2   821.6  2547.8 12243.6  76393.7    76496
read      394.2   254.1    86.8   175.7   200.9   369.6   451.5   491.7   519.9   551.1   592.6   663.0   866.3  2862.5  8106.4  34783.7    34744
read      408.0   337.2   101.3   204.1   244.0   389.9   427.8   449.4   464.5   485.2   513.2   574.6   983.2  4953.5 16415.1   5924.3     5910
read      383.7   296.1   101.3   198.9   235.3   375.9   409.7   427.8   440.6   459.4   484.5   534.6   716.5  3958.0 14031.7   6420.0     6391
read      410.2   280.7    93.8   180.1   209.8   401.2   466.2   499.2   523.3   550.2   589.3   655.1   855.1  2942.9  8124.4  25374.7    25594
read      402.0   217.9    93.8   178.5   207.4   392.8   459.9   494.3   518.6   546.8   585.2   646.1   860.1  1705.3  8289.7  30251.0    30327
read      375.6   258.2    86.8   174.2   198.5   347.4   422.2   462.7   491.6   525.6   570.9   644.1   847.4  1684.0  9724.2  62911.7    62849
read      358.1   212.6    80.4   182.3   206.7   333.0   392.5   426.6   452.4   483.1   524.3   591.8   794.5  2071.2  7412.7  91400.7    91392
read      386.7   257.6    86.8   177.9   203.9   359.2   434.3   477.8   508.6   543.5   587.0   662.6   873.0  1514.8 13881.0  44212.0    44328
read      379.4   224.0    86.8   175.6   199.9   353.8   427.6   468.4   497.5   530.4   572.7   643.6   852.3  2726.2  7360.6  47529.0    47665
read      353.3   201.8    86.8   175.8   199.1   325.1   389.0   425.5   453.2   486.6   530.5   600.5   798.6  1608.4  6830.4  79044.3    79152
read      382.8   338.4   101.3   180.3   205.6   377.5   419.8   441.5   459.4   480.7   510.0   568.5   799.8  4897.1 15661.3  11684.0    11613
read      374.4   248.3    86.8   185.1   210.2   343.9   406.1   442.6   469.4   503.9   549.6   632.2   873.3  2778.1  7553.3  96196.0    96212
read      420.6   307.7   101.3   189.7   215.0   389.7   476.7   523.2   554.4   587.5   634.0   720.4  1001.1  3003.1 11803.9  27250.7    27129
read      405.9   389.2    86.8   206.9   230.8   359.9   422.8   460.5   490.4   528.4   580.9   677.2  1185.1  4772.0 15336.3  86492.0    86430
read      398.2   278.0    93.8   193.0   217.9   356.4   428.4   471.5   506.5   547.4   601.8   692.0  1001.5  3524.1  9121.6  58815.3    58712
read      418.7   258.5    93.8   187.0   212.3   397.5   477.7   519.3   545.4   577.1   618.4   691.1  1022.7  3652.2  8932.3  23975.0    23931
read      443.4   932.1   109.4   193.1   222.7   388.9   426.0   447.4   463.8   485.1   512.8   579.5  1546.2 11203.2 32393.8   8471.0     8445
read      397.4   335.0    93.8   190.5   215.4   356.6   424.4   466.3   500.1   538.9   589.8   676.3  1023.9  4776.8 11495.3  55392.7    55537
read      410.9   288.5    93.8   192.2   218.6   369.7   446.7   494.3   529.3   571.1   628.5   727.0  1058.4  3212.6  8279.0  54518.7    54706
read      391.0   267.9    93.8   187.9   212.5   354.5   425.7   467.7   501.4   540.7   588.0   673.4   993.6  3087.8  9049.7  52103.7    51997
read      430.8   656.8    93.8   182.1   206.0   394.7   460.2   493.2   515.4   543.0   582.0   657.9  1151.8  8531.9 35667.8  18836.3    18803
read      414.0   338.5    93.8   210.1   234.5   370.2   435.0   476.0   507.2   546.0   602.5   704.7  1112.9  4834.5 12472.5  88777.3    88693
read      398.4   312.3   101.3   209.8   233.9   364.1   424.9   461.6   489.9   524.8   573.4   656.5   925.6  3129.1  9918.0  91077.3    91224
read      414.6   458.8    93.8   199.9   224.8   364.2   431.8   472.5   505.4   545.3   600.1   696.4  1120.3  6664.8 14961.3  76575.7    76765
read      389.3   295.5    93.8   199.2   223.4   350.9   414.0   452.8   482.1   519.7   570.9   655.7   981.6  3813.2 10057.8  80092.7    80364
read      407.7   335.8   101.3   190.2   216.4   366.6   442.4   488.1   523.1   563.5   617.1   701.2   996.4  4956.5 14149.5  54272.3    54372
read      404.1   310.4    93.8   178.3   203.5   370.4   455.7   501.9   534.4   571.0   619.3   698.2  1004.9  2490.4 12242.3  32719.3    32473
read      444.8   349.7    93.8   190.6   217.3   411.3   507.7   555.2   589.8   627.4   676.6   765.3  1128.5  3895.1 11289.3  25853.7    25920
read      452.9   662.1   109.4   192.2   221.3   416.7   467.3   497.0   519.2   546.9   589.8   682.4  1366.6  7858.2 30844.3  11621.3    11574
read      418.8   456.5   101.3   218.7   241.8   373.1   433.0   469.7   499.2   535.4   586.1   680.0  1046.5  6488.1 18193.8  98967.7    99135
read      416.2   293.1    93.8   187.5   212.7   390.2   471.0   510.0   537.4   569.3   612.0   689.9  1021.4  3171.4 11687.0  24096.0    24026
read      394.7   389.0    93.8   206.3   229.3   351.6   410.6   447.9   476.4   511.7   561.2   652.5  1040.8  4616.5 18250.6  92180.3    92271
read      382.4   265.2    93.8   205.1   227.2   347.9   404.9   440.7   468.4   503.7   551.0   635.2   912.6  3278.6  8602.4  88590.3    88470
read      403.5   389.9    86.8   191.4   216.5   355.0   427.4   470.3   505.8   547.5   601.0   700.2  1118.0  5596.1 14067.6  58584.3    58597
read      376.6   309.3    93.8   197.5   220.4   340.5   399.7   436.0   465.0   501.2   547.9   630.7   905.5  2963.0 11308.0  82934.0    83103
read      437.1   520.8    93.8   187.0   211.7   408.5   482.3   517.5   542.6   573.2   614.2   687.4  1143.9  6853.4 19954.2  19045.0    19062
read      402.3   376.5    93.8   194.6   220.2   356.2   424.5   466.1   498.7   538.4   591.1   685.4  1085.6  4611.3 12537.7  72555.7    72681
read      400.5   259.3   101.3   186.9   210.8   367.0   449.2   496.4   526.7   559.2   601.3   677.0   929.4  3314.4  8600.6  30971.0    30900
read      359.1   205.7    93.8   181.5   205.9   330.6   390.7   425.6   452.2   485.0   529.9   604.2   844.4  2171.6  8646.2  94757.0    94867
read      411.9   250.8   101.3   181.1   205.3   392.8   474.1   512.9   540.3   572.6   614.3   686.3  1015.8  3131.0  7137.6  22380.7    22477
read      418.0   414.2    86.8   195.7   222.2   362.8   426.4   464.0   493.8   531.5   586.5   698.2  1648.1  5608.5 13457.2  97933.3    97890
read      493.6   672.5   101.3   181.5   209.8   430.4   505.0   553.5   588.7   631.5   687.1   797.0  2247.7  7755.4 28817.0  11939.7    11845
read      524.0   749.0    86.8   210.6   240.5   392.5   462.4   507.9   547.2   607.8   722.8  1165.7  3160.5  8805.7 29082.7  95178.3    95363
read      383.7   387.1    86.8   183.5   208.0   343.3   406.7   444.7   471.8   506.6   555.1   641.8   994.4  4813.2 15333.5  89984.0    90122
read      497.2   552.8    93.8   197.1   225.1   381.1   457.7   507.7   551.3   622.4   775.5  1283.1  2585.1  5623.0 12845.9  81217.7    81157
read      471.2   473.9    93.8   189.5   216.6   370.4   451.3   504.4   551.2   625.0   763.6  1076.7  2258.7  5235.5 10118.0  78516.0    78569
read      383.1   325.6    86.8   187.3   211.7   343.6   405.3   443.4   470.8   506.8   557.3   653.7  1010.7  4354.1 12074.2  97439.0    97434
read      491.4   378.2   101.3   186.2   212.9   414.0   522.1   592.7   666.8   762.2   872.5  1018.4  1440.4  4040.4 12731.2  29240.0    29257
read      527.0   609.5    86.8   193.8   222.7   421.6   540.3   625.5   694.6   787.2   905.3  1086.1  1745.9  8345.4 26526.2  42191.7    42139
read      518.2   595.2   101.3   186.2   215.4   437.3   540.3   612.7   665.8   726.5   810.4   958.2  2157.6  5441.5 26711.9  21352.0    21444
read      534.7   932.7    93.8   186.2   214.7   430.6   533.4   597.7   640.3   690.0   762.1   883.5  3150.6 12657.5 31511.6  18213.0    18314
read      525.0   625.5    93.8   190.6   218.8   405.4   524.1   609.5   686.9   793.4   943.4  1202.9  1754.0  9509.4 23985.4  49310.7    49203
read      443.6   622.0    93.8   181.8   208.1   355.4   422.3   461.9   493.7   534.7   596.5   800.7  2122.1  8761.5 20424.0  87927.3    87787
read      464.2   481.6    93.8   183.4   209.9   365.1   441.2   489.6   529.1   584.4   690.9  1161.6  1988.6  5913.5 13273.6  77173.7    77490
read      396.6   517.7    93.8   174.3   197.0   380.2   434.3   459.4   476.6   499.1   530.9   589.4   980.4  5536.0 30152.0  16411.0    16464
read      433.2   404.5    93.8   183.5   209.4   396.3   475.5   516.3   546.3   587.0   648.0   773.0  1098.5  5492.6 12908.5  23359.0    23314
read      370.8   243.6    86.8   189.3   213.9   340.3   401.4   436.4   463.6   497.5   543.2   624.0   868.9  2605.8  9953.7  88587.7    88655
read      398.1   304.0    93.8   180.8   205.4   372.6   451.2   490.1   515.7   543.5   583.0   654.9   874.2  3775.2 10806.5  28265.0    28245
read      384.7   215.7    80.4   179.1   204.5   357.6   436.7   480.0   509.1   542.4   584.9   657.4   855.6  1853.4  7790.6  40676.7    40610
read      350.7   195.2    86.8   178.2   201.7   325.7   386.4   421.5   447.6   478.5   520.4   585.8   771.4  1582.5  8691.8  77170.7    77039
read      387.0   241.7    93.8   181.8   207.2   362.4   440.3   479.3   505.5   534.9   572.6   637.2   844.9  3093.8  9560.7  35192.7    35056
read      396.0   283.4    93.8   178.6   204.1   374.9   453.4   490.1   515.2   543.9   582.6   649.7   885.7  2609.5 10787.6  26815.3    26782
read      377.3   195.3    93.8   177.7   203.7   351.9   426.1   466.7   496.8   531.3   575.1   642.9   824.4  1165.1  6228.5  53239.7    53121
read      398.7   341.2    86.8   184.4   209.8   395.9   449.2   474.3   494.9   518.1   547.9   603.0   806.2  4306.8  8457.3  15038.0    15035
read      388.2   236.1    86.8   180.9   206.3   366.9   442.6   482.5   508.4   539.3   578.8   639.8   841.8  1935.3 10593.1  33902.7    33766
read      347.3   151.9    86.8   188.5   211.8   327.8   381.8   412.6   435.2   464.1   501.8   563.1   723.3  1141.2  4665.0  99713.3    99826
read      384.3   224.1    86.8   181.8   207.3   352.2   426.1   468.3   499.4   536.1   583.6   663.4   935.7  2172.9  6767.9  49376.3    49516
read      388.2   197.8    93.8   180.6   205.2   376.6   451.7   488.1   511.1   537.6   573.3   633.9   803.9  1329.4  7604.1  25916.0    25895
read      367.0   209.6    86.8   177.2   201.8   337.4   406.3   446.6   476.6   511.2   557.3   632.6   834.1  1576.8  8987.9  64793.7    64849
read      347.9   183.5    86.8   178.4   202.4   322.8   382.2   417.3   443.8   475.6   517.0   581.3   760.9  1499.7  7692.3  79763.7    79516
read      369.4   243.5    93.8   175.8   200.0   340.2   411.6   452.2   480.5   512.5   555.1   625.6   837.1  2223.3  7833.8  55065.3    55109
read      364.1   190.6    93.8   178.3   202.6   336.4   402.5   441.2   469.6   503.8   548.5   624.4   834.2  1578.4  5760.2  70021.3    69984
read      386.5   236.6    86.8   178.7   204.1   361.4   442.0   485.0   512.6   543.1   585.1   651.7   845.4  1743.0 12117.0  34465.3    34454
read      369.5   226.7    86.8   178.9   204.0   341.4   408.7   448.5   477.2   510.4   553.9   623.7   834.7  2378.6  8196.2  64621.7    64785
read      375.5   223.0    80.4   176.4   201.1   349.8   424.2   465.5   494.0   527.1   570.6   640.0   817.0  1699.2  7780.2  43969.3    43963
read      350.3   166.0    86.8   183.2   207.2   326.4   385.1   418.4   442.8   472.7   514.2   580.1   755.8  1397.6  5384.4  90444.0    90279
read      374.9   252.1    86.8   180.3   205.5   344.3   413.8   453.9   483.9   519.8   566.6   638.9   852.1  2134.1  9103.2  62217.3    62151
read      380.1   231.8    86.8   178.1   203.7   352.4   426.1   466.8   496.6   530.0   572.6   641.5   867.8  1920.9 10114.5  47274.7    46958
read      350.8   164.8    86.8   176.2   200.4   327.0   389.7   426.1   452.7   483.5   524.6   589.3   752.8  1383.7  5574.3  82282.0    82432
read      380.7   211.5    86.8   179.8   205.1   352.0   428.1   470.6   501.9   535.6   578.3   648.9   847.8  1853.0  7813.5  45669.7    45518
read      351.0   189.6    93.8   186.9   210.6   328.4   383.3   415.4   439.0   467.8   506.8   570.9   758.2  1568.7  5852.2  97055.0    97055
read      402.8   220.6    86.8   180.9   207.0   385.4   469.0   506.3   531.5   559.7   596.5   667.7   900.0  2049.1  6055.6  28982.3    28977
read      359.8   210.9    86.8   174.7   198.8   332.1   398.4   436.8   465.7   499.4   542.5   615.3   830.0  1472.9  8073.2  72553.0    72436
read      397.0   427.9   109.4   207.8   240.5   371.0   408.3   429.3   444.5   462.7   491.5   551.8  1038.9  7998.9 15648.0   5054.3     5078
read      361.2   203.9    86.8   177.6   201.5   333.0   398.3   435.5   463.5   496.8   540.6   613.3   820.1  2193.1  6943.7  80884.7    81357
read      390.0   212.1    93.8   176.1   200.8   374.8   456.4   494.1   518.6   545.6   583.1   640.1   825.3  1680.4  7942.5  28697.3    28531
read      361.2   248.7    86.8   179.7   204.6   333.3   396.0   432.1   459.2   492.0   536.1   610.5   820.2  1636.7  9097.0  87518.3    87140
read      388.0   233.1    80.4   176.5   202.0   360.0   443.3   486.1   515.7   548.3   592.1   669.2   866.1  1665.4 10195.9  36917.3    36881
read      407.1   322.1   101.3   184.8   211.5   402.1   452.1   476.2   496.1   519.7   552.0   613.5   808.4  6611.8 10715.9  12904.0    12972
read      387.7   305.2    86.8   179.5   205.7   362.6   438.3   478.3   505.5   538.0   579.2   644.8   834.5  2079.7  9078.9  41965.3    41961
read      357.2   210.2    86.8   178.6   202.9   330.4   393.1   428.6   456.6   490.6   534.0   605.1   806.3  1464.1  8063.5  76677.7    76602
read      349.6   156.8    86.8   182.7   207.0   327.2   383.4   416.3   440.3   470.7   513.0   583.4   765.4  1196.0  4940.5  93237.0    93251
read      386.1   201.3    80.4   179.3   204.8   361.7   441.9   484.3   512.6   543.9   585.5   657.1   840.1  2047.6  7110.1  35267.0    35269
read      351.3   216.9    86.8   178.4   202.6   325.6   384.7   419.3   445.2   476.5   518.9   588.4   775.3  1677.9  5985.6  86559.3    86366
read      381.6   204.6    86.8   174.9   198.8   364.1   446.1   484.0   507.4   534.5   569.5   629.0   788.2  1816.0  7656.4  29336.0    29241
read      371.5   183.5    86.8   177.3   202.6   342.2   414.9   457.3   488.0   523.9   570.0   639.2   846.4  1671.7  5257.1  57094.0    57116
read      354.8   204.2    86.8   174.2   197.4   327.0   391.4   428.3   455.9   489.0   532.7   605.3   805.8  1828.4  8477.5  81470.3    81511
read      373.1   219.4    86.8   176.6   201.8   347.5   421.9   462.4   491.7   524.8   565.0   628.6   806.9  1942.1  8670.1  45179.0    45059
read      357.7   204.3    86.8   180.1   203.4   326.8   390.5   427.6   456.3   491.5   537.7   613.9   831.0  2116.4  7810.2  75761.0    75774
read      372.8   287.9    86.8   176.8   200.7   337.9   408.9   451.1   482.0   518.6   567.8   649.6   887.2  2349.0  8014.9  61476.0    61736
read      375.8   260.2    93.8   187.0   214.3   376.3   414.3   434.0   449.9   466.9   492.5   535.9   681.7  4069.4  9244.0   9031.7     8949
read      367.8   220.6    80.4   175.8   200.9   342.8   411.7   450.2   477.8   509.8   552.5   624.0   805.1  1483.3  9392.5  66205.3    66290
read      349.0   169.8    74.4   177.2   201.2   324.8   385.8   421.1   447.7   479.1   521.0   587.7   761.7  1233.7  6660.5  83048.3    82937
read      356.1   185.4    80.4   174.7   199.0   331.2   396.0   433.4   460.9   493.7   535.9   600.5   788.8  1504.5  6070.4  74217.3    74263
read      382.4   209.2    86.8   176.3   202.1   369.5   444.9   479.3   502.7   530.1   564.1   622.3   789.9  1919.1  7870.1  25593.3    25664
read      358.0   194.7    86.8   171.1   195.2   333.3   401.3   440.1   468.2   500.1   542.2   608.9   783.7  1345.6  7919.2  63961.7    64314
read      385.2   209.7    86.8   176.0   199.9   370.8   448.2   482.3   504.9   533.3   569.8   631.1   797.8  3128.0  7711.7  23756.3    23804
read      359.0   189.7    86.8   174.9   199.7   333.3   400.3   438.3   466.5   499.8   542.4   609.9   789.2  1697.3  5735.8  66325.0    66356
read      372.6   212.9    86.8   175.3   199.6   345.6   420.5   461.6   491.5   526.7   571.0   640.5   816.1  1318.7  8930.9  49335.0    49506
read      365.5   202.0    86.8   176.1   199.9   339.5   409.2   449.6   477.7   509.4   548.8   618.3   821.0  1465.7  7652.0  54746.3    54758
read      353.3   185.1    86.8   172.6   196.4   327.7   392.0   428.5   455.8   488.3   530.6   598.3   803.5  1595.8  5508.3  72272.7    72283
read      349.1   199.8    86.8   179.9   203.6   322.8   381.1   415.9   442.1   472.8   514.5   583.5   780.4  1507.4  7345.5  95695.7    95641
read      388.5   274.0    93.8   178.5   203.3   370.2   445.7   479.7   502.4   532.5   573.5   639.6   841.3  3601.2 12291.5  24208.7    24157
read      387.3   227.8    86.8   180.0   206.0   390.5   446.8   472.0   491.8   512.7   545.3   603.3   738.8  1600.4  9125.7  15229.7    15088
read      355.2   193.5    86.8   175.9   199.6   330.1   394.2   430.5   457.9   489.9   530.8   597.3   805.7  1462.3  6453.2  73830.3    73735
read      355.0   219.4    86.8   175.5   199.2   327.5   393.7   431.5   459.3   491.6   533.5   599.2   779.6  1709.8  8248.5  75547.0    75655
read      375.5   213.5    80.4   175.4   200.8   349.7   424.8   466.9   497.2   530.9   573.0   636.8   823.4  1615.5  7457.2  44749.3    44689
read      378.7   256.6    86.8   176.7   201.7   352.5   427.7   468.3   496.0   526.6   565.4   634.2   849.6  2253.1  9820.7  38050.3    37890
read      379.7   241.9    86.8   175.6   200.9   351.1   426.6   468.5   499.5   535.7   581.9   654.9   841.2  2006.9  8086.4  50583.7    50565
read      346.1   174.2    86.8   176.5   200.5   322.4   382.3   417.5   443.5   474.1   513.7   577.3   742.7  1331.0  5265.3  81119.7    81326
read      356.0   193.4    86.8   174.5   198.0   329.7   396.1   432.5   461.0   495.0   538.3   608.0   789.7  1437.7  6908.9  75562.0    75641
read      349.5   190.0    86.8   185.9   209.6   325.4   380.4   412.2   435.8   466.0   505.6   573.8   765.6  1581.6  7762.5  97080.3    97055
read      400.2   313.9    86.8   178.7   203.5   381.0   463.3   502.7   528.4   556.0   592.9   656.7   828.8  3660.5 17593.9  26352.7    26336
read      362.6   199.5    86.8   174.3   198.0   333.7   403.8   444.4   473.5   508.1   551.3   624.8   827.1  1453.9  8018.7  63330.7    63820
read      341.4   170.2    80.4   174.4   197.5   319.5   378.9   412.7   437.5   467.4   505.3   566.2   729.5  1166.8  5177.1  85495.0    85404
read      383.4   265.5    93.8   174.8   198.8   382.8   439.7   466.1   485.9   507.5   539.9   590.1   747.9  3697.8 10078.9  18195.0    18025
read      379.8   252.9    86.8   175.5   201.2   351.7   428.5   470.0   498.2   530.4   571.4   638.2   870.4  2108.4 11185.1  42070.3    42168
read      377.6   203.2    86.8   174.1   197.6   355.7   435.8   476.5   504.3   535.2   574.1   637.8   805.2  1410.9  7208.0  37253.3    37351
read      382.5   243.3    86.8   174.6   198.9   362.1   441.5   479.7   504.7   534.0   571.8   633.7   792.5  3257.4 11129.1  31650.7    31615
read      378.6   221.9    86.8   177.3   203.2   350.2   426.3   467.9   498.8   534.4   579.1   649.0   826.1  1368.5  8949.8  46220.3    46356
read      388.2   242.2    86.8   176.8   201.0   378.2   452.1   485.7   507.4   533.6   566.7   625.3   800.4  2337.7  9997.4  24486.7    24714
read      362.4   188.5    93.8   174.7   197.8   333.3   403.6   443.3   472.0   507.1   551.1   625.5   818.1  1620.6  5438.7  67484.3    67626
read      398.0   343.9    93.8   181.3   207.0   397.8   449.8   474.5   494.9   517.9   547.7   606.5   803.1  3944.6 16441.4  15790.0    15739
read      354.7   186.6    86.8   185.2   209.2   328.8   387.9   422.2   448.1   480.3   525.0   592.4   775.4  1325.6  6399.3  87207.0    87755
read      407.6   327.9    93.8   188.4   213.8   408.7   459.3   484.7   502.4   526.6   558.8   619.2   792.5  3771.0 15911.9  14324.3    14357
read      382.8   236.5    93.8   179.9   205.0   352.7   430.6   470.6   500.6   534.4   578.0   654.3   872.0  1933.6 11367.6  51139.7    51514
read      377.5   219.0    86.8   186.1   210.2   340.5   410.3   453.2   486.0   526.3   579.9   670.8   914.9  1891.9  7287.9  71863.0    72102
read      358.5   185.2    80.4   183.3   207.2   331.0   391.8   427.9   455.5   489.1   534.0   610.5   828.7  1613.3  6357.1  84782.3    84799
read      398.8   255.9    86.8   176.9   201.8   388.1   461.3   495.4   519.0   545.6   584.5   645.8   831.7  3682.0  8096.3  21185.0    21168
read      376.6   225.4    86.8   175.8   200.7   350.4   427.6   466.5   495.0   527.7   568.8   633.4   812.9  2170.9  9618.5  43924.3    43828
read      395.7   219.0    93.8   181.3   207.2   404.9   451.1   472.0   491.4   511.5   543.3   592.3   745.8  3817.8  7936.2  13366.3    13381
read      372.4   223.6    80.4   178.7   203.4   340.1   410.7   451.4   481.2   517.2   566.2   644.7   865.7  1991.8  8054.1  69956.7    70057
read      396.3   297.9    86.8   176.1   202.0   399.3   456.0   481.7   500.9   525.0   555.4   613.4   784.1  3700.7 15527.2  19498.7    19482
read      396.9   280.1   101.3   178.9   204.3   403.1   451.3   473.2   492.7   513.5   544.3   600.4   762.4  2972.2 13213.1  13790.0    13593
read      391.3   228.9    93.8   178.2   204.4   372.3   451.2   488.4   513.8   542.3   580.3   643.5   849.8  1764.4  8523.1  30769.7    30935
read      398.9   264.9    86.8   176.6   203.3   380.6   459.7   494.5   518.0   544.6   583.0   646.2   866.4  3624.3  8648.9  27390.7    27564
read      347.4   212.7    80.4   180.3   204.4   322.6   379.9   413.5   439.0   469.8   508.8   574.4   744.4  1299.8  8917.9  89099.7    89146
read      407.8   380.4    93.8   186.5   216.1   406.4   449.9   470.4   488.2   506.8   538.1   592.2   811.5  4070.1 19277.4  12016.7    12015
read      418.9   441.7    93.8   187.2   216.8   412.2   459.9   483.9   501.1   523.4   551.1   611.3   864.4  6216.3 19465.8  12379.3    12458
read      403.9   227.7    86.8   184.0   212.6   381.0   457.6   497.4   525.7   558.4   602.0   680.2   926.4  1736.4  8819.6  42916.3    43213
read      406.2   259.2    86.8   181.9   209.4   379.5   462.0   503.6   533.0   566.7   609.8   681.7   919.2  2959.8  8101.5  34373.0    34454
read      366.0   206.6    86.8   180.0   204.4   334.2   400.7   440.4   469.4   504.9   552.2   632.1   878.4  1976.3  6342.1  79138.3    79142
read      385.2   210.1    86.8   177.2   202.0   355.6   438.9   481.8   511.0   546.1   590.8   667.8   871.6  1541.1  7415.0  43621.0    43458
read      367.2   229.3    86.8   173.3   197.6   337.8   409.4   450.6   479.2   512.9   556.9   625.8   814.6  2524.7  9839.7  65441.3    65461
read      395.6   315.9    86.8   179.2   203.5   393.5   453.3   481.2   499.9   523.8   555.4   612.7   777.6  4404.7  9745.3  17789.7    17883
read      393.0   238.1    93.8   175.2   199.1   386.3   461.8   493.7   515.2   540.3   575.7   633.8   791.2  2447.2  8021.5  21951.7    21816
read      351.0   199.7    86.8   178.7   203.1   325.8   385.6   420.8   447.0   477.7   518.9   585.7   777.1  1488.3  6347.0  92252.0    92112
read      349.7   253.4    86.8   174.8   197.8   322.4   385.3   422.4   449.7   481.2   521.8   586.6   769.7  1430.4  8138.2  86693.3    86516
read      356.6   181.7    86.8   181.9   205.6   329.1   391.6   429.4   457.6   490.9   534.6   604.9   787.0  1356.1  6934.4  85302.7    85434
read      381.2   194.4    80.4   174.5   199.8   351.8   433.6   480.3   509.6   543.5   588.5   663.9   863.1  1434.3  5911.7  49331.0    49269
read      371.3   243.6    80.4   176.1   200.7   339.3   412.7   455.8   486.1   521.3   566.9   637.5   848.4  1616.9 10746.0  64663.0    64819
read      392.2   275.4    86.8   176.6   202.6   359.2   446.1   490.4   520.1   553.7   595.5   674.0   889.3  3838.1  9664.2  45505.3    45466
read      365.9   217.5    86.8   179.4   203.8   335.4   402.1   442.3   471.4   506.8   553.2   629.8   850.8  1522.5  8112.5  74807.3    74721
read      399.3   231.7    93.8   177.5   203.1   395.1   472.1   502.5   524.5   548.4   583.3   642.5   806.3  1733.4 12297.2  22931.0    22910
read      379.3   274.2    86.8   175.3   200.3   351.5   433.1   476.4   504.5   535.2   573.5   634.3   808.4  2007.7  8220.7  47911.7    47947
read      358.5   213.4    86.8   173.2   197.5   331.5   398.7   438.0   466.7   499.4   540.7   604.3   781.9  2076.4  7726.1  69319.3    69579
read      378.6   300.0    86.8   175.2   199.9   342.4   420.8   465.2   496.6   532.8   579.2   653.9   873.8  2256.2 12635.6  61310.7    61494
read      405.8   419.0    86.8   177.9   203.7   376.4   466.3   504.7   530.3   558.7   596.5   667.4   877.5  4124.5 28689.8  32129.7    31948
read      390.0   227.2    80.4   179.8   205.0   361.3   444.2   489.3   519.1   551.2   593.6   663.3   861.7  1896.9  8073.2  43279.7    43538
read      364.8   228.6    86.8   176.6   200.7   334.9   405.1   446.7   476.2   510.1   553.0   624.9   813.9  1542.6  7838.5  69964.7    70090
read      400.1   285.9   101.3   194.8   228.8   390.7   435.5   460.6   478.0   499.5   531.4   587.1   749.4  4013.0 11200.1   9045.3     9010
read      393.5   196.7    93.8   180.2   207.8   370.1   446.0   488.0   517.0   550.6   594.3   669.4   886.0  1542.1  7538.4  53200.0    53510
read      358.9   214.2    86.8   181.0   204.8   329.6   392.3   429.8   459.3   494.6   540.6   615.3   817.7  1346.8  6703.1  84398.0    84446
read      367.4   223.1    86.8   175.1   199.3   336.2   407.4   449.7   480.2   514.8   557.9   628.9   840.8  1988.2  9482.4  70052.7    70319
read      372.4   194.4    86.8   173.8   198.1   345.8   423.8   466.5   496.4   529.4   569.6   634.0   811.1  1270.2  5840.7  55466.3    55737

Total QPS = 52029.2 (93652472 / 1800.0s)

Total connections = 64
Misses = 0 (0.0%)
Skipped TXs = 0 (0.0%)

RX 23132160831 bytes :   12.3 MB/s
TX          0 bytes :    0.0 MB/s
Warning! Detected max cpu usage > 95%
CPU Usage Stats (avg/min/max): 99.99%,41.15%,100.00%