Wed May 25 20:25:22 UTC 2022
Random waveform, supplied seed
Total number of intervals = 150 (5031, 54838, 74868, 30015, 40743, 23648, 97712, 53672, 55395, 29425, 15173, 82475, 90555, 47944, 28313, 28504, 22886, 35717, 14828, 81704, 55771, 85226, 75020, 12441, 56208, 17446, 86943, 49138, 49839, 47752, 27181, 6170, 7187, 99387, 91970, 79658, 59230, 78081, 64242, 37702, 40686, 30376, 38416, 65892, 39560, 10016, 55224, 19982, 48114, 36283, 23315, 11150, 98724, 56880, 13467, 99368, 46206, 71651, 22741, 56654, 99570, 23047, 70008, 42943, 46704, 75970, 21917, 82027, 81583, 14259, 7821, 17727, 65559, 41133, 28693, 53141, 54512, 14835, 98446, 38117, 77994, 30209, 68315, 91940, 49308, 46880, 92540, 49396, 97841, 35404, 80451, 87228, 75554, 57964, 83546, 55468, 34203, 37629, 34577, 47426, 58845, 66993, 10977, 51529, 48344, 5902, 71602, 41886, 47456, 93939, 16890, 45689, 32790, 44044, 28149, 39739, 72475, 93882, 6692, 50406, 83055, 55609, 16968, 43031, 17236, 82183, 42212, 12244, 61777, 36984, 29093, 41715, 34838, 63574, 24401, 32025, 98971, 23657, 67877, 53849, 79536, 17081, 39024, 26125, 33388, 20979, 95865, 73949, 60987, 54175)
Average QPS expected = 49648
Timestamp start: 1653510323815
Timestamp end: 1653511824221

#type       avg     std     min      p5     p10     p50     p67     p75     p80     p85     p90     p95     p99    p999   p9999      QPS   target
read      435.6  1350.1   101.3   180.7   204.8   313.2   356.8   381.8   401.3   426.1   460.8   535.6  3313.1 30377.3 37129.3   5010.2     5031
read      486.0   550.2    86.8   167.7   192.2   347.1   456.2   540.8   628.2   770.3   992.5  1297.0  1853.9  4800.4 19064.6  54770.7    54838
read      410.7   456.8    86.8   167.7   191.3   338.3   415.2   461.8   497.7   543.5   616.6   794.8  1767.7  4695.3 14198.4  74978.3    74868
read      503.7   824.5    86.8   166.4   190.2   375.0   497.2   587.4   673.1   776.9   904.7  1081.7  1705.0 11354.7 31857.3  30101.1    30015
read      499.5   605.2    86.8   167.2   191.2   359.7   485.0   581.7   682.2   823.4  1006.0  1230.5  1718.9  7153.4 30127.5  40797.9    40743
read      487.6   661.2    86.8   166.7   190.2   387.0   506.6   593.2   666.3   745.7   846.5   992.7  1548.0  7632.7 30998.5  23632.1    23648
read      409.9   457.7    86.8   180.5   207.5   358.1   428.6   469.8   502.7   544.1   604.3   716.2  1472.3  5052.8 20225.7  97711.6    97712
read      479.4   463.4    86.8   169.5   194.1   350.8   455.2   533.5   610.4   738.2   971.0  1285.4  1825.8  3705.9 10929.8  53671.2    53672
read      501.8   502.7    93.8   174.2   199.6   362.2   476.0   566.8   657.8   797.6  1011.9  1334.6  1933.7  3732.4 13853.0  55279.0    55395
read      489.8   682.7    86.8   167.5   192.2   381.1   504.0   593.1   675.9   770.7   885.1  1048.4  1462.1  6766.8 30369.2  29362.5    29425
read      483.4   928.8    86.8   165.6   190.0   387.7   489.3   557.0   609.5   667.7   736.5   851.3  1651.5 12270.1 36312.0  15092.3    15173
read      409.1   546.2    86.8   165.8   189.6   336.4   409.7   453.4   486.7   529.6   592.3   740.1  1799.4  6117.0 30356.2  82391.2    82475
read      435.1   677.9    86.8   172.7   198.4   352.3   426.4   469.9   504.7   549.1   620.5   778.9  1848.8  8500.8 31458.3  90595.0    90555
read      471.7   528.1    86.8   164.0   187.1   347.8   452.2   524.8   591.7   702.0   918.6  1244.5  1817.4  5506.2 15068.9  47987.2    47944
read      475.3   532.1    86.8   162.9   186.7   372.8   496.2   590.2   673.5   764.4   875.3  1024.1  1403.7  6238.7 23689.6  28367.1    28313
read      480.9   626.9    93.8   165.1   188.8   375.8   496.1   586.5   667.5   760.1   875.4  1036.4  1428.3  7174.4 30854.9  28480.0    28504
read      490.4   695.8    86.8   168.9   192.8   395.4   510.3   596.6   668.5   748.0   843.8   982.9  1441.7  8971.0 31636.5  22843.7    22886
read      487.4   477.8    86.8   162.7   185.9   357.9   489.4   593.8   705.2   841.1   994.2  1175.2  1574.5  4876.3 12986.9  35724.8    35717
read      473.2   885.4    93.8   163.5   187.3   380.8   480.1   545.8   596.5   651.9   719.4   826.1  1811.3 11431.2 32170.9  14745.4    14828
read      413.5   500.5    80.4   164.1   187.9   338.1   413.7   459.1   494.7   540.8   613.8   799.8  1793.3  5599.8 16780.8  81646.3    81704
read      473.0   490.7    86.8   163.9   187.2   340.3   445.6   526.8   607.3   739.2   950.3  1274.3  1869.4  3999.6 15560.2  55712.7    55771
read      436.4   609.4    86.8   169.5   194.3   347.6   423.2   467.6   503.0   549.3   626.1   848.1  1923.6  7092.7 30680.8  85039.2    85226
read      438.9   554.6    86.8   166.1   190.3   342.3   424.2   475.0   517.7   578.4   686.1  1006.3  1979.5  5676.9 29015.0  74862.5    75020
read      430.7   904.3    93.8   162.0   185.3   353.2   425.1   467.8   500.1   542.6   603.5   699.5  1860.4  9379.4 38380.8  12414.1    12441
read      483.6   548.6    86.8   164.0   188.1   342.0   448.4   533.2   621.0   761.8   988.7  1318.5  1910.1  4820.7 18965.6  56119.2    56208
read      462.0   788.0    86.8   158.9   181.5   373.6   474.4   543.2   598.0   658.0   729.5   843.1  1612.3  8690.8 31977.8  17475.1    17446
read      403.9   546.9    80.4   162.7   186.3   335.8   409.7   453.4   486.4   528.9   590.2   721.8  1754.5  6477.7 29492.4  86907.4    86943
read      473.7   528.2    80.4   159.6   182.3   338.8   451.6   536.0   624.0   765.1   977.5  1246.2  1729.2  5093.2 17776.2  49109.7    49138
read      492.5   537.2    86.8   164.8   188.9   349.6   463.7   555.0   648.9   799.3  1013.0  1311.4  1866.7  5125.0 20583.2  49786.8    49839
read      487.7   565.3    86.8   162.9   186.4   343.6   455.8   544.0   641.2   798.3  1020.2  1298.5  1809.8  5201.9 24903.7  47784.5    47752
read      492.8   688.6    86.8   163.5   187.2   373.0   500.4   602.1   688.7   782.5   892.7  1045.9  1587.7  8438.5 31167.2  27221.0    27181
read      440.5  1262.1    93.8   179.7   205.2   333.1   386.1   416.5   438.3   465.0   501.7   575.9  2640.1 28732.8 32414.2   6191.4     6170
read      448.3  1210.9   101.3   176.9   203.9   346.2   404.6   439.3   464.1   494.7   536.7   615.2  1982.7 26024.2 32214.0   7210.5     7187
read      397.8   444.3    86.8   173.8   199.5   347.0   417.6   459.8   492.4   533.7   591.4   698.0  1336.6  4911.0 19290.4  99231.2    99387
read      366.9   353.3    86.8   166.8   190.4   330.1   398.2   437.0   466.3   502.6   551.0   634.1   885.5  3720.4 12104.0  91909.2    91970
read      423.9   533.5    86.8   165.3   189.6   343.0   421.1   467.4   504.3   552.5   631.0   836.4  1862.0  5412.6 28138.4  79632.8    79658
read      482.0   651.0    86.8   164.6   188.7   343.3   443.4   516.1   585.9   701.7   927.4  1297.5  1974.5  5939.7 30815.0  59244.5    59230
read      399.5   511.2    80.4   161.9   184.6   332.7   407.9   452.6   486.5   530.3   593.2   737.6  1672.8  5207.5 28154.8  78060.0    78081
read      487.3   531.2    86.8   168.8   193.6   344.7   448.3   532.1   617.1   755.6   987.0  1336.4  1968.0  4948.0 16809.7  64342.2    64242
read      491.3   509.3    86.8   162.3   185.6   358.7   486.2   585.0   690.8   835.7  1003.7  1220.2  1664.9  4883.6 16216.4  37714.8    37702
read      488.7   474.6    80.4   161.6   185.2   354.4   477.4   576.8   679.7   830.6  1010.6  1252.9  1713.6  4004.4 12781.5  40702.1    40686
read      488.6   584.4    86.8   163.6   187.5   369.2   495.0   592.6   684.1   789.0   915.8  1087.4  1612.4  7111.1 27994.2  30359.2    30376
read      497.6   698.7    80.4   161.9   184.8   354.6   480.0   576.6   676.2   812.3   977.0  1187.9  1712.4  7613.9 31356.2  38362.0    38416
read      478.5   534.4    86.8   169.5   194.1   342.6   442.0   521.3   599.2   729.4   943.9  1282.3  1976.9  4765.1 18381.4  65968.7    65892
read      488.6   554.8    80.4   163.9   187.4   354.4   476.5   575.4   680.4   819.4   987.6  1190.9  1629.9  6028.7 23439.7  39527.0    39560
read      452.7   947.3    86.8   169.1   195.2   365.1   442.0   484.9   515.1   554.5   609.9   699.6  2145.5 11320.5 32522.6  10023.2    10016
read      483.6   457.3    80.4   166.8   191.4   349.1   460.5   549.6   638.8   778.2   985.8  1289.2  1838.1  3852.9 12710.1  55150.4    55224
read      475.4   631.5    86.8   166.2   190.5   391.8   502.8   582.7   646.3   715.9   794.5   922.5  1382.2  8968.1 29749.6  19965.8    19982
read      499.2   630.8    86.8   162.4   185.4   343.8   457.2   549.9   648.1   814.4  1050.5  1338.5  1871.3  7326.5 28805.8  48108.3    48114
read      491.9   551.4    80.4   162.4   185.8   356.8   486.3   589.9   698.0   839.9  1001.6  1200.8  1623.6  5294.2 18188.2  36123.0    36283
read      488.1   741.0    86.8   162.1   184.5   376.9   494.4   585.5   662.2   742.4   838.3   977.6  1714.9 10293.7 31263.8  23311.6    23315
read      462.9  1075.3    93.8   163.6   189.4   364.7   444.9   492.2   526.3   568.3   623.8   711.1  2382.4 14286.3 32473.5  11095.6    11150
read      401.0   479.1    86.8   173.8   199.1   344.6   415.5   457.9   490.6   532.4   591.9   706.8  1480.2  6912.0 17061.6  98568.1    98724
read      492.7   487.7    86.8   169.9   194.4   352.9   456.4   536.5   617.0   757.9  1020.3  1384.8  2001.3  3633.8 11372.0  56988.2    56880
read      469.6   913.1    86.8   161.9   186.0   373.5   467.5   522.4   565.5   617.0   680.0   786.9  2215.6 12907.0 32401.8  13524.9    13467
read      416.3   533.6    80.4   175.6   202.4   354.8   427.8   471.1   505.7   550.0   617.4   738.5  1545.8  6587.6 30414.6  99188.8    99368
read      468.0   416.4    80.4   160.8   183.6   341.6   454.3   536.8   621.4   762.0   972.7  1245.9  1707.4  3438.0 10994.6  46150.6    46206
read      438.2   542.7    86.8   166.1   190.6   346.6   430.2   480.8   521.4   576.6   666.3   945.4  1960.2  5670.5 28309.4  71569.8    71651
read      486.5   712.5    86.8   160.9   183.3   379.2   496.1   585.6   664.0   752.1   858.0  1009.5  1555.7  8408.2 31777.7  22775.2    22741
read      490.1   483.6    86.8   165.0   189.5   346.0   454.7   543.0   635.8   792.2  1030.4  1365.8  1947.1  4004.2 13426.7  56539.2    56654
read      422.1   494.5    86.8   178.6   206.6   364.7   439.4   484.3   519.3   565.5   631.9   760.0  1491.1  6013.0 26451.4  99468.5    99570
read      490.5   759.7    86.8   160.0   182.4   374.2   495.5   590.9   673.9   764.7   869.5  1011.6  1674.9 11415.4 31509.0  23120.9    23047
read      409.7   438.8    86.8   167.0   190.3   341.8   422.3   468.5   504.8   550.1   623.0   790.2  1699.9  4703.0 13837.7  70018.4    70008
read      478.0   501.0    86.8   161.7   184.3   345.9   459.9   542.3   628.3   776.8   997.9  1254.0  1731.2  5351.3 16612.1  42949.4    42943
read      492.1   519.9    86.8   162.5   185.6   343.7   460.4   548.8   640.9   806.8  1061.9  1352.8  1863.9  5192.6 14422.6  46605.4    46704
read      429.9   490.5    86.8   166.4   190.7   346.4   426.2   472.9   509.6   560.0   638.0   875.7  1921.6  5641.2 13643.7  75961.1    75970
read      502.4   918.5    86.8   163.5   186.9   384.1   502.6   593.7   668.1   747.4   848.5   991.4  1786.1 11413.6 32228.0  21886.3    21917
read      443.0   580.8    86.8   167.3   192.4   350.8   429.8   477.2   515.4   569.3   655.8   956.9  1920.1  6049.9 30223.7  81976.6    82027
read      420.8   520.9    86.8   164.9   189.1   343.3   420.3   465.4   500.8   545.9   618.2   798.6  1842.3  5714.5 23436.8  81530.2    81583
read      470.1   975.7    86.8   158.4   180.7   371.0   462.8   522.8   574.9   634.5   704.4   803.8  1858.0 13187.9 32229.6  14215.7    14259
read      469.3  1302.3    93.8   169.5   194.5   347.3   412.0   450.4   478.3   511.2   563.5   656.9  3246.0 28508.5 37709.3   7888.5     7821
read      487.0   970.7    86.8   159.4   181.5   377.7   485.9   564.7   629.4   699.2   780.7   912.2  1865.8 11295.4 32490.3  17746.3    17727
read      489.5   510.9    86.8   167.5   192.0   343.2   449.3   535.8   627.4   782.8  1012.0  1363.2  1970.8  4530.9 14626.9  65533.6    65559
read      475.0   496.9    86.8   156.1   177.9   335.5   452.6   540.0   637.3   808.4  1025.5  1273.0  1704.9  3984.4 13879.1  41152.1    41133
read      486.8   666.9    86.8   158.7   181.2   358.9   485.4   591.7   690.3   798.8   922.5  1078.2  1531.8  7449.4 31225.2  28802.7    28693
read      482.2   461.2    86.8   162.6   185.9   339.7   447.9   533.4   621.8   778.9  1040.3  1368.3  1857.3  3357.7 12611.2  53184.3    53141
read      483.9   447.5    86.8   163.0   186.5   343.4   452.4   539.7   629.4   790.8  1031.0  1348.4  1859.9  3585.6 10037.4  54405.8    54512
read      463.5   893.8    86.8   163.1   186.9   373.3   469.3   530.8   575.7   625.8   686.7   785.3  1651.0 11348.2 35221.7  14762.0    14835
read      404.4   525.8    86.8   174.6   200.5   348.2   418.4   459.8   491.7   532.2   589.0   692.2  1314.0  6348.4 27944.9  98320.6    98446
read      471.4   522.5    86.8   158.1   180.4   342.5   459.1   538.0   620.6   764.0   968.1  1214.0  1679.9  5537.2 15585.8  38135.8    38117
read      452.9   616.9    86.8   168.0   193.2   349.9   429.0   476.7   515.5   569.4   661.5  1115.1  2114.3  5792.3 29716.8  77998.6    77994
read      490.2   709.8    86.8   161.6   184.3   360.1   481.3   573.3   671.3   800.0   939.8  1115.2  1594.3  9362.6 31291.3  30146.8    30209
read      448.1   488.9    80.4   165.9   190.1   343.6   430.4   486.1   533.7   606.2   755.5  1147.6  1926.7  4873.3 14996.5  68351.5    68315
read      393.2   467.3    80.4   166.5   190.8   338.2   409.4   451.6   483.1   523.7   582.7   693.0  1568.4  5628.7 16290.6  91953.1    91940
read      390.5   389.6    80.4   167.3   191.0   352.4   432.1   476.2   507.9   546.1   596.9   684.3   993.7  4199.7 14950.3  49308.4    49308
read      378.4   253.2    80.4   165.8   189.6   349.7   427.8   469.5   500.3   536.1   583.0   663.5   876.1  2495.0  8065.8  46947.8    46880
read      356.3   215.0    80.4   169.6   192.9   328.4   393.7   431.6   460.2   495.0   541.3   621.7   823.8  1585.8  7905.8  92355.1    92540
read      390.5   281.1    86.8   170.9   194.8   356.8   440.4   485.5   518.4   556.2   607.7   692.7   918.0  2274.6 11357.8  49399.3    49396
read      375.8   228.6    86.8   182.5   208.6   347.4   412.0   450.3   478.6   513.7   563.2   644.2   855.3  1730.0  9934.3  97776.8    97841
read      394.8   236.2    86.8   173.3   197.6   365.1   448.3   492.5   524.4   562.7   614.6   699.2   918.7  2118.5  7257.5  35493.7    35404
read      382.1   264.6    86.8   177.3   202.1   346.9   418.6   460.2   491.8   531.0   584.9   682.9   951.0  2179.1  9459.3  80486.1    80451
read      363.7   224.3    86.8   175.7   199.9   335.2   399.8   437.2   465.8   500.6   546.9   628.9   849.1  1826.1  7240.6  87354.5    87228
read      377.3   236.3    80.4   174.3   198.5   345.0   418.3   460.3   491.7   529.6   581.1   670.8   901.0  1854.3  7430.1  75521.9    75554
read      494.7   804.6    80.4   170.9   194.8   353.4   453.8   526.0   591.8   694.1   880.7  1242.0  2366.5  6418.4 32106.1  57826.2    57964
read      587.7  1204.2    86.8   192.6   222.1   381.9   463.3   519.7   570.1   647.4   826.7  1562.0  4472.7 12889.5 35867.0  83592.5    83546
read      501.3   786.1    86.8   170.0   193.7   351.0   454.4   534.1   612.3   732.4   949.5  1290.9  2344.6  6328.7 32136.4  55443.0    55468
read      488.7   693.7    80.4   165.2   188.2   364.4   483.9   567.9   643.7   754.1   901.6  1106.4  2017.9  5766.3 31579.3  34140.9    34203
read      480.4   685.6    86.8   161.1   182.9   348.1   464.9   546.0   624.2   739.9   906.1  1133.4  1910.0  7289.8 31535.5  37623.0    37629
read      476.8   628.9    93.8   162.8   185.1   358.4   478.6   561.7   638.0   746.6   894.3  1089.4  1642.3  5762.9 31227.9  34523.6    34577
read      495.4   752.7    86.8   164.5   187.7   351.4   462.0   542.9   620.8   736.0   931.0  1245.2  2337.3  6269.6 32215.6  47480.6    47426
read      501.9   761.6    86.8   167.8   191.6   347.4   450.4   529.2   607.1   734.2   959.5  1330.1  2337.1  6873.1 31780.9  58874.0    58845
read      524.1   867.0    86.8   172.4   197.5   354.7   450.8   524.1   595.9   723.1   982.4  1424.2  3192.8  7296.1 32206.8  66976.7    66993
read      416.4   581.7   101.3   169.5   195.2   363.9   434.2   477.4   508.3   549.3   608.9   692.8  1110.6  7102.6 30679.6  10953.5    10977
read      492.1   709.3    86.8   162.7   185.6   342.8   448.2   525.6   600.8   729.5   955.5  1298.2  2559.7  5858.0 31577.3  51553.5    51529
read      493.2   693.9    86.8   162.6   184.8   343.7   450.1   533.6   617.3   749.5   980.1  1301.1  2300.1  5249.3 31575.3  48479.3    48344
read      418.5  1129.5    93.8   183.1   209.5   326.3   372.8   400.6   422.5   449.0   485.9   551.3  2133.2 19338.1 35845.4   5952.5     5902
read      556.6   960.1    86.8   176.0   202.6   364.0   460.9   537.6   615.8   752.8  1064.3  1568.7  3293.0  9695.2 32481.1  71422.6    71602
read      494.7   744.5    86.8   163.1   185.9   350.2   466.0   549.5   630.1   750.8   934.5  1206.5  2662.2  6139.2 32136.5  41908.3    41886
read      418.3   447.3    86.8   166.1   189.7   350.1   438.2   489.5   528.0   577.5   652.2   856.8  1495.5  3559.1 18818.2  47340.1    47456
read      374.6   281.1    86.8   175.7   200.7   339.5   404.9   444.4   473.6   510.4   563.2   655.1   931.2  3204.6  8346.0  93823.9    93939
read      372.5   271.5    86.8   169.5   191.7   359.9   426.8   457.1   477.4   500.9   534.0   591.7   794.8  4415.1  9302.1  16899.2    16890
read      437.4   412.5    86.8   159.5   182.0   340.4   441.1   505.3   561.2   647.2   809.4  1111.3  1554.2  3370.8 10179.4  45583.1    45689
read      480.9   592.1    80.4   157.4   180.3   356.1   481.0   574.7   674.4   805.6   947.8  1117.5  1526.6  6141.9 30330.0  32768.9    32790
read      485.3   602.0    86.8   162.4   184.9   345.1   465.6   551.3   638.2   768.9   970.5  1240.5  1834.7  5833.1 30387.3  44027.8    44044
read      466.0   600.3    86.8   159.1   181.7   362.0   478.7   564.4   649.4   754.4   878.5  1026.5  1334.7  6299.4 31048.8  28108.2    28149
read      477.9   542.7    80.4   158.0   179.6   339.4   457.8   541.8   635.3   805.5  1028.7  1271.7  1687.7  4325.5 22862.7  39768.0    39739
read      387.3   382.7    80.4   160.9   183.0   326.2   401.7   446.9   480.4   523.1   585.5   734.4  1588.4  3485.0 12274.4  72419.8    72475
read      411.0   525.4    80.4   167.7   192.6   339.1   409.8   452.7   485.6   529.2   594.1   747.2  1773.2  6112.1 24883.4  93890.7    93882
read      426.7  1065.2    93.8   174.2   199.6   332.2   386.6   417.3   438.5   466.6   503.9   583.8  2604.2 14136.9 32007.5   6649.5     6692
read      459.0   406.3    86.8   161.1   183.8   336.1   446.0   527.4   607.2   733.9   932.7  1214.3  1716.2  3456.1 10172.8  50275.2    50406
read      389.8   455.2    86.8   163.9   187.1   326.8   396.3   437.2   468.5   507.8   566.8   704.8  1673.4  5192.5 15345.5  83138.1    83055
read      456.3   428.9    80.4   162.1   185.4   339.4   447.2   525.6   600.4   716.5   898.2  1190.8  1706.0  3257.1 10983.4  55438.1    55609
read      467.5   864.1    86.8   159.9   182.0   373.3   473.4   542.6   600.8   667.2   742.4   855.5  1428.1 12527.2 32536.7  16980.9    16968
read      449.0   554.1    86.8   163.0   186.2   345.3   448.1   510.0   563.2   642.0   801.3  1089.3  1584.5  5810.4 27552.2  42964.7    43031
read      378.6   317.9    86.8   169.2   192.1   365.2   433.8   465.5   488.2   513.1   547.3   607.6   797.6  3720.9 11296.2  17238.3    17236
read      363.3   329.5    86.8   170.1   192.8   323.6   392.0   432.9   464.0   502.3   553.0   641.8   901.4  2919.8 11412.5  82085.3    82183
read      383.4   247.9    86.8   170.3   194.4   352.8   432.9   476.1   506.3   541.6   587.9   669.4   889.9  2525.1  7188.7  42225.6    42212
read      363.1   280.6    93.8   172.9   196.8   360.1   408.5   431.8   449.7   469.2   498.1   545.2   690.0  3934.8 12872.7  12180.4    12244
read      370.0   281.9    80.4   164.3   187.5   335.8   412.6   457.0   488.9   526.0   574.2   654.3   870.9  2288.7 12632.4  61777.5    61777
read      393.0   413.9    93.8   163.0   184.2   344.9   433.7   481.3   514.3   554.7   609.9   699.9  1084.1  5170.5 13044.4  37004.5    36984
read      393.3   468.1    86.8   160.8   182.1   348.3   433.4   478.4   509.9   548.6   602.0   687.1  1077.4  4917.4 24499.1  29070.1    29093
read      400.7   449.9    86.8   161.5   183.6   355.9   439.4   482.9   514.7   554.5   612.9   712.3  1231.1  4972.3 15656.2  41661.4    41715
read      391.9   350.0    86.8   159.9   181.5   351.8   435.0   478.7   510.3   549.3   605.4   699.1  1088.3  4729.5  9340.1  34872.6    34838
read      387.7   405.7    80.4   167.6   191.0   341.2   421.7   466.7   500.1   540.0   594.0   689.6  1018.7  4203.8 15482.6  63604.8    63574
read      382.0   287.0    86.8   167.2   190.0   356.4   438.8   477.6   502.9   532.9   571.9   639.2   914.3  3356.6  8027.4  24408.9    24401
read      401.2   409.3    86.8   169.4   193.2   356.8   445.4   492.2   524.3   559.8   608.9   691.4  1098.1  4507.3 14087.7  32006.4    32025
read      392.0   311.9    86.8   176.5   203.0   353.6   425.4   467.1   499.9   541.1   598.5   697.8   980.4  3111.3 11682.3  99062.6    98971
read      433.4   573.3    86.8   163.4   186.0   365.0   465.0   517.3   557.0   615.6   700.0   856.2  1231.7  6709.5 30298.3  23554.8    23657
read      459.1   567.4    86.8   168.8   192.9   344.9   430.6   487.9   536.4   610.2   758.9  1199.6  2075.3  5862.1 26497.7  67685.3    67877
read      489.3   529.2    86.8   164.4   188.3   346.6   457.1   543.7   633.2   787.8  1016.4  1334.9  1864.8  5135.7 14604.1  53782.9    53849
read      483.7   678.4    86.8   180.0   207.1   370.5   454.5   506.3   548.9   610.9   719.0  1125.2  2379.2  8334.7 30455.0  79558.8    79536
read      451.1   822.0    93.8   168.2   191.2   369.0   446.2   489.2   525.2   579.0   665.5   807.7  1756.8 11465.3 32296.9  17020.1    17081
read      368.6   221.6    80.4   165.1   188.3   338.8   420.8   464.0   494.3   528.4   571.6   642.1   845.0  1516.6  8202.1  38936.3    39024
read      366.4   249.3    86.8   164.2   187.0   344.3   425.0   461.9   486.9   514.5   550.1   616.2   788.2  1842.0 10655.2  26038.4    26125
read      364.4   247.0    80.4   163.3   186.1   335.5   417.7   459.4   486.7   516.1   552.8   621.9   811.5  2101.7 10058.7  33325.0    33388
read      362.9   240.2    80.4   165.8   187.8   351.4   421.1   453.8   475.0   499.8   533.8   591.8   743.7  2049.4  9746.7  20999.8    20979
read      341.9   210.3    80.4   165.1   188.0   314.4   376.0   412.7   440.0   473.6   520.1   595.0   789.1  1359.8  7889.8  95889.9    95865
read      349.4   216.3    86.8   162.2   184.4   318.5   388.5   429.0   459.5   495.7   542.2   621.1   816.9  1420.4  7698.7  74150.3    73949
read      366.3   227.5    80.4   162.6   185.3   329.6   407.7   454.2   487.6   527.3   579.1   665.6   893.2  2100.1  7661.9  61041.0    60987
read      380.8   264.0    86.8   170.7   194.5   341.4   421.2   467.5   501.8   541.9   594.4   688.5   953.1  2280.3 10297.7  54292.2    54175

Total QPS = 49628.1 (74442152 / 1500.0s)

Total connections = 64
Misses = 0 (0.0%)
Skipped TXs = 0 (0.0%)

RX 18387212285 bytes :   11.7 MB/s
TX          0 bytes :    0.0 MB/s
Warning! Detected max cpu usage > 95%
CPU Usage Stats (avg/min/max): 99.95%,47.72%,100.00%