Wed May 25 13:50:29 UTC 2022
Random waveform, supplied seed
Total number of intervals = 180 (5031, 54838, 74868, 30015, 40743, 23648, 97712, 53672, 55395, 29425, 15173, 82475, 90555, 47944, 28313, 28504, 22886, 35717, 14828, 81704, 55771, 85226, 75020, 12441, 56208, 17446, 86943, 49138, 49839, 47752, 27181, 6170, 7187, 99387, 91970, 79658, 59230, 78081, 64242, 37702, 40686, 30376, 38416, 65892, 39560, 10016, 55224, 19982, 48114, 36283, 23315, 11150, 98724, 56880, 13467, 99368, 46206, 71651, 22741, 56654, 99570, 23047, 70008, 42943, 46704, 75970, 21917, 82027, 81583, 14259, 7821, 17727, 65559, 41133, 28693, 53141, 54512, 14835, 98446, 38117, 77994, 30209, 68315, 91940, 49308, 46880, 92540, 49396, 97841, 35404, 80451, 87228, 75554, 57964, 83546, 55468, 34203, 37629, 34577, 47426, 58845, 66993, 10977, 51529, 48344, 5902, 71602, 41886, 47456, 93939, 16890, 45689, 32790, 44044, 28149, 39739, 72475, 93882, 6692, 50406, 83055, 55609, 16968, 43031, 17236, 82183, 42212, 12244, 61777, 36984, 29093, 41715, 34838, 63574, 24401, 32025, 98971, 23657, 67877, 53849, 79536, 17081, 39024, 26125, 33388, 20979, 95865, 73949, 60987, 54175, 51484, 39771, 32864, 42033, 43808, 45785, 35582, 38504, 15320, 74264, 43890, 5962, 38365, 55971, 23217, 87681, 91728, 96668, 80475, 27150, 53444, 23737, 87776, 82175, 98548, 37704, 64701, 69089, 89785, 16676)
Average QPS expected = 50230
Timestamp start: 1653486630642
Timestamp end: 1653488431093

#type       avg     std     min      p5     p10     p50     p67     p75     p80     p85     p90     p95     p99    p999   p9999      QPS   target
read      364.2   408.5   101.3   194.5   222.7   337.6   372.4   393.6   408.4   427.8   454.4   500.4   840.8  5904.7 13600.7   5022.9     5031
read      471.1   464.8    86.8   187.4   214.3   383.8   485.3   554.0   612.4   691.5   800.8   998.2  1535.8  5029.9 14495.7  54530.6    54838
read      427.9   373.0    86.8   182.8   209.3   358.8   436.7   484.3   522.5   574.9   666.6   885.2  1560.3  4261.6 10414.0  74858.5    74868
read      460.0   546.7    86.8   177.7   204.8   397.6   486.7   535.0   574.1   629.6   725.7   890.1  1366.0  7402.5 21550.2  30070.7    30015
read      492.9   444.7    86.8   187.6   216.2   407.9   522.7   596.5   658.6   742.2   853.7  1046.8  1493.2  5200.0 14760.1  40819.6    40743
read      503.0   757.7    93.8   181.9   210.7   420.8   516.5   579.7   622.3   676.5   756.2   889.5  1883.0 10528.8 31659.1  23645.2    23648
read      437.5   590.4    93.8   189.8   215.7   353.2   421.6   463.6   497.4   543.3   622.2   839.1  1822.2  8305.4 25890.8  97721.2    97712
read      433.0   375.1    93.8   178.5   204.8   363.9   452.4   503.6   544.0   597.4   688.6   899.7  1486.0  3885.2 12398.0  53659.0    53672
read      491.6   468.8    86.8   188.4   216.7   388.5   497.7   573.7   638.1   729.1   861.6  1107.6  1714.3  5405.8 14229.9  55245.2    55395
read      497.0   481.1    93.8   184.2   212.4   421.3   533.8   608.5   666.7   741.0   840.0  1000.6  1401.5  5717.1 15851.9  29388.2    29425
read      512.0   929.1    93.8   186.5   215.7   422.4   515.8   569.2   609.0   655.8   715.6   830.6  2516.7 10757.0 32096.1  15150.3    15173
read      410.4   498.6    86.8   183.2   208.4   345.6   414.6   456.9   488.9   528.8   586.5   727.9  1579.5  5958.3 17173.0  82370.2    82475
read      413.4   508.3    86.8   185.1   209.8   341.2   406.4   448.4   479.9   520.0   581.3   744.7  1776.5  6268.3 17230.0  90505.8    90555
read      442.1   458.0    93.8   182.4   208.6   372.3   463.9   516.2   556.0   610.4   696.7   883.4  1449.7  4877.1 17790.3  47912.2    47944
read      508.1   627.5    93.8   188.1   216.5   425.1   533.5   603.0   657.3   720.3   807.7   972.7  1641.9  7892.9 30749.7  28359.9    28313
read      502.5   592.8    93.8   183.7   212.0   420.6   529.4   601.8   657.4   722.3   813.6   980.7  1600.2  7107.0 30407.2  28453.4    28504
read      510.2   762.9    93.8   185.5   214.0   420.4   527.7   593.8   644.9   701.8   775.4   914.9  1907.0 10453.0 32443.7  22868.8    22886
read      492.3   525.2    86.8   184.0   212.4   408.7   520.6   593.2   653.6   725.6   828.3  1003.0  1445.0  6534.7 18669.4  35657.7    35717
read      490.6   876.2    93.8   183.7   212.5   405.6   502.8   552.6   588.2   630.0   683.1   784.6  1922.6 11504.9 33108.8  14876.7    14828
read      403.5   429.4    86.8   181.5   206.5   341.8   410.7   453.7   487.6   529.9   588.5   739.9  1478.7  5423.2 13828.7  81728.9    81704
read      460.5   464.3    93.8   186.7   214.0   378.5   475.2   538.2   587.7   656.9   757.9   956.6  1520.6  5219.0 16574.9  55765.9    55771
read      414.5   476.4    93.8   183.9   209.1   345.3   413.6   455.8   488.6   530.5   591.6   766.4  1704.8  5597.8 20002.8  85065.2    85226
read      421.6   383.2    93.8   186.2   212.3   355.4   430.9   476.8   513.0   559.4   630.5   813.9  1642.6  4046.0 11785.3  75081.5    75020
read      426.0   715.4    93.8   176.5   201.1   372.1   430.9   467.1   497.2   532.8   580.5   668.4  1481.3  8253.6 32040.2  12420.2    12441
read      483.4   427.0    86.8   189.7   218.0   385.6   494.4   570.5   635.5   723.8   845.4  1077.4  1621.2  4365.8 12885.4  56127.3    56208
read      490.9   887.8    93.8   182.2   210.2   396.0   495.8   556.2   598.0   646.6   711.7   816.2  2050.1 11235.7 33896.3  17418.0    17446
read      411.0   427.5    93.8   182.1   207.5   343.8   411.2   454.2   488.8   535.0   603.9   799.5  1627.8  5300.8 12841.1  86951.5    86943
read      466.9   509.1    86.8   181.1   208.2   374.2   471.1   535.9   587.9   665.7   783.0  1016.1  1601.5  5544.4 16006.8  49213.1    49138
read      504.1   642.0    93.8   188.8   217.6   390.7   504.5   583.6   652.1   740.5   863.9  1101.1  1685.1  8991.8 30756.4  49948.6    49839
read      505.7   640.5    86.8   187.7   215.5   390.4   503.6   583.6   653.6   746.8   873.0  1121.3  1702.1  8819.7 30741.8  47731.1    47752
read      514.8   764.8    93.8   185.4   214.7   415.4   524.4   599.3   658.0   727.1   812.7   987.5  1701.7  9880.9 31815.9  27170.7    27181
read      501.9  1427.2   101.3   187.7   214.0   362.5   411.9   440.5   464.4   494.1   537.5   628.4  4463.4 30418.9 36973.1   6169.3     6170
read      495.8  1386.0   101.3   185.8   213.1   371.5   426.1   457.6   482.3   515.2   564.8   647.3  3669.4 29663.2 37181.0   7225.3     7187
read      391.7   438.8    86.8   189.3   214.8   345.8   406.5   443.1   470.4   506.4   557.4   652.7  1176.2  5020.3 14983.1  99375.4    99387
read      417.1   515.2    86.8   190.2   215.7   347.2   411.0   451.3   483.4   526.9   590.8   748.0  1620.0  6366.0 17852.7  92000.9    91970
read      411.7   466.7    86.8   182.2   207.4   344.4   413.6   455.2   489.2   534.7   602.7   767.0  1602.5  5693.1 14318.5  79675.7    79658
read      465.8   535.5    86.8   186.5   213.5   372.3   464.1   528.2   582.7   657.3   774.6  1004.5  1671.0  6519.6 21184.0  59321.0    59230
read      398.1   447.9    86.8   179.6   204.4   340.9   409.4   449.9   481.3   522.8   582.9   711.6  1373.0  5401.3 14820.2  78097.0    78081
read      473.6   506.8    93.8   190.9   218.6   376.2   468.6   536.0   592.3   675.5   801.2  1048.2  1689.8  5872.8 16520.9  64266.5    64242
read      510.8   674.5    93.8   189.0   216.4   407.2   521.0   602.2   669.7   749.1   856.7  1053.3  1617.4  9081.7 31399.7  37673.1    37702
read      513.6   709.6    86.8   186.9   215.6   408.0   519.4   599.1   666.5   747.2   852.1  1048.2  1615.6  9413.8 31380.0  40746.8    40686
read      503.6   693.9    86.8   184.4   212.9   410.0   512.7   590.3   653.2   729.8   821.7   986.8  1570.8  9570.2 31332.5  30291.7    30376
read      506.1   627.2    93.8   186.7   214.9   404.1   513.8   592.7   659.5   740.8   848.4  1044.5  1661.4  8043.1 30143.9  38616.3    38416
read      504.7   583.6    86.8   197.6   226.0   392.7   498.3   577.7   645.2   733.8   861.0  1103.7  1779.2  8078.3 28343.0  65943.7    65892
read      502.2   629.8    86.8   188.0   216.2   407.3   516.2   593.2   660.0   738.7   842.5  1028.7  1594.0  8645.7 28312.6  39543.8    39560
read      515.6  1121.0   101.3   189.6   216.7   403.1   478.7   523.5   558.0   601.6   656.4   757.0  3492.7 12899.2 32522.3  10041.8    10016
read      507.2   631.0    93.8   192.4   221.1   390.6   496.2   574.9   643.7   738.9   878.9  1131.5  1817.9  8936.7 30363.6  55151.5    55224
read      500.8   815.2    86.8   183.7   212.9   406.2   501.1   573.0   628.5   686.7   760.1   879.3  1985.4  9633.5 35456.0  20004.6    19982
read      510.5   637.2    93.8   188.9   217.0   396.0   505.9   588.4   661.2   752.3   880.7  1103.5  1794.8  8835.8 30056.0  48158.7    48114
read      507.9   636.3    86.8   187.7   216.4   411.1   520.2   602.0   670.0   747.2   854.7  1033.4  1560.6  8540.8 30170.6  36261.7    36283
read      502.4   810.1    93.8   183.1   211.6   404.3   498.1   565.1   622.5   685.5   763.1   897.2  2136.4 10775.8 31574.2  23323.0    23315
read      505.1  1201.0    93.8   180.2   206.4   393.1   468.4   507.5   540.5   581.4   640.1   740.3  3520.3 20021.3 36500.1  11243.8    11150
read      396.7   457.5    93.8   188.7   214.1   344.9   404.8   440.8   467.8   502.4   551.5   654.9  1469.6  5732.2 14475.8  98584.1    98724
read      483.1   644.3    93.8   188.8   216.7   381.7   478.8   544.3   601.3   684.4   803.6  1022.6  1700.0  8128.1 30122.3  56864.2    56880
read      450.5   815.1    93.8   179.2   204.9   386.9   450.3   486.6   512.4   548.0   605.4   713.3  1539.5 10512.1 31776.1  13489.0    13467
read      387.4   441.4    86.8   186.3   210.6   341.4   401.5   437.3   465.7   500.9   549.4   647.8  1196.0  5133.4 16137.6  99300.9    99368
read      498.5   642.0    93.8   184.5   210.9   380.6   485.1   554.1   624.4   729.5   882.9  1168.5  1821.2  7898.5 31055.2  46292.2    46206
read      424.7   452.9    86.8   182.9   208.6   355.9   432.6   480.1   516.7   564.6   637.6   814.9  1612.3  5070.9 14255.4  71588.9    71651
read      508.8   812.5    93.8   183.2   210.3   406.5   502.6   564.7   621.7   699.8   797.9   959.1  1984.4 10387.1 31841.1  22790.3    22741
read      505.9   601.1    93.8   193.2   221.2   389.9   497.6   574.1   643.0   739.8   874.6  1143.8  1816.1  7868.0 29494.1  56783.3    56654
read      419.7   549.5    86.8   189.9   215.9   349.4   412.1   450.4   479.7   519.4   581.2   737.8  1693.6  7986.3 16426.9  99518.5    99570
read      444.4   625.2    93.8   175.0   200.1   380.8   459.0   500.6   534.5   582.2   670.1   810.0  1313.5  8769.4 30262.9  23079.3    23047
read      444.4   477.3    93.8   186.2   212.6   362.3   442.5   495.1   537.7   597.4   708.4   942.2  1647.6  5527.3 12885.0  69934.7    70008
read      512.0   653.4    93.8   185.0   212.5   393.3   506.0   584.2   658.3   758.3   901.3  1153.0  1769.2  9285.2 29671.0  42981.3    42943
read      498.7   574.9    86.8   188.5   216.5   395.8   505.0   578.7   644.0   736.9   859.8  1077.6  1653.0  8145.5 20238.1  46697.3    46704
read      443.4   435.3    86.8   188.8   215.5   363.6   442.3   493.8   536.6   594.4   696.4   925.6  1709.4  5082.8 12504.2  75789.0    75970
read      451.0   736.1    93.8   176.9   201.8   382.8   460.1   500.5   533.5   579.0   664.9   816.4  1343.4 10002.5 31950.1  21864.5    21917
read      419.3   500.9    93.8   186.3   211.1   346.2   414.2   455.8   488.4   531.3   595.3   789.3  1710.0  6461.1 16123.3  81901.6    82027
read      430.6   488.0    93.8   188.6   214.2   350.7   419.7   462.5   497.9   545.7   630.6   891.1  1775.7  6551.5 12788.9  81500.0    81583
read      454.2   863.8    93.8   178.9   203.3   388.0   452.1   487.3   514.8   550.5   603.8   710.8  1751.9  9273.4 32039.1  14269.5    14259
read      545.3  1597.4   101.3   188.5   216.0   384.0   447.5   481.6   506.0   538.0   583.4   693.3  5540.9 30882.3 42734.8   7847.7     7821
read      525.9  1046.1   101.3   187.1   214.1   409.4   506.5   569.4   617.6   680.4   760.2   871.8  2913.1 13290.7 32676.7  17765.6    17727
read      450.2   622.7    93.8   186.5   212.8   363.0   443.2   494.7   537.0   592.2   689.6   921.3  1673.5  8119.0 30592.1  65514.0    65559
read      507.8   648.8    93.8   189.4   216.2   392.4   503.2   579.0   650.5   760.9   913.6  1148.5  1674.2  9014.8 30971.0  41011.9    41133
read      519.9   795.3    93.8   187.5   214.4   401.1   505.9   581.9   652.7   760.0   883.3  1062.8  1797.2 10826.9 32115.5  28652.2    28693
read      508.3   628.2    93.8   194.3   222.0   390.8   498.6   576.2   644.6   747.3   895.1  1150.2  1801.3  8386.5 29393.4  53234.9    53141
read      505.8   575.1    93.8   198.9   226.8   398.1   505.2   580.9   643.2   738.8   867.9  1099.4  1755.9  7935.7 25724.6  54393.9    54512
read      510.4  1136.8   101.3   184.2   210.6   394.9   482.9   533.8   570.2   611.5   668.6   785.6  2936.6 13322.7 36343.8  14900.5    14835
read      432.9   601.3    93.8   196.1   222.4   356.3   418.4   456.6   487.1   527.9   591.0   762.7  1777.6  8563.3 29637.6  98494.2    98446
read      464.0   617.8    93.8   179.5   205.3   373.7   465.0   518.7   563.3   630.2   761.3   992.0  1557.5  8808.6 30276.9  38051.2    38117
read      413.0   458.8    86.8   182.0   207.0   347.3   417.1   459.4   493.0   536.8   606.5   795.5  1580.4  5578.0 13783.6  78085.7    77994
read      491.4   725.5    93.8   184.7   210.9   395.0   489.7   545.7   594.4   674.2   806.2  1004.5  1700.7  8739.6 32144.2  30259.4    30209
read      466.1   480.0    93.8   195.8   223.0   377.8   466.8   527.7   578.9   651.8   771.3   992.3  1635.3  6148.9 14453.6  68287.3    68315
read      433.2   582.9    86.8   192.0   218.0   352.8   417.4   456.7   487.7   529.3   593.9   792.9  1859.0  8370.4 28637.5  91935.5    91940
read      456.7   569.3    93.8   182.3   208.1   366.1   455.2   509.1   552.4   615.6   731.0   993.5  1675.3  7759.3 29449.7  49280.7    49308
read      504.0   672.4    86.8   187.9   214.9   390.2   495.9   567.8   632.6   730.9   878.8  1119.7  1729.1  9852.9 30714.7  46795.2    46880
read      418.6   521.0    86.8   187.2   212.0   346.2   411.0   450.2   480.5   522.0   587.8   784.8  1714.4  7172.3 17698.4  92459.7    92540
read      404.9   442.0    86.8   180.2   205.7   357.8   435.0   478.5   510.1   547.1   596.4   691.2  1153.8  4713.7 16120.2  49357.3    49396
read      377.9   229.2    86.8   197.2   222.4   349.1   406.5   440.4   466.0   498.4   542.7   624.6   929.1  2137.0  8302.3  97743.4    97841
read      407.2   289.5    86.8   187.0   212.5   371.1   455.5   499.7   530.2   565.3   611.1   690.4  1017.9  3382.8  9706.2  35319.8    35404
read      360.4   209.7    86.8   183.6   207.6   334.4   396.0   431.2   457.6   489.1   530.4   595.5   800.6  1924.1  8076.2  80504.2    80451
read      360.3   224.9    86.8   187.4   210.6   334.4   394.2   428.6   454.7   486.1   528.2   594.0   787.4  1797.7  7960.9  87209.4    87228
read      364.8   230.5    86.8   182.1   206.6   337.8   401.8   438.6   465.8   498.9   541.2   612.0   813.3  1771.6  7758.7  75621.6    75554
read      386.8   270.8    80.4   182.0   207.7   355.9   429.4   470.7   502.5   538.9   584.6   661.9   888.1  1952.4  9241.3  57966.1    57964
read      367.4   225.3    86.8   185.6   210.0   341.0   403.6   439.4   466.0   498.7   541.6   614.4   828.2  1835.7  9290.5  83619.6    83546
read      385.5   222.2    86.8   182.7   208.4   358.4   430.8   471.8   502.4   537.3   581.5   652.3   862.8  2096.2  9120.0  55497.7    55468
read      412.9   359.4    86.8   182.4   208.4   374.3   459.4   503.2   533.9   570.3   620.0   713.0  1050.5  4046.4 13520.0  34245.9    34203
read      503.0   631.6    86.8   188.3   216.3   410.6   517.3   586.4   645.4   724.2   832.5  1006.6  1635.2  8822.6 30709.6  37647.3    37629
read      513.0   751.3    86.8   187.7   215.6   415.4   522.6   588.7   646.4   725.7   828.4   990.0  1694.7  9304.4 31959.2  34505.4    34577
read      502.9   630.7    93.8   187.9   215.8   397.9   503.9   573.6   632.8   717.5   838.2  1042.7  1890.1  8274.8 30512.0  47408.6    47426
read      507.4   648.5    93.8   194.2   221.8   387.4   487.4   555.1   615.3   698.9   833.3  1086.5  2580.2  7928.6 30125.2  58784.2    58845
read      505.0   592.3    93.8   200.1   227.5   391.9   489.9   557.2   616.4   698.3   823.7  1059.5  2299.9  6787.9 16028.3  67010.9    66993
read      472.6   853.3    93.8   182.8   209.7   406.8   476.9   516.7   545.0   580.6   626.8   713.2  2278.2  9593.3 32003.5  10997.8    10977
read      511.4   619.1    93.8   193.3   221.6   396.3   501.7   572.2   633.4   721.2   847.6  1082.4  2400.0  7230.3 28210.3  51392.2    51529
read      500.7   555.7    86.8   190.5   218.9   398.0   503.1   572.8   630.4   712.7   829.4  1041.1  2132.6  6349.0 21233.9  48199.4    48344
read      463.0  1036.4   109.4   194.1   223.6   379.7   435.0   462.1   482.3   506.9   544.2   622.1  2699.7 13854.7 32094.1   5927.4     5902
read      533.9   686.1    93.8   206.9   235.5   400.6   500.3   572.2   636.0   728.2   870.7  1151.3  3020.1  8504.1 28475.3  71495.7    71602
read      521.6   658.7    93.8   195.3   224.2   414.0   522.2   591.2   650.4   732.8   846.0  1037.8  2505.8  8768.9 29969.0  41916.6    41886
read      516.3   630.2    93.8   193.9   222.3   402.5   510.8   584.6   645.0   731.4   854.6  1077.4  2425.8  7334.4 28976.8  47571.7    47456
read      448.1   606.5    93.8   201.7   227.8   363.2   429.2   469.0   501.6   544.9   616.8   803.9  2000.0  8319.2 25467.3  93837.7    93939
read      489.3   844.2    93.8   185.4   211.8   417.0   506.2   558.7   597.6   640.2   699.5   798.0  1702.1 10417.9 32071.4  16894.7    16890
read      447.9   510.7    86.8   186.5   213.4   378.1   471.4   523.1   560.5   606.2   673.4   823.1  1416.4  6318.9 15625.0  45676.8    45689
read      406.8   394.9    86.8   183.8   209.1   367.8   458.0   501.7   530.4   562.6   603.5   674.6   926.8  4597.9 14128.8  32872.8    32790
read      386.8   259.9    86.8   183.7   208.8   354.7   432.4   475.9   504.5   538.0   580.4   650.5   866.7  2705.2  9719.8  44106.3    44044
read      458.5   513.0    93.8   188.6   214.9   392.7   484.3   534.9   576.0   633.6   723.2   876.1  1309.3  7366.1 19620.2  28153.4    28149
read      496.7   633.3    93.8   187.0   215.1   396.3   499.2   567.3   627.8   715.4   842.2  1066.7  1642.7  8355.0 30966.6  39749.1    39739
read      456.5   492.9    93.8   191.4   218.5   367.4   452.2   506.6   552.3   621.0   736.4   975.5  1722.9  5897.3 14982.4  72404.9    72475
read      424.7   553.3    86.8   192.7   219.0   352.5   417.7   457.8   489.3   530.4   592.0   758.8  1672.1  8463.8 25135.2  93714.9    93882
read      455.1  1065.1   101.3   187.6   213.8   356.7   406.1   434.3   457.3   485.8   526.1   607.4  3332.6 12271.5 32399.8   6704.1     6692
read      493.3   587.9    86.8   191.4   219.3   389.2   494.1   564.4   625.2   709.3   842.7  1092.1  1675.1  7826.6 30359.6  50329.3    50406
read      416.8   460.6    93.8   187.2   211.6   344.2   414.1   458.8   495.3   543.6   625.9   843.6  1571.8  5421.2 17645.7  82843.9    83055
read      446.6   477.7    93.8   184.3   210.6   367.3   456.3   510.8   554.2   616.5   722.7   940.5  1496.1  5845.4 13690.4  55504.7    55609
read      517.8  1142.4    93.8   182.8   208.9   401.1   499.0   554.7   593.3   639.3   697.6   802.9  2976.3 18421.2 36153.6  16956.2    16968
read      492.1   608.9    86.8   187.5   214.2   391.2   494.6   562.0   622.0   706.0   830.6  1067.1  1644.6  8419.5 30271.4  42987.7    43031
read      505.9  1037.7    86.8   182.4   208.4   399.8   499.4   554.6   592.8   638.4   697.4   802.6  2593.4 13087.0 36179.3  17254.4    17236
read      413.6   494.9    86.8   185.3   210.2   343.8   411.8   454.6   488.0   532.0   599.6   793.4  1579.7  5856.6 20493.4  82006.4    82183
read      381.2   384.9    93.8   174.8   198.6   340.0   419.4   462.2   491.5   524.1   563.9   629.8   959.8  4022.1 12754.0  42199.1    42212
read      385.9   492.2    93.8   177.1   202.0   368.3   415.3   438.6   457.1   477.7   507.0   566.7   867.7  7100.2 28665.2  12249.7    12244
read      376.9   271.5    86.8   182.7   207.7   343.8   412.4   454.3   485.3   522.1   570.0   641.9   862.8  2266.0  8463.2  61530.2    61777
read      398.6   319.4    86.8   183.5   208.8   358.2   443.5   490.7   522.4   557.8   601.1   679.1   938.1  3533.2 11799.2  36872.4    36984
read      390.1   263.9    86.8   181.2   205.8   361.4   446.1   488.1   515.4   546.5   586.3   651.9   853.8  2434.1  8336.9  29177.8    29093
read      386.2   269.4    86.8   183.6   208.9   352.4   430.1   475.2   506.7   543.3   588.0   660.1   860.9  2144.8  9463.9  41673.4    41715
read      384.8   238.4    80.4   180.1   205.1   354.9   435.9   479.7   508.3   541.9   583.6   649.8   846.2  2136.1  9147.6  34886.3    34838
read      382.7   388.6    86.8   188.8   212.6   339.0   404.5   445.8   476.9   515.5   566.7   651.6   994.3  3682.2 17011.9  63604.0    63574
read      406.9   336.9    93.8   182.0   206.0   373.0   458.1   498.6   526.9   558.7   599.6   680.8  1013.8  4388.2  9254.7  24451.9    24401
read      398.6   402.0    93.8   175.6   199.3   355.5   442.0   486.0   515.4   548.4   590.9   667.7  1044.5  4762.3 15308.6  31968.3    32025
read      390.0   379.2    93.8   197.9   223.0   349.6   409.9   446.7   474.0   508.8   559.3   646.6   994.7  4295.7 14326.0  98986.8    98971
read      404.8   517.1    86.8   183.7   207.7   364.1   439.3   479.9   507.2   538.6   581.4   659.5  1036.7  5506.3 24797.3  23670.6    23657
read      401.7   410.8    93.8   200.1   224.2   349.0   414.9   457.3   490.8   532.4   589.7   691.6  1180.5  4847.8 15637.2  67906.9    67877
read      405.1   390.7    93.8   195.2   220.0   352.7   425.7   471.8   508.2   550.1   611.1   711.9  1151.8  4415.2 11722.8  53868.2    53849
read      379.5   357.4    93.8   195.5   218.8   333.0   392.1   429.2   458.8   496.0   546.5   640.6  1082.2  4510.1 10106.8  79588.1    79536
read      419.1   476.9    93.8   183.1   207.6   388.5   458.6   494.2   519.9   550.0   592.4   669.6  1057.2  7427.1 16255.8  17071.5    17081
read      490.6   625.4    93.8   188.3   216.4   394.5   498.4   570.9   631.1   712.4   821.9  1011.9  1530.2  8882.3 30494.7  39059.7    39024
read      508.0   768.9    93.8   189.1   217.8   409.6   511.2   586.8   648.0   718.7   805.7   948.5  1555.7 10003.6 31624.6  26056.5    26125
read      505.6   696.3    93.8   187.2   214.4   396.7   501.0   578.3   648.4   745.9   879.7  1098.8  1573.5  9193.9 31644.2  33169.0    33388
read      513.0   963.6    93.8   187.5   213.4   403.5   490.0   545.7   594.8   658.5   750.7   922.5  2722.6 13261.1 32353.6  21029.6    20979
read      360.7   225.3    86.8   192.5   216.8   335.4   390.3   422.7   447.2   476.8   519.0   589.7   788.6  1957.6  8608.7  95762.2    95865
read      365.5   245.3    86.8   183.4   208.3   338.5   400.3   436.6   463.5   496.1   539.6   614.2   807.1  1830.8  8578.4  74038.1    73949
read      375.7   236.8    86.8   181.6   207.6   346.6   414.3   454.5   483.8   518.8   564.9   638.0   847.2  2019.7  8264.5  60920.3    60987
read      380.2   267.9    86.8   182.8   209.0   349.7   420.5   461.6   491.1   525.7   570.3   640.1   849.2  1966.2  8938.2  54158.9    54175
read      379.0   259.6    80.4   182.0   208.4   349.5   420.6   461.6   490.7   524.8   569.7   638.9   827.1  1893.3  8748.7  51383.3    51484
read      387.4   279.0    86.8   184.0   210.3   356.6   434.2   475.1   502.3   534.7   577.2   648.4   846.3  3001.8  8445.2  39709.5    39771
read      386.1   301.8    86.8   181.8   207.1   359.2   436.7   474.6   499.2   528.9   568.5   637.1   829.6  2926.6 11098.5  32743.2    32864
read      390.5   294.4    86.8   182.8   209.6   357.5   436.9   480.8   509.3   542.9   586.7   659.6   859.3  2669.2 11069.0  42020.4    42033
read      383.8   284.4    86.8   183.6   210.2   354.1   429.0   471.1   499.4   531.5   572.5   639.1   828.7  2027.6 11750.1  43943.5    43808
read      379.2   243.8    80.4   182.3   208.8   351.8   423.9   465.1   493.6   525.6   566.2   632.5   806.9  1893.0  9116.2  45974.6    45785
read      387.0   307.7    93.8   184.7   210.5   358.2   435.2   475.3   501.9   532.2   570.9   634.9   817.5  3197.0 10228.8  35604.2    35582
read      387.0   274.2    80.4   186.2   211.5   358.1   435.6   477.8   504.8   536.2   577.2   644.0   831.5  2083.4  9030.8  38528.8    38504
read      397.9   321.2    93.8   185.8   211.8   393.9   447.4   473.3   494.0   517.0   547.6   606.2   774.3  4397.3 11228.1  15300.9    15320
read      367.2   249.1    86.8   185.0   210.3   338.8   400.1   436.2   464.2   497.8   541.2   614.4   824.3  1952.3  9594.6  74136.3    74264
read      384.4   265.1    93.8   184.5   210.8   354.7   428.7   470.3   499.6   531.2   570.7   636.9   834.2  2262.2  9126.6  43913.1    43890
read      382.5   424.4   101.3   205.9   236.8   362.6   395.5   413.8   427.7   445.1   469.8   522.5   726.5  6168.5 16938.9   5972.5     5962
read      397.3   237.2    86.8   187.5   216.1   375.3   447.3   485.8   511.7   542.5   582.8   653.0   867.1  2037.9  8981.5  38280.5    38365
read      374.4   244.1    86.8   183.0   209.1   346.6   414.4   454.6   483.8   517.3   558.0   624.9   812.3  1844.9  8784.8  56076.4    55971
read      394.0   270.2    86.8   184.3   209.1   379.8   452.5   485.4   507.0   534.3   569.8   632.8   827.1  3219.3  8681.0  23175.2    23217
read      362.7   251.0    86.8   189.3   213.5   335.5   393.2   427.4   453.8   486.2   529.6   598.3   795.3  1838.0 10424.3  87690.1    87681
read      358.0   211.9    86.8   189.4   213.7   334.1   390.3   422.8   447.4   477.1   517.7   585.2   776.0  1723.8  7935.1  91768.1    91728
read      357.6   219.8    80.4   191.3   215.9   334.8   389.3   420.9   444.4   472.4   511.4   578.1   758.3  1739.9  8314.1  96896.0    96668
read      363.7   259.7    80.4   186.7   210.9   335.5   394.8   430.0   456.9   489.6   533.3   604.0   815.6  1907.9  8833.6  80462.0    80475
read      399.4   269.2    80.4   186.8   212.1   380.3   459.3   494.7   518.6   545.6   582.7   646.1   847.8  3182.6 12205.6  27134.9    27150
read      385.0   232.3    80.4   187.5   214.0   356.2   426.3   466.7   496.5   530.9   573.7   641.1   854.2  2071.5  8430.9  53518.8    53444
read      397.6   266.3    86.8   184.8   210.1   385.8   461.0   493.4   515.0   541.3   576.5   635.8   812.6  3447.2  9199.1  23768.3    23737
read      357.0   223.2    86.8   185.8   209.9   332.9   390.1   423.5   448.8   479.1   519.7   584.7   776.9  1738.6  8092.3  87699.4    87776
read      357.5   216.6    80.4   185.5   209.7   333.1   391.2   424.8   450.1   480.4   521.6   586.8   775.3  1832.1  8203.6  82118.4    82175
read      358.1   208.8    86.8   192.1   216.8   334.7   388.7   420.5   444.5   473.1   512.0   580.4   772.7  1818.7  8536.6  98520.0    98548
read      385.9   239.9    86.8   183.6   209.7   360.4   438.3   478.2   504.6   535.0   572.8   634.6   825.4  2044.2  9666.8  37718.4    37704
read      370.2   245.5    86.8   181.5   207.7   343.9   408.4   446.6   474.1   506.8   547.3   615.1   806.4  2085.9  8496.3  64773.0    64701
read      379.9   281.9    86.8   187.9   212.8   346.1   413.7   454.4   485.2   522.0   569.5   646.1   878.9  2439.2 10228.0  69263.1    69089
read      376.0   262.6    86.8   195.1   220.3   343.2   402.4   438.0   465.7   500.6   546.7   629.1   905.0  2705.2  9099.2  89896.6    89785
read      410.7   298.3    86.8   186.7   212.8   407.6   465.7   493.5   512.1   538.0   574.0   638.7   899.5  4216.8  9423.4  16697.8    16676

Total QPS = 50220.0 (90395944 / 1800.0s)

Total connections = 64
Misses = 0 (0.0%)
Skipped TXs = 0 (0.0%)

RX 22327797674 bytes :   11.8 MB/s
TX          0 bytes :    0.0 MB/s
Warning! Detected max cpu usage > 95%
CPU Usage Stats (avg/min/max): 99.96%,46.19%,100.00%