Wed May 25 20:51:56 UTC 2022
Random waveform, supplied seed
Total number of intervals = 150 (5031, 54838, 74868, 30015, 40743, 23648, 97712, 53672, 55395, 29425, 15173, 82475, 90555, 47944, 28313, 28504, 22886, 35717, 14828, 81704, 55771, 85226, 75020, 12441, 56208, 17446, 86943, 49138, 49839, 47752, 27181, 6170, 7187, 99387, 91970, 79658, 59230, 78081, 64242, 37702, 40686, 30376, 38416, 65892, 39560, 10016, 55224, 19982, 48114, 36283, 23315, 11150, 98724, 56880, 13467, 99368, 46206, 71651, 22741, 56654, 99570, 23047, 70008, 42943, 46704, 75970, 21917, 82027, 81583, 14259, 7821, 17727, 65559, 41133, 28693, 53141, 54512, 14835, 98446, 38117, 77994, 30209, 68315, 91940, 49308, 46880, 92540, 49396, 97841, 35404, 80451, 87228, 75554, 57964, 83546, 55468, 34203, 37629, 34577, 47426, 58845, 66993, 10977, 51529, 48344, 5902, 71602, 41886, 47456, 93939, 16890, 45689, 32790, 44044, 28149, 39739, 72475, 93882, 6692, 50406, 83055, 55609, 16968, 43031, 17236, 82183, 42212, 12244, 61777, 36984, 29093, 41715, 34838, 63574, 24401, 32025, 98971, 23657, 67877, 53849, 79536, 17081, 39024, 26125, 33388, 20979, 95865, 73949, 60987, 54175)
Average QPS expected = 49648
Timestamp start: 1653511917938
Timestamp end: 1653513418348

#type       avg     std     min      p5     p10     p50     p67     p75     p80     p85     p90     p95     p99    p999   p9999      QPS   target
read      430.4  1152.3   101.3   192.0   219.3   333.7   379.5   406.5   428.8   455.7   493.5   580.1  2321.4 25398.7 35806.3   5031.8     5031
read      501.8   575.8    86.8   173.4   197.5   356.3   466.2   550.5   635.4   776.8  1003.5  1351.6  1993.7  5858.0 22507.8  54845.5    54838
read      435.7   570.0    86.8   171.6   195.4   340.8   417.8   466.3   505.0   557.7   650.8   981.0  2008.4  5973.8 29753.8  74943.4    74868
read      500.7   698.6    86.8   171.5   196.0   380.3   502.2   588.1   673.1   783.8   920.0  1099.2  1614.8  9078.8 30865.6  30030.8    30015
read      480.2   488.9    86.8   164.7   188.6   355.1   474.5   563.0   655.3   792.6   971.5  1203.3  1646.2  4208.4 13296.5  40684.6    40743
read      486.3   665.0    86.8   163.3   186.9   387.1   502.3   588.9   667.8   751.3   856.2  1003.5  1472.7  7283.1 30478.4  23681.4    23648
read      382.5   477.4    80.4   166.9   189.9   324.9   391.5   431.4   462.2   500.7   555.3   664.0  1577.6  5522.5 20588.6  97717.1    97712
read      476.0   470.9    86.8   162.6   186.1   344.1   452.0   532.0   610.0   740.5   965.1  1299.7  1874.2  3950.7 12531.4  53625.0    53672
read      487.3   551.3    86.8   162.6   185.8   340.6   448.4   530.5   614.3   763.3  1017.4  1376.8  1957.0  5024.7 15307.5  55396.4    55395
read      481.4   524.8    86.8   161.2   184.4   371.6   499.5   592.2   685.3   793.8   921.3  1086.6  1455.3  5878.5 21326.1  29467.9    29425
read      467.0   971.9    86.8   158.0   180.4   371.0   465.3   525.2   570.4   622.4   684.2   787.6  2128.8 12721.1 35892.1  15093.9    15173
read      420.1   702.5    80.4   159.7   182.2   330.6   403.9   449.2   484.4   531.2   602.9   782.3  1897.6  8498.6 31274.8  82455.7    82475
read      414.3   584.6    86.8   163.5   187.1   334.4   407.0   451.7   486.5   532.6   602.8   772.2  1796.5  6910.2 29090.3  90349.6    90555
read      459.6   470.8    86.8   161.5   184.1   342.0   442.0   509.3   572.6   675.3   888.6  1245.3  1799.7  4112.7 15765.5  47956.6    47944
read      478.0   578.6    86.8   161.9   184.6   369.4   494.7   586.8   676.4   783.0   905.1  1059.7  1442.1  5832.4 30432.7  28308.3    28313
read      474.9   558.8    86.8   160.7   183.1   371.6   497.5   589.1   675.3   772.4   894.6  1049.0  1389.2  5438.6 30251.3  28472.4    28504
read      469.4   571.7    93.8   157.3   179.1   374.1   491.0   578.3   661.0   750.6   855.9   999.5  1369.0  6907.9 30268.6  22852.6    22886
read      490.4   605.3    86.8   158.5   180.9   352.7   479.2   577.4   684.5   832.1  1006.3  1216.9  1616.9  5699.6 29104.6  35717.8    35717
read      487.8  1142.6    86.8   158.4   181.3   373.0   466.0   525.9   571.0   621.7   683.6   791.1  3013.9 16188.4 32415.6  14788.2    14828
read      394.6   436.9    86.8   162.2   184.6   327.6   401.8   447.5   482.4   528.4   597.9   757.0  1654.7  4976.8 14493.7  81631.6    81704
read      472.7   497.3    86.8   161.3   184.0   338.3   439.2   514.6   588.3   717.0   963.8  1342.0  1916.4  4068.1 14305.9  55802.8    55771
read      404.4   538.7    86.8   161.7   184.0   328.7   401.3   445.5   479.5   525.2   592.5   759.1  1773.3  5745.7 28788.1  85138.1    85226
read      415.6   546.5    86.8   159.6   181.7   328.8   404.6   451.6   488.1   536.9   616.8   866.9  1977.4  5613.6 30239.3  74955.7    75020
read      472.2  1126.1    86.8   162.0   185.2   367.2   450.3   500.6   541.1   589.9   654.3   748.6  1948.6 16089.0 35246.0  12530.8    12441
read      496.8   563.1    86.8   164.6   188.9   345.3   452.9   540.1   631.4   794.5  1044.8  1399.0  1986.4  4721.2 17257.9  56235.3    56208
read      467.1   773.4    86.8   161.0   183.6   378.5   478.0   548.5   602.2   663.0   737.8   859.9  1789.5  8548.9 31783.3  17456.1    17446
read      418.3   638.7    86.8   163.9   187.4   333.0   405.3   450.2   485.0   532.0   603.2   784.4  1832.8  8374.4 31118.2  87031.6    86943
read      473.6   533.7    86.8   157.1   179.7   334.9   439.7   519.5   600.5   750.3   993.6  1311.9  1832.2  5189.6 18695.3  49200.8    49138
read      481.0   505.2    86.8   160.7   183.8   340.8   452.1   537.4   624.0   773.9  1011.7  1325.7  1828.8  4228.3 14896.0  49757.4    49839
read      488.7   578.3    80.4   158.1   180.9   340.0   453.9   542.2   635.8   800.7  1040.3  1333.4  1855.2  5534.9 23281.0  47706.2    47752
read      481.6   658.2    80.4   158.7   180.9   368.2   494.3   591.7   678.1   776.0   890.4  1046.8  1509.3  7112.6 31221.9  27297.5    27181
read      440.2  1329.5   101.3   176.4   203.4   324.6   376.3   405.5   428.1   455.1   492.3   566.4  2799.2 30514.7 36471.0   6171.5     6170
read      427.7  1122.4    93.8   170.0   195.8   331.0   387.5   419.7   443.0   470.7   514.3   600.7  2820.3 15855.0 35429.0   7137.8     7187
read      384.6   526.0    86.8   164.1   187.6   325.0   392.4   432.0   462.9   502.4   561.4   676.3  1544.8  6334.7 30340.0  99223.8    99387
read      395.7   540.8    86.8   163.1   186.5   331.1   402.5   445.8   478.9   522.3   585.2   706.1  1629.2  6799.5 30025.7  92001.6    91970
read      441.1   677.2    86.8   164.5   188.4   341.4   419.4   466.0   503.7   553.3   635.2   937.3  2012.3  8321.7 31440.4  79636.3    79658
read      476.0   539.4    80.4   162.7   186.9   342.0   442.1   517.3   588.3   711.5   947.5  1321.2  1961.0  4945.3 19245.7  59293.6    59230
read      393.1   533.9    86.8   160.8   182.6   324.0   396.8   440.4   473.7   517.9   581.7   713.9  1734.6  6400.7 29836.5  77997.7    78081
read      499.6   551.0    80.4   166.1   190.7   345.3   452.0   540.4   633.8   791.4  1038.8  1413.9  2087.5  5163.4 18143.6  64271.3    64242
read      475.4   460.3    86.8   159.4   182.4   355.0   477.7   572.7   667.6   798.2   961.3  1164.3  1556.8  3990.4 14237.0  37677.6    37702
read      488.5   538.6    80.4   160.7   183.7   352.2   474.0   568.9   667.6   818.9  1005.3  1239.8  1688.6  5514.2 20211.1  40750.0    40686
read      485.9   610.3    80.4   161.5   184.3   364.1   488.5   588.8   684.5   803.5   937.3  1110.5  1532.3  7627.8 28478.4  30336.6    30376
read      490.6   576.3    86.8   158.5   181.4   350.3   471.2   570.1   673.7   832.1  1016.4  1234.9  1710.1  5779.3 30269.1  38506.3    38416
read      502.1   514.2    80.4   171.1   196.4   357.7   469.8   563.4   654.4   798.8  1014.3  1357.7  2007.6  4383.5 15178.8  65811.1    65892
read      477.6   468.4    86.8   159.4   181.8   347.8   469.7   564.0   662.2   804.7   988.3  1208.7  1643.1  4287.2 13366.7  39563.6    39560
read      450.0  1067.6    93.8   163.2   187.8   354.0   427.0   468.4   500.7   543.7   599.2   692.0  2012.7 12520.9 32369.4  10049.3    10016
read      489.0   523.7    86.8   162.0   185.4   343.6   452.2   539.6   627.8   783.9  1030.3  1373.0  1927.8  4422.4 14485.5  55193.3    55224
read      467.7   730.3    86.8   158.6   180.8   376.1   479.4   561.1   625.4   694.6   776.6   904.8  1551.7  7988.1 31806.9  20100.8    19982
read      492.6   545.6    86.8   161.0   184.4   346.5   460.6   550.2   640.4   802.8  1050.6  1347.5  1842.2  5630.7 19721.0  48123.7    48114
read      504.7   592.6    93.8   167.5   192.2   375.3   502.7   596.8   687.7   820.5   987.8  1210.2  1711.7  5962.6 30651.0  36326.4    36283
read      478.7   694.8    86.8   161.4   184.4   380.7   497.0   583.2   656.5   739.9   843.4   982.6  1384.3  8587.0 31606.5  23236.5    23315
read      448.4   868.5    86.8   162.0   185.2   365.1   451.2   505.8   548.9   601.5   664.4   756.3  1324.1  9823.0 32350.4  11092.7    11150
read      375.8   419.9    80.4   169.4   193.0   326.3   390.8   429.3   459.5   497.5   551.1   659.5  1315.0  4524.7 16480.1  98548.9    98724
read      459.8   456.0    86.8   167.2   191.5   350.2   443.2   505.1   559.7   641.4   821.0  1217.5  1950.5  3837.5 13949.3  56998.0    56880
read      487.3  1085.8    86.8   161.4   184.6   376.2   467.3   533.5   585.5   645.6   720.8   839.6  2650.4 16178.4 36538.1  13443.9    13467
read      390.4   477.3    80.4   169.4   193.6   334.8   404.5   447.2   479.9   522.7   582.2   691.5  1358.6  5616.1 17329.1  99237.7    99368
read      494.4   620.0    86.8   161.5   184.2   346.5   453.7   533.7   609.5   752.3  1021.2  1379.7  1989.5  6246.2 30429.9  46249.7    46206
read      420.8   532.5    86.8   164.4   187.5   338.2   418.5   466.7   505.8   557.3   635.8   853.4  1865.4  5818.9 28604.5  71708.6    71651
read      501.0   860.6    86.8   158.1   179.6   367.3   481.1   576.2   679.0   799.1   924.3  1084.4  1618.8 11748.3 32005.5  22766.4    22741
read      511.9   598.2    86.8   166.7   191.2   351.9   462.5   549.9   637.7   800.3  1076.8  1476.3  2120.3  5774.6 23325.8  56639.1    56654
read      400.2   499.9    86.8   174.6   199.4   345.3   417.5   460.9   494.8   537.6   597.6   712.4  1183.7  6104.9 25564.6  99594.7    99570
read      492.3   736.4    86.8   161.2   182.4   369.2   486.0   579.1   684.1   809.2   930.5  1083.7  1553.7  8908.7 31892.4  23129.6    23047
read      396.5   435.4    80.4   164.3   186.5   330.5   406.7   452.4   487.5   533.1   598.5   740.6  1666.9  4882.7 12909.6  70039.1    70008
read      489.6   542.3    86.8   159.2   180.7   337.2   445.0   527.2   608.9   793.8  1105.2  1436.1  1882.5  4987.7 15982.2  42955.8    42943
read      487.9   544.8    86.8   162.7   185.5   343.8   454.8   537.2   619.8   770.6  1034.5  1363.5  1889.2  5000.8 18103.5  46730.8    46704
read      421.8   497.8    86.8   163.9   186.6   336.6   413.4   459.9   496.9   545.3   624.3   901.4  1882.7  4880.6 16246.6  76098.0    75970
read      488.9   793.7    86.8   159.5   180.6   369.4   481.1   572.9   660.6   765.6   880.9  1020.8  1491.3 10495.5 31714.2  21820.1    21917
read      453.6   665.8    86.8   171.1   195.5   348.8   427.2   475.5   515.7   572.0   666.5  1052.5  1999.7  8152.3 31388.9  82077.5    82027
read      413.8   561.8    86.8   166.4   189.8   336.9   411.9   457.6   493.6   540.4   610.9   768.9  1811.7  6242.4 30484.0  81521.1    81583
read      469.1  1007.0    86.8   160.3   182.0   366.3   454.9   517.7   572.8   635.8   706.5   812.6  2017.5 14679.7 36619.5  14342.9    14259
read      459.2  1296.7    93.8   169.6   193.6   341.6   404.8   441.0   469.8   509.4   567.8   663.5  2711.9 29056.4 37716.7   7859.3     7821
read      500.1  1146.8    86.8   156.7   178.1   367.6   471.1   558.4   631.4   709.1   798.6   926.5  2259.3 19199.1 38930.2  17724.9    17727
read      427.3   444.6    80.4   165.6   188.6   337.6   421.6   474.0   519.9   581.6   686.6   998.9  1849.3  4218.8 14071.6  65573.1    65559
read      449.7   438.0    86.8   157.8   178.7   327.8   425.8   491.1   546.6   645.7   936.4  1303.2  1752.9  3401.8 11886.4  41246.1    41133
read      495.4   640.0    86.8   160.2   181.3   350.9   471.2   567.8   694.9   880.9  1036.5  1215.4  1633.6  6798.2 31009.6  28717.3    28693
read      492.7   500.8    86.8   164.9   188.7   346.5   455.6   542.4   627.2   779.9  1038.2  1393.7  1971.6  4297.7 12822.0  53058.4    53141
read      493.6   545.1    80.4   164.2   187.7   341.7   445.5   526.1   605.4   750.5  1043.6  1461.7  2081.0  4941.4 16034.2  54566.5    54512
read      474.2   942.5    93.8   159.0   180.8   371.6   466.4   537.8   591.3   653.1   725.1   842.1  2372.6 12311.0 33145.1  14806.9    14835
read      399.1   535.2    86.8   170.7   195.1   339.4   409.1   451.6   484.7   527.5   588.3   707.8  1468.5  6040.3 30668.1  98435.7    98446
read      484.4   555.0    86.8   160.5   181.7   341.3   450.4   528.7   603.7   773.7  1074.5  1357.4  1771.1  5219.5 19693.6  38170.1    38117
read      408.6   507.4    86.8   166.3   189.3   334.3   409.1   455.3   491.6   539.0   610.7   784.6  1772.6  5640.8 24425.7  78185.3    77994
read      499.2   671.8    86.8   162.6   184.8   360.5   481.7   573.9   679.4   839.5  1014.0  1216.8  1692.2  7468.8 31213.9  30195.2    30209
read      417.1   490.1    86.8   166.2   189.7   336.7   416.8   466.0   506.2   559.6   642.1   882.4  1758.5  4986.8 16834.2  68133.4    68315
read      410.0   523.6    86.8   168.3   192.3   337.4   409.5   453.2   487.6   532.8   600.0   755.0  1792.4  5989.3 26845.1  92012.5    91940
read      457.6   551.3    86.8   163.4   185.9   339.6   433.3   495.6   546.6   625.0   805.9  1266.9  1885.4  6054.5 20160.8  49103.1    49308
read      392.7   289.7    80.4   166.2   189.3   348.5   429.7   475.4   509.6   552.6   612.9   720.8  1233.3  2922.9  9921.5  46897.2    46880
read      353.0   203.8    80.4   168.2   191.2   323.9   388.7   426.2   454.7   489.8   537.8   620.1   837.7  1635.0  6958.7  92495.3    92540
read      371.4   233.5    86.8   164.2   187.0   342.7   420.8   462.3   493.6   531.5   580.8   660.8   862.7  1732.7  7651.0  49432.3    49396
read      356.2   206.5    80.4   172.4   195.8   328.3   391.4   428.7   457.4   492.7   540.5   623.1   833.3  1450.5  6475.1  97810.3    97841
read      364.7   221.5    80.4   165.8   188.2   333.2   414.0   458.0   488.4   522.6   565.9   634.2   818.8  1878.5  9039.7  35425.1    35404
read      355.0   272.4    80.4   161.9   183.4   321.8   393.2   433.4   463.5   500.9   550.0   635.4   841.7  2095.2 10283.8  80420.5    80451
read      355.2   208.0    80.4   166.3   189.0   324.3   392.5   431.9   462.0   499.1   548.4   631.9   845.3  1690.0  6697.1  87218.7    87228
read      359.3   229.5    80.4   164.9   187.4   326.2   398.5   440.2   470.8   508.7   560.3   642.4   859.8  1825.3  6782.1  75547.6    75554
read      368.4   291.8    80.4   160.9   182.4   336.1   414.3   456.6   487.9   526.2   578.1   663.6   886.0  1808.6 11607.0  57975.1    57964
read      445.7   752.4    80.4   170.2   195.1   343.4   416.3   460.6   496.6   544.3   621.5   836.5  2714.0  7306.5 31906.3  83371.7    83546
read      505.4   697.6    80.4   168.0   192.2   356.2   462.0   546.0   628.2   762.8   991.3  1336.2  2128.5  6052.7 31524.0  55457.9    55468
read      487.9   590.0    86.8   163.9   187.1   368.3   491.6   579.7   661.0   777.0   924.7  1118.7  1702.5  6020.4 30196.2  34191.3    34203
read      499.1   639.2    80.4   166.2   189.8   369.3   492.3   582.5   664.6   789.5   949.7  1176.0  1825.9  6052.2 31221.0  37637.9    37629
read      492.7   605.5    86.8   166.8   190.6   373.4   496.7   582.5   660.0   771.7   917.0  1130.2  1785.0  5907.5 31065.1  34465.8    34577
read      497.0   640.7    86.8   163.4   186.7   354.0   462.2   545.8   627.8   764.2   979.0  1277.9  2101.9  6079.2 30774.5  47491.4    47426
read      507.0   694.5    86.8   167.3   191.9   353.9   459.7   542.6   623.2   755.3   985.4  1352.9  2646.8  5795.9 31214.1  58785.1    58845
read      539.2   780.8    86.8   173.3   199.5   363.5   463.2   544.6   628.7   781.7  1073.9  1492.8  3145.2  7080.3 31847.7  66922.7    66993
read      435.5   824.2    86.8   168.6   194.1   367.8   435.7   480.0   515.1   557.2   609.8   688.9  1506.0  9015.9 32140.8  10933.7    10977
read      504.7   696.6    86.8   165.3   189.3   352.7   459.7   544.1   626.0   756.1   978.3  1306.6  2843.7  6576.3 30949.1  51496.0    51529
read      495.9   624.6    86.8   165.3   189.0   354.6   464.6   551.7   635.1   772.2   974.0  1266.9  2012.7  6033.2 30516.3  48338.9    48344
read      389.6   787.7   101.3   185.2   212.2   327.5   375.2   401.8   422.5   447.3   482.4   546.9  1593.8  9167.2 31773.5   5920.8     5902
read      541.4   901.3    86.8   177.0   203.8   364.6   459.0   531.2   601.4   726.9   989.2  1473.2  3294.1  7628.1 32133.7  71555.0    71602
read      491.4   573.2    86.8   163.0   186.2   355.9   469.8   556.4   638.6   773.4   969.3  1236.6  1953.7  5799.4 28641.0  41982.4    41886
read      511.4   663.2    80.4   165.3   189.5   360.6   474.7   566.9   654.2   798.7  1019.9  1336.9  2295.3  5919.9 31318.9  47512.4    47456
read      415.3   640.3    86.8   173.9   199.6   347.7   419.0   461.6   494.8   537.0   595.2   706.8  1561.2  7918.5 31330.6  93895.4    93939
read      372.0   344.8    86.8   165.8   187.8   360.5   423.5   453.0   472.5   498.9   533.2   589.9   816.6  3677.3 11817.3  16960.4    16890
read      362.3   204.9    80.4   165.6   188.8   332.9   407.4   450.2   481.0   516.7   561.3   632.2   814.0  2088.4  6666.7  45624.1    45689
read      426.6   397.3    86.8   154.4   175.5   332.0   429.7   488.7   536.4   608.6   806.7  1126.8  1477.9  4053.0  9423.9  32760.2    32790
read      489.3   644.9    86.8   158.4   180.9   340.9   454.8   539.9   626.9   788.2  1025.3  1319.5  1844.4  6104.8 30764.2  44179.6    44044
read      470.5   570.2    86.8   154.7   176.5   355.4   470.5   561.2   658.5   789.4   921.8  1084.8  1470.2  6363.2 30394.4  28216.6    28149
read      475.7   528.4    86.8   156.6   178.9   342.2   457.5   542.7   629.5   784.5   999.9  1245.7  1685.5  5225.3 15857.5  39712.2    39739
read      391.2   471.9    80.4   156.9   178.5   320.1   393.9   436.7   470.6   516.8   584.9   757.6  1749.7  4890.1 17373.1  72458.1    72475
read      385.5   601.6    80.4   163.3   185.9   322.9   392.2   432.9   464.3   504.0   561.3   671.4  1419.1  8368.0 31007.0  93902.3    93882
read      400.6  1021.4    93.8   166.9   190.9   319.5   372.1   400.1   421.9   448.6   487.8   567.4  1726.0 13502.9 32237.6   6688.6     6692
read      483.4   695.0    86.8   156.6   179.3   333.6   438.4   519.7   595.6   740.1  1000.7  1338.5  1890.6  7341.6 31228.4  50422.5    50406
read      417.6   529.2    86.8   160.5   183.0   331.0   407.0   454.3   491.7   541.3   621.7   866.9  1885.0  5547.9 22175.3  82932.5    83055
read      469.3   499.4    80.4   157.0   179.5   331.2   430.6   506.1   578.6   707.9   969.0  1372.0  1963.0  3920.4 12491.7  55659.5    55609
read      467.2   859.9    86.8   154.4   175.9   365.4   466.7   544.9   607.1   673.5   749.2   866.8  1780.4 10377.7 32034.3  16980.7    16968
read      464.6   517.9    80.4   151.8   173.3   325.8   429.9   508.1   589.1   765.9  1039.6  1302.2  1731.4  3801.6 16269.2  43019.4    43031
read      410.9   674.5    86.8   158.0   180.0   359.3   424.1   460.0   489.2   531.3   608.4   745.9  1192.4  9081.0 31215.0  17325.2    17236
read      353.9   269.3    80.4   166.8   189.9   321.8   386.5   423.8   452.0   486.2   532.9   611.2   857.6  2545.3 10271.5  82140.6    82183
read      371.3   278.2    86.8   162.4   184.7   338.8   416.6   458.2   488.5   524.5   571.3   644.3   906.3  3200.5  7889.0  42244.6    42212
read      353.9   280.2    93.8   168.9   192.4   347.5   394.3   417.5   433.3   455.7   484.7   534.4   697.7  4250.8 11916.3  12290.0    12244
read      359.3   238.5    80.4   160.7   182.4   329.2   403.3   444.9   474.4   510.9   559.1   636.2   835.3  1890.6  9245.2  61713.6    61777
read      371.8   292.1    80.4   163.4   185.7   339.5   419.7   462.1   492.8   528.8   575.0   647.1   845.3  2950.2 12342.5  36964.4    36984
read      368.0   350.1    86.8   159.4   180.9   335.9   417.2   456.6   484.4   516.9   558.2   627.8   846.3  3824.6 11579.3  29146.6    29093
read      380.3   349.0    86.8   161.7   182.4   335.3   413.7   458.6   493.0   535.5   590.6   684.6  1120.8  4349.6 10980.3  41699.7    41715
read      385.5   475.3    86.8   158.7   179.8   337.2   417.3   463.0   498.1   539.0   592.5   678.7  1094.9  5145.8 19799.3  34834.9    34838
read      384.1   364.6    86.8   164.2   186.6   336.6   415.2   460.4   495.1   537.9   594.8   691.5  1107.4  4206.2 10589.4  63488.1    63574
read      374.2   345.0    80.4   161.2   182.5   340.2   421.1   460.0   488.2   521.4   564.4   635.6   965.3  3800.6  8685.3  24385.7    24401
read      398.6   316.1    86.8   167.0   191.1   359.7   446.1   491.8   525.2   563.7   613.1   694.1  1127.4  3933.1  8791.5  31991.4    32025
read      393.5   381.1    86.8   173.8   199.0   346.5   418.8   461.9   495.9   538.8   598.3   707.2  1072.9  4483.0 13709.4  98799.4    98971
read      369.6   416.2    93.8   158.8   178.8   331.1   407.8   446.4   472.6   507.3   551.2   630.0   986.4  4753.2 13850.1  23629.2    23657
read      377.7   384.7    80.4   162.1   184.4   332.0   407.5   451.4   483.8   524.3   578.3   668.5  1054.5  4296.6 13920.7  67795.9    67877
read      445.5   481.5    80.4   163.9   187.2   339.4   430.9   492.8   546.5   627.6   790.9  1156.8  1779.8  4361.5 14837.0  53860.5    53849
read      474.9   759.0    86.8   169.4   194.3   341.4   419.1   468.7   511.3   575.4   693.8  1217.4  2804.7  8466.8 31493.2  79361.7    79536
read      424.9   756.8    93.8   161.7   182.9   356.7   431.1   474.8   515.4   575.7   665.0   799.8  1149.0  9369.8 32094.6  17133.2    17081
read      534.5   744.1    93.8   163.6   187.1   360.6   484.2   584.6   690.5   878.2  1116.7  1403.0  2408.2  6815.7 31420.6  39110.1    39024
read      419.2   575.3    80.4   161.6   184.1   347.6   432.4   474.5   508.2   556.7   654.5   899.9  1368.1  6893.3 30527.2  26091.5    26125
read      366.1   247.1    86.8   166.9   190.3   340.7   417.5   456.9   483.4   513.4   552.0   620.6   795.0  2188.1  8056.9  33365.0    33388
read      363.4   218.1    86.8   168.7   191.1   352.6   419.6   450.8   470.9   497.2   531.5   590.1   743.0  2679.2  8404.6  20923.7    20979
read      336.5   196.8    80.4   168.5   191.9   314.0   369.9   402.0   427.2   457.7   498.6   567.8   743.4  1315.0  7408.2  95965.3    95865
read      346.4   215.8    80.4   162.3   185.0   320.2   387.2   424.7   452.6   486.1   530.3   598.9   786.9  1358.9  7744.9  74154.5    73949
read      351.8   206.0    80.4   163.5   187.0   326.7   395.5   433.9   462.7   496.9   539.2   605.3   770.4  1273.3  7474.4  60884.4    60987
read      359.6   198.3    80.4   163.5   186.7   332.7   406.0   447.0   476.5   511.4   556.8   629.8   810.2  1381.8  6527.0  54087.2    54175

Total QPS = 49642.9 (74464376 / 1500.0s)

Total connections = 64
Misses = 0 (0.0%)
Skipped TXs = 0 (0.0%)

RX 18392701119 bytes :   11.7 MB/s
TX          0 bytes :    0.0 MB/s
Warning! Detected max cpu usage > 95%
CPU Usage Stats (avg/min/max): 99.96%,47.98%,100.00%