Wed May 25 14:49:24 UTC 2022
Random waveform, supplied seed
Total number of intervals = 150 (5031, 54838, 74868, 30015, 40743, 23648, 97712, 53672, 55395, 29425, 15173, 82475, 90555, 47944, 28313, 28504, 22886, 35717, 14828, 81704, 55771, 85226, 75020, 12441, 56208, 17446, 86943, 49138, 49839, 47752, 27181, 6170, 7187, 99387, 91970, 79658, 59230, 78081, 64242, 37702, 40686, 30376, 38416, 65892, 39560, 10016, 55224, 19982, 48114, 36283, 23315, 11150, 98724, 56880, 13467, 99368, 46206, 71651, 22741, 56654, 99570, 23047, 70008, 42943, 46704, 75970, 21917, 82027, 81583, 14259, 7821, 17727, 65559, 41133, 28693, 53141, 54512, 14835, 98446, 38117, 77994, 30209, 68315, 91940, 49308, 46880, 92540, 49396, 97841, 35404, 80451, 87228, 75554, 57964, 83546, 55468, 34203, 37629, 34577, 47426, 58845, 66993, 10977, 51529, 48344, 5902, 71602, 41886, 47456, 93939, 16890, 45689, 32790, 44044, 28149, 39739, 72475, 93882, 6692, 50406, 83055, 55609, 16968, 43031, 17236, 82183, 42212, 12244, 61777, 36984, 29093, 41715, 34838, 63574, 24401, 32025, 98971, 23657, 67877, 53849, 79536, 17081, 39024, 26125, 33388, 20979, 95865, 73949, 60987, 54175)
Average QPS expected = 49648
Timestamp start: 1653490165987
Timestamp end: 1653491666406

#type       avg     std     min      p5     p10     p50     p67     p75     p80     p85     p90     p95     p99    p999   p9999      QPS   target
read      496.5  1585.2   101.3   193.6   222.6   344.4   386.8   408.8   425.5   445.7   474.6   561.2  4648.5 31217.5 40537.6   5000.1     5031
read      508.0   605.4    86.8   197.0   226.0   407.0   513.1   588.4   652.0   733.2   845.9  1053.6  1710.6  8530.1 28688.2  54756.6    54838
read      429.8   529.7    86.8   183.3   210.0   358.3   430.3   472.1   505.4   548.9   622.4   821.4  1713.1  5980.8 24452.2  74860.1    74868
read      487.2   667.8    93.8   185.2   213.5   406.0   496.8   548.8   594.1   662.8   762.3   927.4  1639.1  9055.8 31079.7  29989.2    30015
read      529.4   696.9    93.8   192.8   223.1   425.0   538.5   620.5   688.7   774.5   886.5  1086.9  1732.8  9879.7 31182.2  40724.0    40743
read      515.0   768.4    93.8   186.8   215.1   418.4   518.8   589.0   643.4   710.1   792.4   942.3  1923.6  9464.3 31678.9  23648.8    23648
read      399.8   486.3    93.8   193.0   219.5   351.0   408.6   442.4   468.2   501.6   548.1   653.9  1428.0  5979.3 21172.7  97697.2    97712
read      490.3   614.4    93.8   192.2   221.1   397.9   498.1   564.8   620.0   692.5   795.6   992.8  1656.7  8458.4 30633.3  53610.7    53672
read      498.7   531.3    93.8   196.0   225.2   408.7   514.4   587.3   647.3   725.5   833.2  1030.3  1612.0  7644.0 17458.6  55392.3    55395
read      515.0   767.0    93.8   189.1   218.7   422.1   523.9   596.2   656.0   725.0   805.7   950.7  1688.2 10142.3 32416.6  29384.4    29425
read      525.9  1155.2    93.8   186.6   214.1   415.2   506.3   560.0   599.6   645.0   709.0   810.3  2979.1 14708.8 35414.6  15178.8    15173
read      405.8   430.5    86.8   184.6   210.0   347.1   411.2   449.3   478.2   516.9   577.5   731.1  1568.7  5498.5 13063.6  82425.7    82475
read      378.6   387.2    86.8   189.8   214.6   343.6   401.3   434.5   459.7   490.2   531.9   607.7   943.9  4455.9 14419.5  90451.6    90555
read      498.8   658.3    86.8   191.3   220.5   401.2   505.0   572.8   630.9   710.9   816.2  1005.3  1662.1  9412.7 30661.8  47872.2    47944
read      517.1   809.0    93.8   188.7   217.6   420.3   522.9   592.2   650.3   720.1   805.0   961.3  1737.3 11014.0 32239.0  28275.8    28313
read      525.8   807.9    93.8   191.6   221.1   427.5   532.3   605.1   666.5   738.7   827.7   975.8  1873.8 10418.8 31973.2  28520.6    28504
read      519.9   944.5    86.8   187.7   216.1   418.9   517.4   582.3   633.9   697.3   774.8   902.3  1863.6 13132.6 32102.2  22889.2    22886
read      523.6   778.4    93.8   190.5   220.2   421.4   527.5   598.8   662.0   740.3   836.5  1004.1  1759.1 10493.4 31854.7  35783.1    35717
read      525.6  1383.9   101.3   182.4   209.9   398.6   484.7   532.7   565.5   604.6   661.2   765.0  3074.4 27627.9 37350.0  14798.6    14828
read      423.2   502.2    93.8   186.6   213.0   356.8   423.1   462.4   493.6   534.8   599.5   796.8  1700.7  5765.8 20226.5  81547.7    81704
read      499.3   567.7    93.8   194.9   224.1   406.7   510.7   582.7   644.3   725.9   834.4  1019.3  1621.1  8033.5 29523.3  55652.5    55771
read      425.7   471.4    93.8   188.5   215.2   357.8   423.0   461.9   493.2   534.3   600.6   811.2  1728.3  5585.1 17143.9  85219.6    85226
read      409.2   441.9    93.8   184.4   210.5   355.0   423.4   463.1   494.1   532.9   588.1   718.3  1512.7  5164.9 13579.8  74931.8    75020
read      522.9  1256.8    93.8   186.5   213.8   408.1   484.5   528.0   559.1   597.5   654.1   761.1  3167.0 16345.7 38511.9  12482.6    12441
read      502.5   570.8    93.8   198.3   227.6   408.7   514.1   585.8   645.9   723.7   829.8  1023.6  1673.9  6838.9 28672.2  56114.5    56208
read      499.0   993.1    93.8   181.9   209.6   407.5   497.5   553.2   593.0   639.6   702.0   802.3  1717.6 12630.5 32507.1  17505.2    17446
read      410.6   500.0    86.8   183.2   209.2   346.4   409.8   448.2   477.8   518.9   585.9   777.7  1581.2  5761.4 18448.6  86881.3    86943
read      465.0   437.2    86.8   187.6   215.7   388.9   483.6   543.6   590.9   659.9   763.7   960.6  1531.9  4964.2 13072.4  49029.4    49138
read      511.9   596.8    93.8   195.3   224.8   410.9   524.2   598.9   662.9   745.7   862.7  1084.3  1704.6  6060.7 29253.5  49862.0    49839
read      506.6   545.5    93.8   194.6   224.3   415.4   524.9   597.9   659.2   738.9   845.3  1037.0  1616.3  7749.9 17493.7  47780.4    47752
read      515.7   773.2    93.8   190.1   219.9   425.4   525.3   591.9   646.3   712.8   795.7   943.5  1621.8 10390.8 31915.2  27341.8    27181
read      527.9  1664.0   101.3   191.4   221.5   366.7   414.4   438.8   459.5   484.7   521.7   611.6  5253.1 31272.6 37747.1   6144.5     6170
read      554.3  1713.7   109.4   190.6   220.0   381.1   434.7   465.2   488.7   517.2   562.3   668.4  5824.4 31214.2 36315.8   7189.9     7187
read      419.0   534.5    93.8   197.7   224.7   362.3   422.6   458.3   486.1   522.0   575.9   687.2  1591.8  6568.5 28466.2  99217.6    99387
read      388.6   376.0    93.8   194.1   220.1   352.2   412.4   447.2   472.3   505.0   548.9   632.9  1003.3  4038.0 13811.0  92004.9    91970
read      386.9   391.1    86.8   189.0   214.0   347.8   413.0   450.5   477.4   509.7   553.5   636.1   999.2  4824.9 12753.7  79710.4    79658
read      494.5   613.1    93.8   199.7   227.1   396.0   490.5   553.4   611.8   691.2   809.8  1043.1  1684.8  7863.7 30683.8  59321.2    59230
read      419.6   484.6    86.8   187.6   213.3   360.1   430.8   470.7   503.2   544.9   609.6   757.2  1499.1  5441.0 18396.5  78066.8    78081
read      498.5   645.8    93.8   197.2   225.3   392.2   486.4   553.7   613.0   694.0   831.1  1073.4  1732.0  8562.8 31038.3  64107.9    64242
read      523.4   694.9    86.8   191.5   221.5   421.0   532.9   602.9   666.0   766.3   890.1  1078.2  1643.9  9170.1 31572.9  37661.1    37702
read      524.1   694.1    86.8   191.6   221.7   421.4   532.7   602.7   676.9   775.6   897.1  1087.4  1607.8  8955.9 31789.3  40557.5    40686
read      525.6   762.0    93.8   191.6   222.3   426.8   527.7   598.8   673.0   760.1   864.1  1029.5  1597.6 10545.9 31879.6  30307.9    30376
read      516.6   674.4    86.8   190.3   220.2   421.6   519.1   601.4   672.8   752.7   857.4  1033.3  1585.8  9230.8 31122.1  38295.5    38416
read      520.7   659.4    93.8   207.7   236.2   408.5   515.3   598.5   669.1   760.0   890.5  1110.7  1726.3  7873.9 30723.1  65856.3    65892
read      519.7   616.9    93.8   193.0   223.4   420.6   540.0   620.6   689.7   775.9   882.3  1060.6  1596.0  8996.3 31059.0  39624.7    39560
read      533.8  1318.9   101.3   189.2   218.0   393.3   480.7   528.5   561.5   600.6   654.1   776.6  4259.2 28309.8 37953.8   9971.1    10016
read      510.4   553.8    86.8   196.0   224.5   403.1   521.5   601.3   672.4   765.1   886.7  1089.9  1690.7  6321.6 27982.2  55166.2    55224
read      523.2   856.8    86.8   186.6   216.0   428.0   530.2   600.3   653.1   710.9   777.8   887.9  2310.9 11267.1 31791.5  20036.4    19982
read      521.7   681.1    93.8   193.3   222.2   413.0   526.2   599.9   665.5   748.3   860.6  1059.6  1834.9  8861.3 30242.6  48146.4    48114
read      519.6   701.7    93.8   190.1   219.4   427.2   535.5   609.3   670.9   744.7   843.4  1017.4  1639.3  9408.3 31707.1  36296.8    36283
read      543.6   978.2    93.8   188.7   219.9   438.8   541.6   614.0   667.6   730.3   806.3   937.7  1874.6 11954.4 36306.1  23342.9    23315
read      562.1  1435.2    93.8   188.0   216.4   413.7   494.0   540.5   573.5   612.8   667.8   779.1  4853.9 29849.3 36399.4  11109.7    11150
read      411.9   416.7    86.8   200.0   226.2   360.6   423.6   462.3   493.1   532.0   587.8   704.9  1409.4  4947.7 14173.0  98785.6    98724
read      486.3   581.3    93.8   191.9   220.1   390.5   488.6   552.3   608.3   689.0   813.8  1055.0  1681.8  7484.2 30432.2  56866.4    56880
read      524.6  1122.8    93.8   186.1   216.4   411.3   501.0   548.2   583.4   625.7   685.1   797.7  3421.1 13780.3 35628.2  13392.0    13467
read      456.7   625.8    86.8   204.8   232.1   373.3   438.4   478.7   510.4   554.0   626.7   832.2  1922.9  8269.2 30608.4  99413.1    99368
read      495.1   628.3    86.8   187.3   215.8   399.3   499.2   564.6   622.5   702.2   822.7  1044.6  1622.1  8503.9 28860.3  46187.0    46206
read      442.9   548.1    86.8   186.2   213.1   369.5   446.0   491.0   527.1   576.0   661.1   878.7  1661.7  6982.7 27505.7  71733.2    71651
read      485.1   773.9    93.8   178.2   206.2   413.1   490.7   537.8   579.4   634.8   722.1   891.0  1505.7  9892.4 32046.2  22723.2    22741
read      510.6   525.3    86.8   195.7   225.1   406.7   517.1   596.8   664.7   758.0   881.8  1117.5  1693.9  6876.7 16136.7  56664.7    56654
read      441.1   601.6    86.8   196.0   224.2   373.1   437.9   476.7   507.2   547.4   612.2   759.2  1705.8  8671.2 29708.3  99564.4    99570
read      525.4   969.9    86.8   182.0   211.1   421.0   509.2   566.8   614.9   689.3   795.3   970.7  1940.1 11582.5 36015.7  23035.7    23047
read      431.4   479.1    86.8   182.4   209.7   367.1   442.1   487.0   521.8   567.6   646.8   854.2  1518.6  5490.5 19623.9  70020.0    70008
read      474.8   630.5    86.8   182.9   211.0   390.4   479.5   533.4   582.7   662.7   782.4   997.3  1492.5  7953.7 30783.2  42906.3    42943
read      528.6   642.1    93.8   193.7   223.7   412.4   525.6   612.1   690.3   794.1   945.2  1170.0  1669.2  8015.2 30686.8  46794.7    46704
read      462.9   535.6    86.8   194.1   222.4   377.4   455.1   503.5   545.7   609.0   718.2   985.4  1833.4  6186.4 16640.2  76020.6    75970
read      492.1   772.5    86.8   185.9   214.2   411.1   486.1   539.3   590.0   663.8   761.3   910.6  1634.8  9463.8 31915.5  21854.7    21917
read      430.7   536.1    93.8   189.4   215.7   359.2   427.5   468.1   502.0   546.8   619.2   797.7  1710.9  6662.1 28268.9  81828.0    82027
read      432.5   542.1    86.8   190.7   216.8   357.5   427.7   470.1   505.6   551.3   621.5   794.7  1767.5  7040.7 26532.4  81545.2    81583
read      490.4   973.2    93.8   187.1   215.4   399.5   468.9   517.7   559.5   611.6   680.4   796.2  2030.3 10754.5 32432.2  14254.8    14259
read      549.0  1462.7    93.8   197.2   231.9   399.9   469.2   512.8   547.5   585.7   635.4   738.7  4544.4 30810.1 37149.6   7878.6     7821
read      573.5  1116.2   101.3   193.8   224.2   449.9   565.7   635.2   684.5   741.6   816.0   941.9  3555.3 12442.6 32479.3  17733.4    17727
read      535.4   594.8    86.8   210.7   239.3   413.7   525.5   610.4   689.9   800.8   961.5  1218.8  1841.9  7029.2 27411.9  65457.4    65559
read      525.7   658.3    93.8   194.6   222.8   418.7   535.4   617.4   687.9   782.3   903.2  1096.7  1669.6  8048.6 31600.1  41193.2    41133
read      548.9   860.0    93.8   194.5   223.5   443.0   556.8   639.6   707.2   785.4   884.4  1035.2  1745.6 10817.9 32218.3  28776.8    28693
read      515.4   554.5    93.8   199.0   226.9   409.9   522.1   601.2   672.6   769.9   908.9  1145.7  1671.0  6066.1 28846.7  53096.8    53141
read      521.2   595.5   101.3   202.5   229.6   408.5   521.8   602.8   677.1   775.8   919.4  1158.4  1702.0  7807.2 26239.3  54575.0    54512
read      568.7  1158.7   101.3   189.4   219.9   447.2   545.8   602.8   644.4   695.3   765.5   900.8  3713.7 15933.4 35767.4  14859.0    14835
read      415.7   526.7    86.8   197.1   223.7   359.9   420.6   456.1   483.3   517.7   567.4   669.0  1610.8  6252.2 24899.2  98327.5    98446
read      523.4   749.2    93.8   195.0   223.2   417.7   528.9   605.9   672.6   758.1   868.5  1048.7  1582.7 11020.6 31576.3  38279.8    38117
read      430.7   482.6    93.8   190.3   216.2   358.6   429.0   471.1   505.0   549.1   624.3   828.8  1738.8  5562.4 15761.2  77956.6    77994
read      495.9   686.5    93.8   189.6   216.6   412.6   509.4   574.1   629.2   700.9   796.6   939.5  1492.7  8970.7 31258.9  30180.5    30209
read      531.8   560.5    93.8   215.3   244.1   422.5   534.0   619.1   691.6   787.8   922.5  1152.5  1746.8  6407.7 27806.6  68150.4    68315
read      436.1   523.3    93.8   197.2   224.3   366.8   432.4   471.8   503.8   544.7   608.9   781.2  1760.1  6404.5 21399.9  92037.4    91940
read      390.3   228.8    80.4   189.1   214.2   358.0   433.4   476.3   509.2   547.0   592.7   672.3   874.8  1878.0  9159.2  49377.2    49308
read      399.0   279.5    86.8   190.1   214.7   360.6   440.5   486.3   520.3   559.9   609.4   692.0   927.6  2659.3 11477.4  46981.3    46880
read      363.5   226.1    93.8   193.7   217.9   336.3   392.3   425.8   451.7   483.7   527.6   600.4   821.6  1633.5  8387.2  92523.9    92540
read      383.4   237.0    80.4   182.7   207.3   349.9   427.5   471.0   502.9   539.3   585.3   660.6   860.0  2314.7  8089.5  49468.9    49396
read      362.4   217.0    86.8   196.8   220.7   337.4   391.3   423.4   448.0   477.9   519.4   589.1   791.7  1736.8  8444.9  97730.8    97841
read      396.3   271.9    86.8   184.3   209.6   363.4   446.5   489.8   519.6   553.2   596.9   673.6   876.8  3090.2  9191.1  35301.0    35404
read      363.2   241.9    86.8   186.9   210.6   335.7   395.3   430.5   457.6   490.2   533.2   602.5   799.4  2031.5  9683.3  80502.2    80451
read      365.5   216.1    86.8   191.2   216.1   340.3   398.4   432.4   458.7   490.6   533.3   603.3   801.0  1605.7  8097.2  87228.1    87228
read      394.3   346.3    80.4   188.2   212.9   346.0   413.1   453.4   483.6   522.8   579.4   685.5  1198.0  4321.4  9322.8  75642.1    75554
read      513.5   688.3    86.8   195.4   223.3   390.7   489.0   559.7   621.6   709.4   843.6  1083.3  2879.5  8049.1 30475.0  58068.8    57964
read      562.8   913.0    93.8   217.1   244.9   396.3   477.0   536.9   591.6   681.3   862.7  1319.2  3664.3  8971.7 32104.0  83429.9    83546
read      520.3   641.1    93.8   198.8   227.3   401.0   506.0   581.7   646.4   736.5   863.1  1105.5  2606.6  7212.9 29154.4  55445.2    55468
read      504.4   609.5    93.8   190.6   218.8   412.4   522.9   592.1   649.1   723.4   818.8   983.1  1915.2  7228.0 30328.5  34253.4    34203
read      504.8   607.1    86.8   194.1   222.2   411.8   523.4   590.6   647.3   724.8   827.4   997.8  1682.3  7875.6 30143.9  37592.5    37629
read      493.4   536.4    86.8   191.2   219.4   411.9   520.9   587.4   642.0   718.3   816.8   971.0  1433.4  6324.1 26742.3  34658.6    34577
read      506.5   604.2    86.8   192.3   220.0   395.3   504.1   574.9   635.7   722.9   846.1  1067.4  2253.9  7207.3 30018.5  47476.0    47426
read      506.5   590.3    93.8   199.9   227.7   396.5   497.8   567.2   626.7   709.8   836.9  1067.9  2269.3  6397.5 28548.9  59040.9    58845
read      514.1   647.2    93.8   204.6   232.1   396.7   494.8   564.6   626.4   715.1   845.1  1080.7  2444.4  7935.5 30574.8  67023.0    66993
read      448.4   663.8    93.8   187.8   215.7   396.0   467.3   507.0   537.1   572.2   617.3   695.8  1760.7  7222.8 31806.4  11065.5    10977
read      510.6   632.7    93.8   195.0   222.6   396.3   502.1   575.0   637.6   725.3   849.3  1070.3  2350.6  8630.7 25437.1  51394.8    51529
read      512.7   627.2    86.8   194.1   222.3   401.8   507.5   580.4   642.1   729.9   851.4  1072.3  2560.4  7205.9 30591.8  48303.4    48344
read      483.9  1401.3   101.3   194.6   223.7   364.4   413.4   440.1   458.5   480.4   513.1   581.4  4008.2 30202.0 37559.9   5937.6     5902
read      524.2   642.2    93.8   207.1   235.1   397.6   493.1   562.5   627.0   722.3   869.0  1153.2  2886.1  7255.0 30350.4  71454.1    71602
read      456.7   475.9    93.8   189.7   217.1   387.1   478.3   531.3   571.6   624.6   711.6   893.5  1441.6  5840.2 13740.8  41877.7    41886
read      392.7   275.3    86.8   185.2   210.5   359.9   435.6   476.6   506.7   541.7   585.2   661.3   934.1  3324.9 10203.9  47549.9    47456
read      353.6   207.2    86.8   190.8   214.5   329.7   383.9   415.1   437.9   467.1   505.8   572.7   771.3  1755.9  8504.4  93975.6    93939
read      438.8   729.3    93.8   184.8   210.2   396.0   459.4   494.6   521.1   552.6   599.7   685.8  1088.5  9653.9 31687.3  16938.5    16890
read      525.9   840.1    86.8   189.7   218.9   406.2   508.7   578.2   636.4   714.3   828.3  1053.2  2193.6 11546.9 31755.4  45572.3    45689
read      514.8   682.7    86.8   188.3   216.9   419.6   524.3   595.0   653.4   727.6   830.7  1001.8  1871.1  9197.6 31177.9  32764.4    32790
read      493.3   604.3    93.8   189.8   218.1   405.4   510.1   581.5   638.9   714.8   820.0  1004.3  1496.6  8650.4 29899.6  44062.3    44044
read      507.8   802.4    93.8   188.8   217.7   416.6   512.5   578.9   630.4   694.4   782.8   926.9  1621.0 10509.1 32410.6  28169.8    28149
read      498.7   697.3    86.8   187.6   215.3   404.1   505.7   575.5   631.0   708.4   819.1  1006.4  1498.6  9827.4 31438.4  39831.4    39739
read      445.7   502.3    93.8   189.7   217.0   370.4   448.3   496.2   535.7   590.1   684.6   889.9  1626.2  6247.2 19686.4  72533.1    72475
read      423.5   555.3    86.8   190.6   217.0   353.6   415.4   452.7   481.6   520.6   583.4   778.8  1728.4  6639.0 30257.5  94033.3    93882
read      412.2   920.4   101.3   186.5   213.5   348.4   391.8   416.0   433.4   456.8   489.0   546.8  1616.5 10096.9 32160.3   6682.2     6692
read      503.3   679.4    86.8   192.5   221.0   400.1   502.7   572.7   631.1   714.4   826.6  1041.0  1747.5  9496.2 30863.8  50351.8    50406
read      394.6   431.9    80.4   180.8   206.3   341.3   404.4   440.6   468.5   505.1   559.7   693.5  1443.5  5037.6 18972.9  83006.6    83055
read      469.3   563.1    86.8   186.8   214.9   385.4   476.0   536.4   585.7   659.6   769.1   963.7  1547.1  7523.6 29533.2  55651.7    55609
read      462.9   828.9    86.8   181.1   207.7   387.4   461.7   508.7   543.8   584.4   639.8   745.5  1865.0 11646.6 31790.5  16964.4    16968
read      379.6   326.9    86.8   179.8   204.3   346.8   422.2   464.3   493.3   525.7   566.2   632.6   837.7  2958.8 11818.8  43058.3    43031
read      410.0   389.2    86.8   186.7   212.8   393.1   454.8   484.5   505.0   531.5   566.5   632.1   975.5  4929.2 15756.8  17278.1    17236
read      361.1   238.5    86.8   186.8   210.5   333.3   392.2   426.8   453.1   484.9   527.5   595.7   824.6  1802.9  9588.7  82245.4    82183
read      385.7   267.8    86.8   186.0   211.3   355.8   430.1   472.4   501.8   534.9   577.1   644.4   836.5  2704.5  8629.6  42221.4    42212
read      385.7   377.9    93.8   188.8   216.6   379.6   424.1   446.4   462.0   481.1   507.0   554.2   768.2  4017.0 13680.6  12259.8    12244
read      376.2   239.7    86.8   186.6   211.5   347.2   412.7   451.4   479.1   512.1   555.7   631.7   852.5  2409.0  8245.9  61721.5    61777
read      410.5   447.5    93.8   185.0   209.3   363.9   449.9   493.2   522.6   556.8   604.5   688.9  1074.3  6093.7 20500.0  36981.8    36984
read      407.2   431.5    93.8   183.1   208.2   365.5   447.1   486.9   513.4   545.2   588.6   675.7  1075.0  5846.7 16175.6  29157.0    29093
read      409.0   367.8    93.8   192.0   217.0   360.3   435.7   483.5   519.0   559.2   615.2   712.2  1128.9  4717.7 10794.5  41699.2    41715
read      405.3   480.4    93.8   187.6   211.8   355.1   432.2   476.6   508.7   546.4   595.5   681.7  1045.9  6429.2 24161.0  34866.8    34838
read      391.9   403.8    86.8   190.2   215.0   346.8   415.4   456.7   488.3   527.9   580.9   669.6  1014.1  4899.1 14628.1  63571.0    63574
read      409.8   475.2    86.8   177.4   201.8   374.3   455.4   491.2   516.7   546.7   588.8   661.5  1063.3  6012.4 22008.4  24387.4    24401
read      414.2   401.0    93.8   183.6   208.8   366.2   450.4   495.3   527.9   566.2   617.2   701.8  1200.6  5149.5 12433.6  32016.0    32025
read      398.8   390.8    86.8   207.3   232.2   359.6   418.9   454.7   482.4   517.7   567.9   656.9   990.2  3850.4 17165.2  99060.3    98971
read      466.4   635.5    86.8   186.8   212.5   398.8   486.4   540.0   581.7   631.8   709.0   849.9  1482.3  8141.4 30857.5  23678.7    23657
read      502.7   555.8    93.8   206.2   233.4   395.6   493.4   565.8   628.6   717.1   848.4  1084.9  1870.1  6052.1 28203.1  67855.0    67877
read      503.9   573.1    93.8   200.0   227.7   404.5   512.6   588.6   651.9   735.1   850.5  1050.3  1620.0  6939.3 29686.1  53730.7    53849
read      496.5   678.3    80.4   196.5   225.0   379.5   455.6   506.6   550.9   622.4   781.3  1167.9  2292.3  8008.6 30969.0  79619.0    79536
read      452.9   843.1    93.8   183.1   209.1   394.8   456.9   492.1   520.3   557.9   611.6   711.1  1394.3 11684.1 32092.2  17069.1    17081
read      381.6   271.5    93.8   183.3   208.6   355.0   429.4   469.4   498.3   531.1   570.5   629.0   806.6  1882.0  9638.9  39042.8    39024
read      390.3   272.6    93.8   184.2   209.6   368.8   441.9   477.6   503.7   534.8   573.3   633.7   843.4  2968.6 10241.8  26161.6    26125
read      383.8   221.5    86.8   183.9   209.2   359.3   434.8   474.7   503.1   534.7   573.8   635.8   823.1  1825.4  8384.8  33472.7    33388
read      387.0   258.4    93.8   183.4   208.2   374.2   443.7   476.1   499.4   526.2   558.5   611.8   772.2  3190.9  8775.7  21134.1    20979
read      350.8   195.7    86.8   191.0   215.0   329.2   380.6   411.2   434.2   463.1   501.8   564.4   731.7  1565.5  8065.9  95888.6    95865
read      356.3   222.6    86.8   182.3   206.5   330.8   391.3   426.9   453.6   485.5   527.9   591.4   762.8  1458.7  8633.3  73822.4    73949
read      369.6   238.7    80.4   179.3   204.6   341.6   409.3   448.9   477.7   512.2   554.0   624.4   807.3  1711.7  9102.9  60888.4    60987
read      372.4   227.5    86.8   181.6   207.0   345.5   414.3   453.3   482.1   515.8   556.8   623.0   814.5  1615.5  8085.4  54158.5    54175

Total QPS = 49645.0 (74467456 / 1500.0s)

Total connections = 64
Misses = 0 (0.0%)
Skipped TXs = 0 (0.0%)

RX 18393460891 bytes :   11.7 MB/s
TX          0 bytes :    0.0 MB/s
Warning! Detected max cpu usage > 95%
CPU Usage Stats (avg/min/max): 99.96%,48.47%,100.00%