Wed May 25 19:58:22 UTC 2022
Random waveform, supplied seed
Total number of intervals = 150 (5031, 54838, 74868, 30015, 40743, 23648, 97712, 53672, 55395, 29425, 15173, 82475, 90555, 47944, 28313, 28504, 22886, 35717, 14828, 81704, 55771, 85226, 75020, 12441, 56208, 17446, 86943, 49138, 49839, 47752, 27181, 6170, 7187, 99387, 91970, 79658, 59230, 78081, 64242, 37702, 40686, 30376, 38416, 65892, 39560, 10016, 55224, 19982, 48114, 36283, 23315, 11150, 98724, 56880, 13467, 99368, 46206, 71651, 22741, 56654, 99570, 23047, 70008, 42943, 46704, 75970, 21917, 82027, 81583, 14259, 7821, 17727, 65559, 41133, 28693, 53141, 54512, 14835, 98446, 38117, 77994, 30209, 68315, 91940, 49308, 46880, 92540, 49396, 97841, 35404, 80451, 87228, 75554, 57964, 83546, 55468, 34203, 37629, 34577, 47426, 58845, 66993, 10977, 51529, 48344, 5902, 71602, 41886, 47456, 93939, 16890, 45689, 32790, 44044, 28149, 39739, 72475, 93882, 6692, 50406, 83055, 55609, 16968, 43031, 17236, 82183, 42212, 12244, 61777, 36984, 29093, 41715, 34838, 63574, 24401, 32025, 98971, 23657, 67877, 53849, 79536, 17081, 39024, 26125, 33388, 20979, 95865, 73949, 60987, 54175)
Average QPS expected = 49648
Timestamp start: 1653508704430
Timestamp end: 1653510204826

#type       avg     std     min      p5     p10     p50     p67     p75     p80     p85     p90     p95     p99    p999   p9999      QPS   target
read      415.9  1173.7   101.3   186.6   211.4   316.5   360.1   385.9   403.8   429.3   465.0   542.4  2221.9 23973.2 36858.5   4986.0     5031
read      485.0   508.1    86.8   171.0   195.7   352.8   460.2   542.0   622.8   751.1   962.1  1276.6  1848.3  4482.1 12831.8  54790.6    54838
read      394.6   442.0    86.8   164.2   187.2   330.4   405.3   450.7   485.0   529.2   594.5   748.2  1583.2  4286.1 16333.3  74739.5    74868
read      488.3   637.7    86.8   164.0   187.8   369.7   491.6   585.0   674.4   783.1   912.8  1080.0  1613.8  7306.1 30570.8  30081.6    30015
read      481.0   458.2    86.8   163.6   187.3   355.1   479.8   579.8   681.9   816.3   977.7  1179.3  1591.0  4032.7 12938.4  40825.4    40743
read      493.5   920.6    86.8   164.6   188.2   381.4   489.6   570.8   637.3   711.2   800.5   943.2  2023.5 11792.5 36444.5  23678.7    23648
read      394.7   538.1    80.4   168.8   193.5   338.4   408.0   449.5   480.6   520.9   578.4   680.4  1421.3  6088.8 29368.7  97691.4    97712
read      466.3   495.6    80.4   161.8   184.8   337.7   440.4   515.7   589.0   717.1   954.8  1275.8  1770.0  3817.9 15235.4  53858.6    53672
read      481.3   477.7    86.8   166.6   191.0   344.9   450.6   534.1   618.8   764.3  1001.8  1317.8  1840.0  3721.8 13314.6  55526.6    55395
read      498.0   741.6    86.8   163.9   188.0   375.5   501.2   595.3   678.8   774.9   894.7  1058.3  1711.4  8948.6 31569.3  29439.6    29425
read      499.2  1086.9    93.8   165.6   190.7   390.4   486.3   549.7   599.3   651.8   717.8   824.3  2705.2 16239.9 35526.5  15145.3    15173
read      426.9   593.9    86.8   170.0   194.4   342.5   417.9   463.3   499.6   547.6   625.2   838.9  1881.6  6806.6 30855.4  82492.5    82475
read      401.7   572.6    86.8   174.0   198.4   342.7   413.0   454.5   486.1   526.3   583.1   690.5  1464.4  7433.7 30135.3  90487.6    90555
read      479.8   472.7    86.8   168.5   192.7   355.9   465.3   547.2   628.4   758.2   961.0  1231.5  1731.9  4008.3 13221.9  47926.3    47944
read      477.4   569.6    86.8   164.1   188.0   375.2   498.4   589.0   669.6   764.9   881.4  1041.5  1441.3  5865.9 29074.5  28399.3    28313
read      495.1   721.1    86.8   165.2   189.0   381.1   504.8   596.6   675.6   766.0   882.7  1049.7  1704.9  7899.3 31673.0  28491.6    28504
read      474.0   601.8    86.8   163.8   187.1   386.1   498.9   584.4   653.0   726.9   815.3   947.9  1483.1  6597.9 31021.1  22845.1    22886
read      493.4   606.1    86.8   166.1   189.9   367.1   495.0   591.6   688.1   805.3   954.3  1153.4  1597.4  6615.3 30823.9  35701.2    35717
read      477.0   922.9    86.8   165.1   189.5   384.0   481.9   546.5   595.2   645.8   713.7   821.8  1665.7 11822.6 32268.1  14954.5    14828
read      433.5   612.9    86.8   171.3   195.8   346.1   421.3   465.7   501.4   547.4   621.6   815.8  1909.8  7028.1 30761.1  81618.6    81704
read      497.9   544.7    86.8   172.6   197.5   357.8   466.5   553.5   641.5   785.3  1004.3  1308.2  1872.7  5932.9 17623.5  55816.2    55771
read      435.5   579.0    86.8   174.6   199.5   350.1   424.4   468.6   504.5   551.3   629.3   866.8  1865.9  6061.8 30511.6  85159.8    85226
read      407.2   470.3    86.8   169.6   192.7   338.2   415.5   461.1   496.2   540.5   608.8   756.7  1686.6  5757.2 13763.0  75141.4    75020
read      462.9  1002.8    93.8   167.9   192.3   373.1   453.8   500.4   537.7   585.5   642.9   735.9  1999.3 15249.0 33880.0  12394.6    12441
read      491.7   521.8    80.4   173.0   197.7   356.9   466.6   552.1   636.0   771.6   981.0  1293.9  1895.3  4027.3 18578.3  56284.0    56208
read      476.7   924.6    93.8   164.4   187.9   382.1   479.9   546.8   602.4   661.4   731.7   843.4  1688.9 11628.6 32373.0  17453.4    17446
read      411.8   548.3    86.8   170.4   194.3   338.4   410.4   453.5   486.4   529.5   592.2   736.5  1801.0  6278.5 30234.3  86939.1    86943
read      484.6   474.7    86.8   172.9   197.6   359.9   470.6   553.9   639.1   769.7   957.8  1224.1  1747.9  4344.3 13164.7  49109.7    49138
read      479.2   438.2    86.8   170.6   195.0   351.8   463.3   547.8   631.6   765.8   970.4  1247.7  1733.1  3655.9 10098.7  49859.3    49839
read      481.0   464.9    86.8   168.2   191.8   348.4   462.9   548.7   641.5   791.2   997.7  1253.2  1718.9  3900.0 12640.1  47747.1    47752
read      486.0   656.6    93.8   167.9   192.0   382.4   499.5   586.8   664.5   751.0   861.6  1011.4  1509.5  7717.9 31380.1  27146.9    27181
read      448.4  1294.7   101.3   181.1   207.1   334.1   387.0   416.5   437.5   465.1   502.5   582.0  2876.8 29565.0 32472.0   6171.2     6170
read      449.7  1203.7    93.8   180.6   206.5   347.0   405.9   438.2   463.9   494.4   536.3   623.4  2569.5 22814.3 35462.1   7163.3     7187
read      383.2   477.4    80.4   171.5   195.6   334.3   401.1   440.9   471.0   509.1   564.7   667.4  1105.9  5409.5 18808.0  99361.8    99387
read      376.7   367.2    86.8   170.2   193.7   334.4   403.0   443.6   473.1   510.9   565.0   656.5  1016.2  4306.1 12747.1  91877.7    91970
read      423.3   629.1    86.8   167.2   190.9   338.7   412.4   456.5   490.7   535.3   604.4   783.4  1961.6  7324.2 30869.5  79765.2    79658
read      478.3   530.6    86.8   171.1   195.6   348.6   449.6   527.1   603.0   723.3   933.2  1266.6  1846.3  5421.1 18882.2  59339.2    59230
read      420.9   608.9    86.8   167.5   191.2   339.6   416.6   462.1   497.4   543.1   614.6   783.9  1851.9  7477.7 30588.2  78233.7    78081
read      489.7   528.1    86.8   174.9   200.4   356.8   463.8   546.7   630.3   761.8   963.1  1272.3  1880.9  4471.5 15058.8  64144.6    64242
read      493.4   526.3    86.8   167.2   191.5   367.3   494.6   593.3   690.7   815.8   974.5  1178.8  1643.4  5169.0 20757.2  37681.1    37702
read      490.2   563.2    86.8   165.6   189.2   358.9   481.2   574.8   669.7   801.0   978.3  1205.0  1695.2  5158.1 29233.0  40745.0    40686
read      484.4   615.4    93.8   163.0   186.1   369.9   494.8   593.4   682.6   784.1   906.9  1071.2  1505.9  6524.0 31298.6  30262.0    30376
read      501.1   574.7    86.8   167.0   191.7   367.5   494.6   593.5   695.6   829.1   989.4  1202.4  1772.4  5596.4 30228.4  38399.6    38416
read      452.0   513.9    86.8   166.8   190.7   341.8   433.2   495.0   547.4   631.5   801.6  1188.9  1859.4  4149.0 13699.8  65930.0    65892
read      491.8   558.9    86.8   166.6   190.4   360.4   481.8   573.3   666.7   808.0   994.5  1221.9  1675.8  6074.4 28381.0  39550.8    39560
read      465.0  1051.4    93.8   172.2   198.9   370.2   447.7   491.1   523.0   563.0   618.1   707.4  2465.1 12755.6 32385.9   9986.1    10016
read      491.8   459.2    86.8   169.4   194.3   354.3   467.4   558.4   649.3   792.3  1009.9  1329.7  1868.4  3620.5 12333.9  55122.8    55224
read      472.0   718.0    93.8   163.8   187.2   388.1   496.1   573.8   636.0   701.3   778.4   903.2  1315.7  7834.4 31603.0  19971.5    19982
read      483.7   483.8    86.8   164.3   188.0   347.0   463.6   553.6   646.7   792.7  1005.3  1284.7  1761.0  3997.2 14497.4  48069.1    48114
read      483.7   513.2    86.8   162.2   185.5   358.3   482.8   579.8   678.1   809.3   968.3  1165.4  1606.3  5327.1 15000.3  36290.0    36283
read      468.2   631.7    86.8   162.5   185.4   376.3   489.3   574.8   644.6   725.8   816.0   960.2  1336.6  6648.4 31183.2  23368.1    23315
read      493.2  1215.6    93.8   167.1   192.7   371.9   454.9   502.4   538.2   583.2   641.4   742.9  3358.0 15847.2 35837.1  11205.3    11150
read      405.5   422.5    86.8   176.9   202.8   349.8   421.3   463.8   497.3   540.3   602.8   727.9  1568.4  4875.1 13701.6  98692.8    98724
read      406.5   350.4    86.8   173.5   197.3   346.9   430.0   478.9   516.0   562.6   631.0   782.3  1412.0  3628.5 10645.5  56995.0    56880
read      495.9  1019.2    86.8   167.2   191.6   389.4   483.0   546.2   599.0   658.9   734.1   856.1  2199.5 13552.5 34826.6  13460.6    13467
read      439.0   533.0    86.8   181.8   209.7   370.6   449.3   497.5   535.9   586.3   660.5   803.6  1711.6  6515.2 26966.1  99333.6    99368
read      475.5   452.3    86.8   164.7   187.9   346.9   456.9   533.6   606.9   736.1   977.0  1297.8  1814.3  3664.9 12135.0  46264.7    46206
read      422.2   518.4    86.8   165.2   188.8   340.3   419.2   466.4   503.4   552.8   634.9   874.2  1869.9  5476.9 20403.7  71545.9    71651
read      492.7   709.8    93.8   165.4   189.0   390.8   506.2   592.1   660.8   740.1   838.8   982.9  1708.5  9238.7 31217.2  22817.4    22741
read      493.5   529.8    86.8   169.4   193.8   350.8   463.0   551.1   639.1   782.8  1006.5  1347.2  1898.6  4577.4 16570.0  56618.3    56654
read      398.6   455.2    86.8   173.8   198.9   345.7   417.0   459.1   491.7   533.4   592.6   711.3  1353.5  5003.1 16565.1  99546.9    99570
read      489.4   778.1    86.8   160.5   182.9   377.8   489.8   575.5   655.6   746.7   855.4  1002.1  1616.8 10336.2 31585.1  23033.2    23047
read      426.6   499.3    86.8   165.9   189.7   345.3   427.1   475.2   512.7   562.7   638.0   849.1  1870.7  5696.0 16213.6  70094.0    70008
read      484.3   523.0    86.8   162.0   184.8   345.5   463.0   547.5   640.2   799.9  1022.6  1273.0  1749.3  4477.3 17030.4  42832.0    42943
read      482.6   485.1    86.8   165.4   188.7   343.9   458.8   543.4   632.2   783.0  1006.0  1305.0  1814.4  4036.0 12273.3  46686.5    46704
read      417.4   514.6    86.8   167.3   191.1   343.5   422.2   468.0   504.4   551.5   626.9   799.0  1793.4  4863.0 26859.5  75953.5    75970
read      491.6   863.5    86.8   159.1   180.8   370.7   481.8   569.6   655.6   745.1   848.4   990.7  1557.3 11605.6 32009.2  21971.4    21917
read      434.0   603.5    86.8   167.4   191.9   345.2   421.9   467.6   504.4   553.3   632.7   866.7  1911.5  7762.8 30733.9  82083.9    82027
read      447.2   695.5    86.8   168.6   193.6   350.2   429.1   475.7   513.1   564.5   643.1   887.8  1949.0  8357.0 31394.4  81524.1    81583
read      485.8  1113.6    86.8   161.7   186.0   374.3   466.6   525.7   571.4   623.4   686.3   791.2  3134.3 13506.5 36022.8  14213.8    14259
read      441.4  1099.7   101.3   172.3   197.8   346.0   410.8   447.1   472.4   504.5   549.8   639.9  1946.3 14716.8 32289.7   7868.0     7821
read      487.7   867.5    86.8   163.5   186.7   380.4   487.2   566.8   631.3   701.9   786.2   919.0  1629.3 11212.6 31990.8  17727.9    17727
read      434.2   573.7    80.4   164.1   187.5   338.6   422.4   473.7   516.2   577.2   681.5  1008.5  1844.6  6769.9 30012.8  65595.8    65559
read      459.2   507.1    86.8   160.7   182.6   342.3   448.8   517.2   581.4   690.9   904.1  1185.1  1686.7  4378.6 17150.0  41073.7    41133
read      480.5   533.9    86.8   162.3   184.9   370.1   492.7   585.7   676.7   790.0   924.7  1089.7  1460.6  6156.5 15842.8  28709.3    28693
read      495.6   532.5    86.8   168.7   193.3   354.7   467.9   555.5   641.0   788.5  1016.8  1334.9  1863.0  5003.6 18567.7  53207.4    53141
read      484.1   463.0    86.8   166.7   190.8   348.4   457.1   540.2   623.7   757.3   996.4  1336.1  1894.6  3510.9 13080.9  54603.5    54512
read      473.4   991.4    86.8   160.6   183.4   373.8   467.3   527.7   577.3   633.6   702.9   803.7  1954.1 12324.4 35390.6  14870.9    14835
read      391.6   522.2    86.8   170.1   194.4   334.4   401.4   441.8   472.2   511.5   568.0   672.7  1522.0  6012.9 27208.2  98291.2    98446
read      474.9   565.4    86.8   158.7   180.8   346.6   462.4   543.4   629.3   769.9   959.3  1188.4  1636.0  5941.5 23510.3  38223.6    38117
read      429.0   568.9    80.4   165.3   189.2   340.7   417.2   462.9   499.4   547.5   628.4   872.5  1943.6  5847.2 29552.9  78039.4    77994
read      500.6   787.0    86.8   162.2   185.2   365.6   486.7   577.2   672.0   790.3   926.4  1102.0  1762.1  9785.3 31769.8  30163.0    30209
read      454.7   493.3    86.8   169.8   194.0   348.2   439.7   501.8   556.5   637.3   786.6  1125.7  1859.8  5215.5 15830.8  68281.7    68315
read      408.9   569.4    80.4   171.0   195.7   342.6   414.4   456.7   489.1   530.9   591.0   712.8  1691.7  7498.6 30245.1  91898.0    91940
read      476.9   513.2    80.4   164.9   188.5   346.5   454.6   533.5   609.6   736.9   963.8  1272.6  1799.6  4739.1 14559.4  49265.4    49308
read      446.0   432.2    80.4   166.5   190.1   349.2   444.4   504.8   554.6   630.5   780.3  1132.7  1655.8  4568.1 11020.6  46833.4    46880
read      352.7   195.7    80.4   175.5   199.0   326.6   387.2   422.9   449.9   483.2   528.6   604.5   804.9  1499.0  7433.2  92508.5    92540
read      380.9   268.5    86.8   167.9   191.0   348.9   428.7   471.1   502.6   539.9   589.7   677.5   901.6  2242.5  9876.9  49437.6    49396
read      351.4   218.4    80.4   174.0   196.9   324.6   385.2   420.5   447.1   479.5   524.9   599.9   793.1  1726.7  9964.8  97932.9    97841
read      382.7   280.0    80.4   167.6   190.9   352.3   435.3   478.8   509.3   544.3   590.8   667.9   864.4  2565.0  8898.3  35310.5    35404
read      360.9   218.9    80.4   169.0   192.0   329.9   399.0   439.2   469.0   505.7   554.1   637.1   850.1  1823.9  7990.5  80397.1    80451
read      359.5   223.5    86.8   169.7   192.9   329.9   396.7   435.2   464.7   500.8   548.4   632.2   849.6  1629.2  8569.9  87167.1    87228
read      366.8   245.0    86.8   168.8   192.4   335.3   407.2   448.4   478.4   515.0   564.5   648.5   858.2  1902.5  7893.2  75606.5    75554
read      374.6   275.2    80.4   166.9   190.0   343.2   420.7   463.0   494.2   531.6   581.7   665.0   875.3  1989.4  9182.5  57980.9    57964
read      360.3   215.3    86.8   167.7   190.7   329.7   399.0   439.1   468.5   504.8   552.9   637.0   856.1  1803.5  6755.3  83584.7    83546
read      415.0   521.2    86.8   165.0   188.2   338.7   421.3   470.3   509.1   563.2   649.9   877.6  1596.9  4186.5 30857.4  55442.6    55468
read      485.0   630.6    80.4   165.4   188.7   365.6   487.6   572.8   652.6   768.0   913.3  1105.4  1568.0  6706.2 30865.7  34225.1    34203
read      484.3   624.0    86.8   164.7   188.1   358.0   475.5   562.5   645.8   765.9   921.1  1138.2  1814.7  5641.0 31205.9  37549.3    37629
read      484.0   579.7    93.8   167.3   190.8   368.1   491.2   575.6   655.2   769.7   922.7  1118.0  1571.8  5508.4 30231.4  34598.6    34577
read      505.0   774.9    86.8   166.4   189.9   353.4   463.7   547.5   632.0   766.4   973.6  1271.5  2470.6  6259.7 32020.8  47356.6    47426
read      506.8   789.1    86.8   172.1   197.1   355.9   458.8   538.2   616.5   742.2   951.4  1294.4  2354.0  6965.9 32085.4  58858.5    58845
read      517.1   827.0    80.4   175.5   200.6   355.0   453.0   530.1   608.4   745.8   983.2  1374.8  2685.2  7344.2 32149.1  67000.7    66993
read      450.0   948.6    93.8   173.6   200.0   367.8   438.5   482.4   515.2   559.3   617.1   704.1  1614.7 14157.0 32464.3  10969.6    10977
read      501.7   696.5    80.4   169.7   193.7   355.9   464.8   548.3   630.8   759.0   965.0  1292.7  2026.3  6323.6 31536.6  51517.0    51529
read      505.3   694.9    86.8   170.9   195.6   361.9   473.4   560.2   642.9   770.7   966.3  1267.5  2034.6  5942.4 31405.1  48193.8    48344
read      461.5  1415.2   101.3   188.1   216.7   338.5   388.0   417.0   438.5   465.5   502.7   580.6  3217.5 30560.4 39595.2   5894.1     5902
read      574.6   990.1    86.8   190.1   218.9   383.3   480.8   557.2   633.5   768.4  1038.1  1542.0  3414.4  8432.6 32483.4  71442.6    71602
read      514.2   710.9    93.8   177.8   202.7   374.0   492.3   579.6   661.9   784.4   963.8  1226.8  2212.5  6264.7 31578.8  41924.2    41886
read      507.1   692.6    86.8   177.7   202.8   366.9   477.8   560.2   637.7   754.7   940.3  1244.9  2355.5  5769.0 31494.6  47481.0    47456
read      502.6   943.5    93.8   201.8   230.8   386.6   460.9   506.7   544.4   593.2   670.0   850.7  3261.1  9455.9 32498.6  93978.4    93939
read      431.9   528.3    80.4   175.3   199.4   388.1   465.0   507.9   545.4   594.4   664.1   771.0  1085.5  7660.4 29055.4  16850.0    16890
read      398.0   366.0    86.8   174.3   197.9   353.2   435.0   481.1   514.9   555.9   614.1   711.7  1018.6  4298.2 11541.8  45826.2    45689
read      392.9   271.5    93.8   176.4   200.3   358.7   443.1   488.4   519.6   555.1   605.3   687.3   940.2  2506.1  9557.6  32662.7    32790
read      407.1   417.8    80.4   173.3   197.4   353.6   438.3   486.7   522.2   566.3   629.8   762.2  1249.4  4166.0 12688.9  44083.2    44044
read      494.5   670.8    86.8   169.0   193.1   378.8   499.4   587.9   675.9   786.1   917.4  1084.5  1486.7 10464.7 30816.6  28099.4    28149
read      494.5   570.8    86.8   166.8   189.9   357.8   479.0   564.4   652.1   797.0  1003.4  1254.7  1782.3  5702.0 23974.2  39787.0    39739
read      400.8   461.4    86.8   164.2   187.0   330.3   406.2   452.4   487.1   531.5   598.2   762.9  1690.4  5309.3 14912.7  72501.7    72475
read      385.3   501.6    80.4   165.5   189.1   327.1   393.4   431.9   461.8   499.4   552.4   662.9  1593.3  5813.0 28338.4  93893.1    93882
read      438.5  1277.6    93.8   173.9   198.6   332.8   388.4   418.2   438.8   465.4   501.7   575.2  2666.9 28648.2 37427.1   6717.8     6692
read      480.8   618.5    80.4   160.3   183.0   338.8   449.4   532.6   615.6   752.3   974.1  1282.4  1806.3  6533.2 30358.1  50358.2    50406
read      425.0   727.5    80.4   163.2   186.8   333.4   405.3   449.2   482.9   527.4   594.7   794.9  1968.3  8208.1 31808.2  82906.0    83055
read      464.1   450.6    86.8   162.0   185.0   337.7   440.5   516.5   591.3   719.8   943.7  1274.7  1822.1  3396.1  9296.2  55524.7    55609
read      457.6   796.2    86.8   157.1   179.0   367.4   468.1   542.4   603.1   668.8   740.8   843.6  1344.4  9373.8 31951.0  16944.9    16968
read      469.1   496.8    80.4   162.7   186.1   350.0   465.5   545.6   626.1   745.9   931.8  1173.2  1593.7  5016.1 14301.4  43105.8    43031
read      458.5   812.8    86.8   158.0   180.5   370.2   469.1   536.9   593.7   656.3   730.1   843.4  1450.9  9365.7 32149.4  17245.2    17236
read      436.8   770.7    80.4   165.3   189.5   337.6   409.9   454.5   488.7   534.0   607.2   818.3  2008.4  8733.7 31880.7  82191.4    82183
read      415.5   390.2    86.8   168.9   193.3   349.0   437.4   490.5   529.6   578.6   655.7   854.0  1389.4  4533.4 11026.1  42207.4    42212
read      367.3   333.6    86.8   173.4   197.2   359.1   405.5   430.6   449.3   470.1   501.0   556.3   737.9  4870.3 13730.0  12272.4    12244
read      373.6   289.7    86.8   165.6   188.6   337.4   413.3   456.0   487.2   524.6   575.2   662.8   924.5  3351.6  7792.4  61733.4    61777
read      379.4   267.5    80.4   165.6   189.1   348.3   429.5   473.4   504.4   540.9   587.6   665.1   864.4  2706.6  7910.7  36895.0    36984
read      388.3   284.7    86.8   168.0   191.5   355.9   446.0   489.6   518.9   551.8   596.7   673.1   896.1  2553.6 10677.8  29124.1    29093
read      388.4   278.1    86.8   173.8   197.8   352.8   434.4   479.9   511.8   549.1   600.3   687.4   930.8  2327.4 10732.7  41736.0    41715
read      380.3   262.4    80.4   165.9   188.9   348.1   428.7   471.1   501.6   536.6   583.8   668.7   921.6  2941.9  8998.9  34923.5    34838
read      397.2   386.8    93.8   175.5   199.3   345.5   422.6   467.1   501.8   542.6   599.6   710.8  1369.4  3623.2 15378.4  63639.5    63574
read      386.3   298.9    86.8   169.9   192.6   356.5   440.3   480.9   506.8   536.5   576.1   646.5   979.7  3711.4  9212.6  24397.1    24401
read      400.0   440.5    93.8   171.0   194.4   352.0   439.7   486.4   517.7   552.2   600.8   688.5  1095.3  5319.9 17836.0  32060.3    32025
read      376.5   332.5    86.8   183.3   208.0   339.5   401.2   438.6   467.1   502.5   549.6   637.9   949.9  3581.4 11259.6  98951.7    98971
read      390.6   504.9    93.8   164.0   185.5   350.7   432.7   473.5   502.1   536.1   581.6   659.7   984.9  5268.3 28037.4  23656.9    23657
read      389.4   411.7    86.8   164.9   187.6   342.1   423.6   469.2   503.0   544.5   601.8   695.8  1029.7  4235.6 13808.3  67769.9    67877
read      397.8   435.7    86.8   163.6   186.0   349.7   433.2   478.7   511.9   554.1   614.3   709.9  1149.3  4990.6 14800.5  53874.1    53849
read      386.9   354.0    86.8   169.1   193.0   341.7   417.7   462.2   495.7   537.4   594.0   691.6  1068.7  3463.4 13257.4  79752.8    79536
read      425.3   517.8    93.8   166.9   189.5   375.3   457.3   501.8   538.5   589.7   666.2   795.8  1156.0  5271.1 29311.7  17080.3    17081
read      482.1   445.9    93.8   168.2   191.5   360.7   482.0   573.1   668.3   805.8   981.4  1196.2  1566.9  3942.8 11773.2  38877.1    39024
read      482.5   441.5    86.8   166.9   190.7   381.7   507.4   605.1   689.1   783.2   899.2  1055.0  1460.9  4830.5 10592.6  26101.4    26125
read      489.0   533.9    86.8   162.6   185.0   357.3   481.5   577.9   686.4   845.6  1017.1  1213.4  1592.6  4354.9 26169.8  33490.2    33388
read      405.5   478.0    86.8   168.8   192.2   370.0   445.7   482.7   508.2   543.4   597.9   709.8  1048.2  5248.0 22563.5  21033.1    20979
read      349.0   195.8    80.4   171.4   194.9   322.9   382.6   417.1   442.9   474.9   520.6   597.4   821.7  1589.8  6383.9  95935.7    95865
read      357.3   198.8    80.4   167.3   191.2   330.3   397.7   435.7   464.4   499.2   545.0   624.8   825.5  1598.8  6748.6  73987.5    73949
read      361.7   235.6    80.4   165.9   189.5   334.7   407.1   447.8   476.4   510.3   553.7   625.5   806.3  1553.2  7922.4  61021.1    60987
read      364.9   236.7    80.4   166.6   190.3   340.0   412.8   453.8   483.3   517.4   560.9   630.5   802.3  1249.3  8744.3  54189.0    54175

Total QPS = 49649.7 (74474544 / 1500.0s)

Total connections = 64
Misses = 0 (0.0%)
Skipped TXs = 0 (0.0%)

RX 18395211627 bytes :   11.7 MB/s
TX          0 bytes :    0.0 MB/s
Warning! Detected max cpu usage > 95%
CPU Usage Stats (avg/min/max): 99.94%,47.96%,100.00%